,per_it_avg_total_length,per_it_avg_max_path_length,per_it_avg_fitness,per_it_best_fitness
0,59179.846804889174,6298.053335640379,59179.846804889174,56431.76537021617
1,57785.7698559897,4954.221820060634,57785.7698559897,56324.397403643634
2,58385.06063336697,5432.6810831425855,58385.06063336697,55190.58466352279
3,55472.09573525231,3941.4840505402653,55472.09573525231,55133.078140807505
4,57587.78064187517,5654.444618570442,57587.78064187517,55090.659079518606
5,56278.718684245905,4781.496378578258,56278.718684245905,54518.59480304363
6,57745.02198829071,6247.406130682323,57745.02198829071,53801.36204165317
7,56403.15259921987,4691.489147123264,56403.15259921987,53678.52858768537
8,56043.75134680985,5470.283890861369,56043.75134680985,52962.74252990361
9,55574.51381461782,5395.488013963854,55574.51381461782,52962.74252990361
10,55475.75350499046,4652.3806020679385,55475.75350499046,52629.28154880551
11,54127.607451705335,4628.0918017205995,54127.607451705335,52546.30523468413
12,53877.40902243297,4643.6051316362455,53877.40902243297,52246.18699602972
13,54474.340179712606,5462.870460173595,54474.340179712606,52034.86369866997
14,55400.5359907466,6402.8134302124345,55400.5359907466,51833.75409101828
15,55779.23876806521,6340.4263775152895,55779.23876806521,51833.75409101828
16,53368.84729462075,4764.310664276238,53368.84729462075,51628.02010785119
17,56424.95798309155,7305.705209403708,56424.95798309155,51105.0122022201
18,54762.98540690044,6117.233942506209,54762.98540690044,51105.0122022201
19,51734.00044163184,3776.554837897941,51734.00044163184,51096.25923847531
20,52603.88901556295,4624.767999498578,52603.88901556295,51096.25923847531
21,51706.067475601056,3792.3705540756064,51706.067475601056,51057.762679469095
22,54712.78271946538,5492.137807938352,54712.78271946538,51000.004118881145
23,53282.04934543096,5453.5266651604525,53282.04934543096,51000.004118881145
24,52675.26203095649,4702.5361232278765,52675.26203095649,51000.004118881145
25,52523.94415701802,4570.496263225968,52523.94415701802,50802.223362415345
26,53347.52915011634,5413.237942850852,53347.52915011634,50802.223362415345
27,56747.12013569845,7787.209603257454,56747.12013569845,50802.223362415345
28,51041.5728816287,3709.143654795959,51041.5728816287,50593.155823132765
29,53950.51355970175,6313.532097025096,53950.51355970175,50500.06938284208
30,54202.62552407925,6389.799384352236,54202.62552407925,49931.61648168859
31,54535.479150982144,6308.369307800961,54535.479150982144,49822.42818011682
32,52548.27976536268,5478.123114737426,52548.27976536268,49740.184787210055
33,51444.08899157514,4968.929747167564,51444.08899157514,49740.184787210055
34,53426.41428538421,6529.039023340024,53426.41428538421,49740.184787210055
35,55658.352644244886,7320.27457026157,55658.352644244886,49740.184787210055
36,51106.83338433424,4803.150265936898,51106.83338433424,49412.13574042571
37,53350.76847540985,6284.393617288401,53350.76847540985,49412.13574042571
38,52125.49339943235,5379.624226639227,52125.49339943235,49277.31706528861
39,50841.25516903425,4592.281978013527,50841.25516903425,49119.59314726069
40,52789.57054675421,6130.969797124639,52789.57054675421,49119.59314726069
41,51582.17042390772,4526.065286937778,51582.17042390772,49119.59314726069
42,52329.78328513528,5339.129849901079,52329.78328513528,49116.33440777767
43,50592.30365556179,4516.529028327212,50592.30365556179,49116.33440777767
44,50467.74959506637,4494.852357754362,50467.74959506637,48971.52405314886
45,50227.68023262454,4499.255910529088,50227.68023262454,48694.95735662577
46,50112.267192657906,4331.625306142266,50112.267192657906,48694.95735662577
47,50342.94164576807,4580.489938848824,50342.94164576807,48370.45647250499
48,51020.6567279305,5411.240785633394,51020.6567279305,48370.45647250499
49,50864.20190843426,5274.282764241043,50864.20190843426,48370.45647250499
50,51049.56094800432,5440.33577839859,51049.56094800432,48278.097173779104
51,52357.0353981658,6370.031481457216,52357.0353981658,48278.097173779104
52,50863.38812200244,5145.990303508162,50863.38812200244,48258.03394555589
53,53200.882196013816,6199.213667480099,53200.882196013816,48258.03394555589
54,48454.93325971479,3654.313586056335,48454.93325971479,48258.03394555589
55,50842.279303533025,5406.552635169709,50842.279303533025,48258.03394555589
56,48625.205466427986,3656.453626215354,48625.205466427986,48258.03394555589
57,49913.98300189966,4475.448336044499,49913.98300189966,48258.03394555589
58,49796.087740092684,4432.575132595885,49796.087740092684,47940.55685887422
59,48144.42805945802,3422.073934595245,48144.42805945802,47920.29505333375
60,51426.536597476836,5849.170620353025,51426.536597476836,47918.496910207956
61,52256.588611012165,6098.3715255578145,52256.588611012165,47918.496910207956
62,49334.0722053817,4183.273189136342,49334.0722053817,47918.496910207956
63,51594.20774781396,5186.675869309673,51594.20774781396,47918.496910207956
64,50139.93363714847,4405.511943366711,50139.93363714847,47918.496910207956
65,50519.14044250728,5272.6068105059685,50519.14044250728,47918.496910207956
66,50756.61729243085,5270.793789904887,50756.61729243085,47918.496910207956
67,50810.071425434944,5353.755882744679,50810.071425434944,47918.496910207956
68,49404.43125412956,4242.791196151581,49404.43125412956,47918.496910207956
69,51753.31887530807,6185.200371962984,51753.31887530807,47918.496910207956
70,49658.51067353721,4383.614090789535,49658.51067353721,47918.496910207956
71,52657.5590162348,6932.473015404726,52657.5590162348,47918.496910207956
72,49523.853886927005,4318.731194628998,49523.853886927005,47918.496910207956
73,52735.61876652021,6092.958649530452,52735.61876652021,47918.496910207956
74,48030.517859699015,3414.6845180084156,48030.517859699015,47620.21568670907
75,49222.947252402926,4515.197950864183,49222.947252402926,47620.21568670907
76,49334.85543992088,4465.323978107051,49334.85543992088,47620.21568670907
77,50356.52332902283,5223.451902152727,50356.52332902283,47620.21568670907
78,49863.717732787445,5013.849429974027,49863.717732787445,47620.21568670906
79,52017.69814918209,6053.299752180651,52017.69814918209,47620.21568670906
80,50222.16907579774,4302.8242232305365,50222.16907579774,47483.75011427333
81,49769.38485928853,5151.150153635269,49769.38485928853,47280.145433864054
82,48828.80996949726,4086.0158299957575,48828.80996949726,47087.850780176384
83,49935.63968016974,5379.780133340882,49935.63968016974,47087.850780176384
84,48616.70211240334,4350.00609427154,48616.70211240334,47087.850780176384
85,50633.57554396488,5382.2804902050575,50633.57554396488,47087.850780176384
86,49654.535239432895,5128.181099853585,49654.535239432895,47087.850780176384
87,51935.51626751236,5199.417676136036,51935.51626751236,47087.850780176384
88,49636.16844167792,5310.973327161252,49636.16844167792,47087.850780176384
89,49766.200162880385,5094.272738443897,49766.200162880385,47087.850780176384
90,51791.63067520415,6007.597347861345,51791.63067520415,46978.60866541264
91,48679.08664689547,4345.386412785051,48679.08664689547,46978.60866541264
92,50327.6276063013,5927.899680934169,50327.6276063013,46978.60866541264
93,48165.2863550822,4225.545726009304,48165.2863550822,46978.60866541264
94,48444.30773365903,4420.917738864848,48444.30773365903,46552.83846499716
95,47955.296315021274,4207.651637571252,47955.296315021274,46552.83846499716
96,48919.749208641755,5260.958501872878,48919.749208641755,46552.838464997156
97,49069.04272406756,5182.383640122955,49069.04272406756,46552.838464997156
98,53123.54691489115,6899.709220677903,53123.54691489115,46552.838464997156
99,51199.03805767252,6904.603819287465,51199.03805767252,46552.838464997156
100,49371.13685281148,5235.054714515094,49371.13685281148,46424.084528878106
101,47835.59154855589,4228.883691307369,47835.59154855589,46424.084528878106
102,51050.205366767594,6124.642744095416,51050.205366767594,46424.084528878106
103,46824.214148450585,3431.7683376285395,46824.214148450585,46424.084528878106
104,47841.63847188163,4347.727720840027,47841.63847188163,46424.084528878106
105,49327.12801454139,5469.18532552636,49327.12801454139,46424.084528878106
106,47985.758936492595,4341.239370886425,47985.758936492595,46424.084528878106
107,48914.756691586954,5004.051571877307,48914.756691586954,46234.17235141453
108,46506.70162004383,3400.526465140825,46506.70162004383,45676.961038044945
109,47076.03249498383,4091.089399430548,47076.03249498383,45541.53712483449
110,49045.67390817425,5955.124354468851,49045.67390817425,45480.00390132376
111,47306.31328135591,4186.929694488094,47306.31328135591,45480.003901323755
112,47810.10587361127,4951.596795845806,47810.10587361127,45480.003901323755
113,46855.25715406602,4210.098582257413,46855.25715406602,45480.003901323755
114,51485.16066177973,7551.033947264274,51485.16066177973,45480.003901323755
115,49450.92246401038,5215.9526907576455,49450.92246401038,45480.003901323755
116,49213.55160492684,5957.540342799296,49213.55160492684,45480.003901323755
117,47977.34474672018,5030.448455132226,47977.34474672018,45480.003901323755
118,47710.839653344345,4944.587937530361,47710.839653344345,45480.003901323755
119,47045.122651705824,4219.906692279548,47045.122651705824,45457.544448374
120,45814.36744492523,3353.1202437480542,45814.36744492523,45457.544448374
121,49261.93690457921,5929.6205591161515,49261.93690457921,45452.05449372341
122,49239.06240106055,6001.886369198348,49239.06240106055,45452.05449372341
123,47013.36861864985,4081.41845925042,47013.36861864985,45452.05449372341
124,47030.05093727082,4143.911303344057,47030.05093727082,45452.05449372341
125,46437.141306056044,3588.1080771748143,46437.141306056044,45450.68404053831
126,48957.64301935543,5829.421035621151,48957.64301935543,45450.68404053831
127,46178.420523386085,3328.1029688526737,46178.420523386085,45450.68404053831
128,48326.353543586076,5005.8598899298395,48326.353543586076,45450.68404053831
129,48959.01928080006,5880.490481379524,48959.01928080006,45450.68404053831
130,48027.90541536939,4910.843742371799,48027.90541536939,45450.68404053831
131,46218.073672124694,3293.8652040712223,46218.073672124694,45450.68404053831
132,48209.097245135155,5041.8181965135245,48209.097245135155,45450.68404053831
133,50262.745073298356,6059.084219390914,50262.745073298356,45450.68404053831
134,48761.1235640871,5101.316962111581,48761.1235640871,45450.68404053831
135,50318.24621575428,6977.749042057278,50318.24621575428,45450.68404053831
136,45839.70388489775,3261.0849927985305,45839.70388489775,45450.68404053831
137,49091.531764767926,5864.462090275387,49091.531764767926,45450.68404053831
138,45794.17920602122,3248.1151524762936,45794.17920602122,45450.68404053831
139,47070.222981094805,4204.242440623851,47070.222981094805,45450.68404053831
140,47043.118841885094,4178.0236971304,47043.118841885094,45450.68404053831
141,47822.82266177638,4157.5847199515965,47822.82266177638,45450.68404053831
142,49103.932022597364,5806.707150561748,49103.932022597364,45450.68404053831
143,51150.0409060831,6735.752315605074,51150.0409060831,45220.772597690884
144,49950.206770910154,5950.460253075396,49950.206770910154,45220.772597690884
145,45743.38422618214,3206.4310788119747,45743.38422618214,45220.772597690884
146,47804.609580920594,4713.394773497874,47804.609580920594,45220.772597690884
147,46658.956844129614,3997.198210137152,46658.956844129614,45220.772597690884
148,49137.57930992371,5882.479938796949,49137.57930992371,45220.772597690884
149,47836.53924137399,4848.559478395262,47836.53924137399,45220.772597690884
150,50029.83169062321,6559.6723371489625,50029.83169062321,45220.772597690884
151,48598.47568078149,5743.26702959668,48598.47568078149,45220.772597690884
152,45546.875274824866,3082.4485321405195,45546.875274824866,45220.772597690884
153,49942.37461312068,5933.217870049287,49942.37461312068,44921.73088593441
154,47642.01793283395,4853.81291081798,47642.01793283395,44921.73088593441
155,47482.2144513763,4895.766956124078,47482.2144513763,44921.73088593441
156,52192.46128161573,6872.521816563398,52192.46128161573,44921.73088593441
157,48552.84197768836,5627.996245070116,48552.84197768836,44921.73088593441
158,47793.7835605616,4959.576853130728,47793.7835605616,44921.73088593441
159,48514.9992564136,5788.641619184783,48514.9992564136,44623.26883025971
160,50583.44548716456,5743.020801627388,50583.44548716456,44623.26883025971
161,47100.410123187234,4813.763796591533,47100.410123187234,44522.70445916453
162,48267.08916086679,5898.456472927736,48267.08916086679,44522.70445916453
163,49278.56074891697,6847.757058913575,49278.56074891697,44522.70445916453
164,49792.117115065885,5805.806697966758,49792.117115065885,44522.70445916453
165,48364.25383098828,5823.146664282771,48364.25383098828,44436.196333198095
166,47739.94012772211,5684.45470470426,47739.94012772211,44357.04344022647
167,45996.519742615405,4186.223498289246,45996.519742615405,44274.8939409864
168,47837.0882468193,5868.54445890646,47837.0882468193,44274.8939409864
169,48170.04203210314,5839.431581985568,48170.04203210314,44274.8939409864
170,46986.37112556991,4977.9677438499875,46986.37112556991,44156.20681901006
171,45822.30735410393,4106.126040675307,45822.30735410393,44156.20681901006
172,47971.40491589463,5896.405050007124,47971.40491589463,44156.20681901006
173,45700.16478044118,4041.748335672017,45700.16478044118,44156.20681901006
174,46478.73011518133,4819.368041642498,46478.73011518133,44156.20681901006
175,46708.644379010686,5003.612226643132,46708.644379010686,44156.20681901006
176,45582.33130174554,3920.73552610764,45582.33130174554,44156.20681901006
177,46840.682764629055,4040.9447721687698,46840.682764629055,44156.20681901006
178,44552.58010303771,3046.1132349252794,44552.58010303771,44156.20681901006
179,45729.018502777486,4019.740796694435,45729.018502777486,44156.20681901006
180,44716.971146046606,3078.801181516144,44716.971146046606,44156.20681901006
181,46730.59868229995,4765.600527007124,46730.59868229995,44156.20681901006
182,46033.52520670807,4101.588826468736,46033.52520670807,44156.20681901006
183,44781.37268608035,3098.867313664074,44781.37268608035,44156.20681901006
184,46874.13682459084,4985.163058300431,46874.13682459084,44156.20681901006
185,45322.032944754734,3685.480742397804,45322.032944754734,44156.20681901006
186,46634.01610604929,4986.057375902799,46634.01610604929,44156.20681901006
187,48246.25419299653,5071.384155944241,48246.25419299653,44156.20681901006
188,45620.937638467425,3981.787220377131,45620.937638467425,44156.20681901006
189,49449.50657184398,6859.86476768773,49449.50657184398,44156.20681901006
190,45931.54145316603,3914.558015065418,45931.54145316603,44156.20681901006
191,48277.660969609504,5829.163694348858,48277.660969609504,44156.20681901006
192,47961.11046714802,5973.97265574394,47961.11046714802,44156.20681901006
193,45541.607583271485,4065.4636908189195,45541.607583271485,44156.20681901006
194,48088.521564955234,5559.231565885444,48088.521564955234,44156.20681901006
195,50110.94897549196,6778.306065410147,50110.94897549196,44156.20681901006
196,46832.73199020206,4949.298467645315,46832.73199020206,44156.20681901006
197,45802.6338826675,3843.385736358495,45802.6338826675,44156.20681901006
198,46001.213800893354,4045.4676678536052,46001.213800893354,44156.20681901006
199,46913.407048193694,3954.862876445966,46913.407048193694,44156.20681901006
200,48244.256820584436,5855.884333764161,48244.256820584436,44156.20681901006
201,46788.89840473633,4961.9885775784805,46788.89840473633,44156.20681901006
202,45901.08495082588,4142.401934806256,45901.08495082588,44156.20681901006
203,45965.44032860668,4016.56030448693,45965.44032860668,44156.20681901006
204,49249.73453324015,5987.931161867518,49249.73453324015,44156.20681901006
205,45639.672910399095,3986.2743902529282,45639.672910399095,44156.20681901006
206,47160.22558189365,4731.720279386623,47160.22558189365,44156.20681901006
207,46233.15703516269,4075.6579578152036,46233.15703516269,44156.20681901006
208,45691.949313495934,4026.062353582027,45691.949313495934,44156.20681901006
209,47945.64510301471,5864.376292459577,47945.64510301471,44156.20681901006
210,44791.51346578313,3299.3225422102705,44791.51346578313,44156.20681901006
211,45954.02814103027,4015.59707430853,45954.02814103027,44156.20681901006
212,44820.93548560316,3072.6183553241926,44820.93548560316,44156.20681901006
213,44650.938221820885,3011.3670227003195,44650.938221820885,43942.428866086404
214,44619.40363964924,3181.9289547766325,44619.40363964924,43942.428866086404
215,45714.490619706026,4126.861205158695,45714.490619706026,43942.428866086404
216,45410.07903114548,3937.873823116655,45410.07903114548,43942.428866086404
217,46930.6586220379,5119.171519383255,46930.6586220379,43942.428866086404
218,44622.24468186785,3305.3472251163994,44622.24468186785,43942.428866086404
219,46479.571771672214,4943.069096324824,46479.571771672214,43942.428866086404
220,47856.39759234721,5932.188996063194,47856.39759234721,43942.428866086404
221,45487.58169246487,3884.906391734533,45487.58169246487,43942.428866086404
222,45369.16359347564,3913.0065082827664,45369.16359347564,43942.428866086404
223,47995.40176671291,5040.079140435474,47995.40176671291,43942.428866086404
224,45351.07910436287,3922.523448754214,45351.07910436287,43942.428866086404
225,44638.03500796149,3270.9090778736245,44638.03500796149,43942.428866086404
226,48464.27193745691,5737.988513267528,48464.27193745691,43922.53289926587
227,47749.89203343923,4267.618478216425,47749.89203343923,43922.53289926587
228,45919.07638907322,4231.611739029886,45919.07638907322,43922.53289926587
229,47125.41791151081,4803.109314767715,47125.41791151081,43635.94166438373
230,49513.53831639844,6629.242618985265,49513.53831639844,43635.94166438373
231,47676.85097599457,5941.481811618665,47676.85097599457,43635.94166438373
232,45020.58684810171,3897.6496754645427,45020.58684810171,43596.088607278136
233,44097.27466208169,3076.24225443701,44097.27466208169,43596.088607278136
234,43718.65947239883,3003.2452497265795,43718.65947239883,43596.088607278136
235,46257.64416591725,4889.484469309084,46257.64416591725,43596.088607278136
236,45169.30279413688,3874.852633283016,45169.30279413688,43596.088607278136
237,45906.31251296981,4243.212063908695,45906.31251296981,43596.088607278136
238,45463.91769928805,4080.4772695257248,45463.91769928805,43596.088607278136
239,46126.73496524793,4799.073658040477,46126.73496524793,43596.088607278136
240,45379.06950611304,4042.6910905104114,45379.06950611304,43596.088607278136
241,44190.80634195956,3055.1504710974705,44190.80634195956,43596.088607278136
242,46466.78482133228,5068.4931368551115,46466.78482133228,43596.088607278136
243,48482.393659188376,6649.410574959763,48482.393659188376,43596.088607278136
244,47382.56160284391,5696.527793349544,47382.56160284391,43596.088607278136
245,48623.72329883012,5896.103366516676,48623.72329883012,43455.318287703536
246,48092.57508483395,6549.784292041053,48092.57508483395,43455.318287703536
247,45980.55589903974,4903.483691716129,45980.55589903974,43455.318287703536
248,44333.36924061294,3187.048947089842,44333.36924061294,43455.318287703536
249,45941.22284756453,3912.1797235831714,45941.22284756453,43455.318287703536
250,46095.64329159282,4862.193411865623,46095.64329159282,43455.318287703536
251,44972.77274414811,3984.596698218761,44972.77274414811,43381.94468774317
252,45054.204154322775,3931.5032345151994,45054.204154322775,43381.94468774317
253,47143.21416722723,5719.794143385103,47143.21416722723,43381.94468774317
254,45176.30925540972,3995.302097145445,45176.30925540972,43381.94468774317
255,44548.18913988191,3190.784874877352,44548.18913988191,43381.94468774317
256,46384.128089041034,5086.878538522616,46384.128089041034,43381.94468774317
257,45903.81046458779,4969.283535012942,45903.81046458779,43381.94468774317
258,44863.80729485143,4020.6030799110463,44863.80729485143,43381.94468774317
259,46147.63023235035,4792.887712621891,46147.63023235035,43381.94468774317
260,46094.93434346227,4711.7958449163925,46094.93434346227,43381.94468774317
261,44859.295398028924,4109.941189867544,44859.295398028924,43381.94468774317
262,49500.842250303984,6773.460412331927,49500.842250303984,43381.94468774317
263,45072.66448614416,3916.26845150769,45072.66448614416,43381.94468774317
264,45207.30776159308,4037.564669418305,45207.30776159308,43381.94468774317
265,46045.0996343237,4943.156500474433,46045.0996343237,43381.94468774317
266,44060.13152336233,3143.4675050337564,44060.13152336233,43381.94468774317
267,49426.57492943135,6797.8206499124935,49426.57492943135,43381.94468774317
268,48018.52363969386,6481.036250751575,48018.52363969386,43381.94468774317
269,49690.49793787429,6789.2744661477045,49690.49793787429,43381.94468774317
270,44583.935072253895,3861.5004827220873,44583.935072253895,43381.94468774317
271,46166.38847353893,4847.454243146062,46166.38847353893,43381.94468774317
272,45951.38654496428,4796.450718487484,45951.38654496428,43381.94468774317
273,46459.55296405748,5162.5682764652065,46459.55296405748,43381.94468774317
274,45081.76537517368,3885.645562731045,45081.76537517368,43381.94468774317
275,45117.62629212692,3979.404546585162,45117.62629212692,43381.94468774317
276,50221.29742878407,7736.302681581292,50221.29742878407,43381.94468774317
277,44739.55907125256,3945.8266657307577,44739.55907125256,43029.839552397316
278,46809.44364500667,4723.466365364476,46809.44364500667,43029.839552397316
279,44269.95584731107,3938.0114254069254,44269.95584731107,43029.839552397316
280,44866.35479643013,3982.9597317957205,44866.35479643013,43029.839552397316
281,44470.62662815202,3950.8629973556444,44470.62662815202,43029.839552397316
282,44547.16256289578,3869.7668576290234,44547.16256289578,42827.73812264377
283,43484.03579520009,3266.1141806373207,43484.03579520009,42827.73812264377
284,45777.206229772106,5037.890208662924,45777.206229772106,42827.73812264377
285,47580.48946320456,5912.249190554548,47580.48946320456,42827.73812264377
286,46715.40757597731,5714.425149684762,46715.40757597731,42827.73812264377
287,44614.63054332892,4058.358196323336,44614.63054332892,42827.738122643765
288,46628.98176729726,3911.8101858102973,46628.98176729726,42827.738122643765
289,43646.37722181447,3155.143696658268,43646.37722181447,42827.738122643765
290,45666.02313118471,5004.661231342206,45666.02313118471,42827.738122643765
291,45465.089682220765,4953.586300155646,45465.089682220765,42827.738122643765
292,43465.508491234636,3046.76742832555,43465.508491234636,42827.738122643765
293,46689.33785554605,5588.968058981487,46689.33785554605,42827.738122643765
294,44484.99333540745,3957.9170048895858,44484.99333540745,42827.738122643765
295,44254.957545514044,3971.027328384376,44254.957545514044,42827.738122643765
296,45568.56941050829,4721.47367762939,45568.56941050829,42827.738122643765
297,46755.831807078255,5717.65681460997,46755.831807078255,42827.738122643765
298,43642.97062859669,3257.5678072515025,43642.97062859669,42827.738122643765
299,44434.98151229789,3992.833489152433,44434.98151229789,42804.54730176848
300,44208.76811621668,3949.19469528281,44208.76811621668,42804.54730176848
301,46630.62951424187,5869.251839437629,46630.62951424187,42804.54730176848
302,44545.20504332291,3969.2551608733775,44545.20504332291,42804.54730176848
303,46589.20992650789,5757.658622745082,46589.20992650789,42804.54730176848
304,45800.663675148026,5026.047288525962,45800.663675148026,42804.54730176848
305,46370.990554163756,5704.11756072211,46370.990554163756,42804.54730176848
306,43246.3005158376,3168.3273051145716,43246.3005158376,42804.54730176848
307,44324.97457445346,3935.041465219326,44324.97457445346,42804.54730176848
308,46615.80702843958,5791.174117961767,46615.80702843958,42804.54730176848
309,45987.99991361198,5105.2493566373605,45987.99991361198,42804.54730176848
310,48820.75030059907,6729.16106834923,48820.75030059907,42804.54730176848
311,43142.79549169637,3001.668561650595,43142.79549169637,42804.54730176848
312,48780.73351481055,6656.299273175324,48780.73351481055,42804.54730176848
313,45682.201600647866,4915.067031043967,45682.201600647866,42804.54730176848
314,44107.408748623064,3938.7987365344634,44107.408748623064,42689.460412852924
315,44605.62825955976,4113.808201140397,44605.62825955976,42689.460412852924
316,44320.25918822944,3933.3142911636546,44320.25918822944,42689.460412852924
317,45090.781971485194,4803.713710367413,45090.781971485194,42689.460412852924
318,44049.47133302567,3848.38554151825,44049.47133302567,42689.460412852924
319,44453.68929071647,4019.7462445993615,44453.68929071647,42689.460412852924
320,44637.856163003584,3942.8759234751838,44637.856163003584,42689.460412852924
321,46471.086112779005,4907.803374456497,46471.086112779005,42689.460412852924
322,44555.13827485166,4162.837477170425,44555.13827485166,42689.460412852924
323,44854.55884141091,4250.901827654409,44854.55884141091,42689.460412852924
324,45767.45400603362,4028.4394112596374,45767.45400603362,42689.460412852924
325,44391.34257162771,3992.55128591346,44391.34257162771,42689.460412852924
326,46811.801771135964,4912.399943049461,46811.801771135964,42689.460412852924
327,46593.335031669776,5872.7684782333445,46593.335031669776,42689.460412852924
328,47968.82068824144,6616.528859505934,47968.82068824144,42689.460412852924
329,43928.36629390026,3906.3202276608536,43928.36629390026,42689.460412852924
330,45796.42172004526,4850.247991978659,45796.42172004526,42689.460412852924
331,43913.22355188625,3187.8843632383296,43913.22355188625,42689.460412852924
332,46256.23463784032,5715.843302933489,46256.23463784032,42689.460412852924
333,46767.05570611601,6078.631261764327,46767.05570611601,42689.460412852924
334,45109.877338439626,4038.5218928156514,45109.877338439626,42689.460412852924
335,44541.83811950106,4071.673041495388,44541.83811950106,42689.460412852924
336,45231.72206307067,4805.544521389516,45231.72206307067,42689.460412852924
337,46508.64531210418,5802.426003740348,46508.64531210418,42689.460412852924
338,43371.644891920725,3045.3486827663296,43371.644891920725,42689.460412852924
339,45467.06899188589,4782.280145777314,45467.06899188589,42689.460412852924
340,43107.79422351688,3059.502605910501,43107.79422351688,42689.460412852924
341,44532.320028406066,3823.8746452772793,44532.320028406066,42689.460412852924
342,48693.55433718568,6718.132915196884,48693.55433718568,42689.460412852924
343,46784.970039142834,5179.319421702412,46784.970039142834,42689.460412852924
344,45347.397035486014,4587.616670578085,45347.397035486014,42689.460412852924
345,46642.70378843788,4843.764910957859,46642.70378843788,42689.460412852924
346,44378.575116857464,4068.691629647007,44378.575116857464,42689.460412852924
347,43138.854077064316,3126.935609829327,43138.854077064316,42689.460412852924
348,47430.84635189359,5624.8887144084165,47430.84635189359,42689.460412852924
349,44322.6756715547,4114.765797771975,44322.6756715547,42689.460412852924
350,44180.95468036101,4047.205381754897,44180.95468036101,42689.460412852924
351,44406.129256731554,4024.0157098426234,44406.129256731554,42689.460412852924
352,48195.18787721718,6575.082595176415,48195.18787721718,42689.460412852924
353,46995.57964737865,5800.802255734072,46995.57964737865,42689.460412852924
354,47401.74468998629,6725.145708621642,47401.74468998629,42689.460412852924
355,45261.357249464694,4775.506762681607,45261.357249464694,42689.460412852924
356,44280.069239125885,3961.38524708155,44280.069239125885,42689.460412852924
357,46316.50463140123,4926.173443021105,46316.50463140123,42689.460412852924
358,47523.065181141515,6762.859721473826,47523.065181141515,42689.460412852924
359,43442.14736091904,3128.51412461862,43442.14736091904,42689.460412852924
360,46503.10367237374,4873.669883328859,46503.10367237374,42689.460412852924
361,44582.916008998334,4114.254577165292,44582.916008998334,42689.460412852924
362,45505.035221105085,5003.664492488481,45505.035221105085,42689.460412852924
363,43562.929283859514,3101.0515497811625,43562.929283859514,42689.460412852924
364,43128.08749062814,3092.033217626373,43128.08749062814,42689.460412852924
365,44536.890150533305,4234.197773821541,44536.890150533305,42689.460412852924
366,44401.952324942715,3984.060469070407,44401.952324942715,42689.460412852924
367,45278.730001517295,4854.9731042382255,45278.730001517295,42689.460412852924
368,43654.98303728998,3022.7663894679727,43654.98303728998,42689.460412852924
369,45214.60047636981,4812.879518765117,45214.60047636981,42689.460412852924
370,43353.198317581104,3020.0691005204653,43353.198317581104,42689.460412852924
371,43428.93026594922,3210.12863891433,43428.93026594922,42689.460412852924
372,44710.824793301625,3998.2550064887387,44710.824793301625,42689.460412852924
373,44299.552892966625,4052.235208503219,44299.552892966625,42689.460412852924
374,44552.55276202869,4301.941510344852,44552.55276202869,42689.460412852924
375,45377.3173197608,4025.97858165754,45377.3173197608,42689.460412852924
376,44285.4555118179,3949.6989280357543,44285.4555118179,42689.460412852924
377,47087.677496450386,5039.555415903079,47087.677496450386,42689.460412852924
378,43867.05369392251,3753.479766684729,43867.05369392251,42590.03193248914
379,47395.252044883535,6505.450641033591,47395.252044883535,42590.03193248914
380,48701.2055425585,5825.87472310908,48701.2055425585,42590.03193248914
381,45393.065921990594,5019.985373219443,45393.065921990594,42590.03193248914
382,47655.1274600232,5760.754809815081,47655.1274600232,42590.03193248914
383,45731.62627118318,4987.580966807882,45731.62627118318,42590.03193248914
384,45127.6185487302,3978.1430155783773,45127.6185487302,42590.03193248914
385,50126.180248815785,6821.609502413374,50126.180248815785,42590.03193248914
386,45416.25320269821,4961.63468695071,45416.25320269821,42590.03193248914
387,45720.15904118361,4795.885249006866,45720.15904118361,42590.03193248914
388,44557.67295060634,4057.073512933257,44557.67295060634,42590.03193248914
389,44557.4551759245,4183.0679450700445,44557.4551759245,42590.03193248914
390,44154.94279661281,3984.0770475627846,44154.94279661281,42590.03193248914
391,44416.42629727004,3983.6102490071294,44416.42629727004,42590.03193248914
392,48901.87682644157,7614.645792686397,48901.87682644157,42590.03193248914
393,46615.60195986066,5798.47068902158,46615.60195986066,42590.03193248914
394,46858.867408970524,5104.629067352065,46858.867408970524,42590.03193248914
395,46699.01604890308,5787.113028300254,46699.01604890308,42590.03193248914
396,44618.36489986433,4221.562851079475,44618.36489986433,42590.03193248914
397,47555.2951759548,6891.804643377414,47555.2951759548,42590.03193248914
398,44269.84608785993,4134.326287693274,44269.84608785993,42590.03193248914
399,45023.36935481217,4821.073491453208,45023.36935481217,42590.03193248914
400,46502.90473473307,5608.413097730924,46502.90473473307,42590.03193248914
401,46387.353332069455,5614.854751445818,46387.353332069455,42590.03193248914
402,45843.90391753286,4843.571491570707,45843.90391753286,42590.03193248914
403,47522.58640059929,5945.748519249743,47522.58640059929,42590.03193248914
404,45130.631778402036,4719.272025514776,45130.631778402036,42590.03193248914
405,44319.296767330874,3988.287378246495,44319.296767330874,42590.03193248914
406,45329.82828074762,4723.273618378944,45329.82828074762,42590.03193248914
407,43491.14995049487,3128.1017341332836,43491.14995049487,42590.03193248914
408,44117.56649219028,3951.001563992034,44117.56649219028,42590.03193248914
409,44230.30904351522,3947.5207415274135,44230.30904351522,42590.03193248914
410,43230.03201826209,2974.3694773915263,43230.03201826209,42590.03193248914
411,45352.38426500694,4934.193644864848,45352.38426500694,42590.03193248914
412,45111.53687976232,4967.041123848695,45111.53687976232,42590.03193248914
413,45220.684716999196,4878.386252210309,45220.684716999196,42590.03193248914
414,46210.324902196146,4911.126515987738,46210.324902196146,42590.03193248914
415,48733.567208916254,6702.7324894996245,48733.567208916254,42590.03193248914
416,46029.04387425817,5608.069422316012,46029.04387425817,42590.03193248914
417,48319.9316479634,6735.804995737637,48319.9316479634,42590.03193248914
418,45824.64664576205,5055.794435811249,45824.64664576205,42590.03193248914
419,46665.989326613846,5732.0114539222595,46665.989326613846,42590.03193248914
420,45585.32700124128,4998.296511654541,45585.32700124128,42590.03193248914
421,46029.16663932142,5713.207110670398,46029.16663932142,42486.737091553856
422,44189.58485877713,3897.4025550692254,44189.58485877713,42486.737091553856
423,42970.69921097172,3236.4709942075915,42970.69921097172,42486.737091553856
424,44362.13929158468,4142.752363820263,44362.13929158468,42486.737091553856
425,45379.588198442005,4997.303344326147,45379.588198442005,42486.737091553856
426,43438.33139382497,3318.5328380378915,43438.33139382497,42486.737091553856
427,43847.68758031839,3904.9242178669956,43847.68758031839,42291.435848455236
428,45955.74906259503,5750.9830904368355,45955.74906259503,42291.435848455236
429,44435.06660201326,4144.350073176408,44435.06660201326,42291.435848455236
430,42895.635382107845,2974.3694773915263,42895.635382107845,42291.435848455236
431,44038.41202046989,4060.612470060193,44038.41202046989,42291.435848455236
432,48250.91461661669,6840.63777762534,48250.91461661669,42030.31863184275
433,43851.80757116976,4058.010630241616,43851.80757116976,42030.31863184275
434,44654.17173703221,4687.012586619553,44654.17173703221,42030.31863184275
435,43901.26452993032,4081.719063033016,43901.26452993032,42030.31863184275
436,43739.360327962684,3929.883393050544,43739.360327962684,42030.31863184275
437,44810.85243088836,4963.881364922073,44810.85243088836,42030.31863184275
438,45878.8665073703,4839.999447297492,45878.8665073703,42030.31863184275
439,42447.01616397411,3108.4164226087946,42447.01616397411,42030.31863184275
440,44982.488047756284,4860.057507496674,44982.488047756284,42030.31863184275
441,46075.80971806958,5974.834527946217,46075.80971806958,42030.31863184275
442,45184.237779215546,4866.692071805414,45184.237779215546,42030.31863184275
443,47556.99678268596,6397.214885704544,47556.99678268596,42030.31863184275
444,44838.01024616961,3925.6978661305066,44838.01024616961,42030.31863184275
445,44601.82134302064,4793.90545163286,44601.82134302064,42030.31863184275
446,45212.460112763794,5022.665534714645,45212.460112763794,42030.31863184275
447,44071.315739909405,4044.618424769378,44071.315739909405,42030.31863184275
448,45172.83652835718,4843.66919195169,45172.83652835718,42030.31863184275
449,44598.04046819979,4831.155867553428,44598.04046819979,42030.31863184275
450,46933.39888942677,5803.998795457994,46933.39888942677,42030.31863184275
451,44765.405821987624,4904.174457993208,44765.405821987624,42030.31863184275
452,47339.90475366752,6072.540965948799,47339.90475366752,42030.31863184275
453,45206.85221854724,4126.934879601294,45206.85221854724,42030.31863184275
454,44790.24396798005,5045.055298816066,44790.24396798005,42030.31863184275
455,45959.16443733961,5129.478424098216,45959.16443733961,42030.31863184275
456,42597.201117960896,3005.0023528401844,42597.201117960896,42030.31863184275
457,43800.620480271,3930.1812509301294,43800.620480271,42030.31863184275
458,43543.07499883597,3929.9488048052435,43543.07499883597,41931.0147517088
459,44534.918285440326,4867.750873438856,44534.918285440326,41931.0147517088
460,47764.487350527415,6810.940162037822,47764.487350527415,41931.0147517088
461,48093.53914738255,5889.171942327722,48093.53914738255,41931.0147517088
462,44888.07311402245,4977.777536382674,44888.07311402245,41931.0147517088
463,44609.451519496026,4088.6760530424826,44609.451519496026,41931.0147517088
464,43688.66779995782,3917.309211663408,43688.66779995782,41931.0147517088
465,43588.3075097108,4163.294751305485,43588.3075097108,41931.0147517088
466,45024.728896123925,5048.28826529398,45024.728896123925,41931.0147517088
467,48093.01918412435,5790.008067708298,48093.01918412435,41931.0147517088
468,44666.78204616734,4785.995806026373,44666.78204616734,41931.0147517088
469,43517.0178180842,3895.216607546788,43517.0178180842,41931.0147517088
470,45761.46813979273,5595.006891168775,45761.46813979273,41931.0147517088
471,43729.96211249782,3937.7947945673927,43729.96211249782,41931.0147517088
472,44819.091991239125,4902.53008505067,44819.091991239125,41931.0147517088
473,44950.443539316904,4964.6154698431,44950.443539316904,41931.0147517088
474,45759.435965507575,4981.60289096578,45759.435965507575,41931.0147517088
475,42558.24276866766,2989.74316082823,42558.24276866766,41931.0147517088
476,49183.25133108541,8333.184470819759,49183.25133108541,41931.0147517088
477,42445.23462234371,3008.8578592810545,42445.23462234371,41931.0147517088
478,44667.35252532464,4112.086828185334,44667.35252532464,41931.0147517088
479,46784.97824870677,4938.12037024637,46784.97824870677,41931.0147517088
480,45715.51090282478,4936.727559482823,45715.51090282478,41931.0147517088
481,44293.978931893886,4800.71639410158,44293.978931893886,41931.0147517088
482,45504.82178605548,4755.589282118595,45504.82178605548,41931.0147517088
483,43736.83296008206,3953.593805132993,43736.83296008206,41931.0147517088
484,45237.182737469404,4954.417005329912,45237.182737469404,41931.0147517088
485,42837.14239131713,3154.7601957412567,42837.14239131713,41931.0147517088
486,43162.510117431986,3823.8746452772793,43162.510117431986,41931.0147517088
487,45917.69794284248,5935.285383481295,45917.69794284248,41931.0147517088
488,44901.46898368302,4885.675803631313,44901.46898368302,41931.0147517088
489,42444.29724911931,3167.0110750913723,42444.29724911931,41931.0147517088
490,44734.23474110829,4919.008309386224,44734.23474110829,41931.0147517088
491,43351.88832979097,3823.8746452772793,43351.88832979097,41931.0147517088
492,44686.33504095895,4865.435183573475,44686.33504095895,41931.0147517088
493,44109.51813735331,4370.07035246803,44109.51813735331,41931.0147517088
494,42457.490118869726,3031.693968266675,42457.490118869726,41931.0147517088
495,49022.221639156334,7455.367607703229,49022.221639156334,41931.0147517088
496,43526.05773665362,4018.593880022187,43526.05773665362,41931.0147517088
497,44834.428255191255,3956.6003264789992,44834.428255191255,41931.0147517088
498,45746.95910596378,5833.372280525189,45746.95910596378,41931.0147517088
499,44886.31690671122,4973.8716782438305,44886.31690671122,41931.0147517088
500,43572.5947540931,3966.4978215429132,43572.5947540931,41931.0147517088
501,44763.36394798906,4984.561457117014,44763.36394798906,41931.0147517088
502,44763.04870219599,5002.983420909426,44763.04870219599,41931.0147517088
503,42468.51825652056,3179.4346313783644,42468.51825652056,41931.0147517088
504,43537.72962350935,3965.2294833841493,43537.72962350935,41931.0147517088
505,43400.03548048252,3909.166321486223,43400.03548048252,41931.0147517088
506,43335.56578499486,3933.0710472305364,43335.56578499486,41931.0147517088
507,47118.705868562705,6725.288144867016,47118.705868562705,41931.0147517088
508,44510.10846259889,4025.1899355062787,44510.10846259889,41931.0147517088
509,43851.802844013546,4054.1406545473874,43851.802844013546,41931.0147517088
510,43484.2513325038,4053.403872673966,43484.2513325038,41931.0147517088
511,42475.94554989909,2974.3694773915263,42475.94554989909,41931.0147517088
512,42493.35373933839,3084.7159652142627,42493.35373933839,41931.0147517088
513,47106.30895210606,6033.838115624187,47106.30895210606,41931.0147517088
514,44222.1402874452,4651.604636086029,44222.1402874452,41931.0147517088
515,43544.53371315881,3918.5676528742233,43544.53371315881,41931.0147517088
516,46166.77173197346,5834.927578991821,46166.77173197346,41931.0147517088
517,43805.894847584066,4049.493833348801,43805.894847584066,41931.0147517088
518,46705.18719565994,6388.367596468723,46705.18719565994,41931.0147517088
519,46040.249438941966,4952.463827842762,46040.249438941966,41931.0147517088
520,46274.286303965506,6007.324972785254,46274.286303965506,41931.0147517088
521,43640.74077217678,4041.9826203156554,43640.74077217678,41931.0147517088
522,46582.51006833371,6586.840898617328,46582.51006833371,41931.0147517088
523,44591.136648828906,4741.334200239997,44591.136648828906,41931.0147517088
524,43645.731837169726,3968.636914581827,43645.731837169726,41931.0147517088
525,43283.00327410868,3869.282028714703,43283.00327410868,41931.0147517088
526,47117.79496785025,6778.711953684833,47117.79496785025,41931.0147517088
527,44797.562792761324,4801.039109152882,44797.562792761324,41931.0147517088
528,46842.89345785939,5656.405441218723,46842.89345785939,41931.0147517088
529,44464.999298392584,4750.6905992714455,44464.999298392584,41931.0147517088
530,44826.93750574344,4964.35419820113,44826.93750574344,41931.0147517088
531,45736.10427663232,5756.062560914528,45736.10427663232,41931.0147517088
532,43399.954279510996,3842.4519104086894,43399.954279510996,41931.0147517088
533,43716.35412400773,3907.96982207495,43716.35412400773,41931.0147517088
534,42543.02776607152,3244.1904761752844,42543.02776607152,41931.0147517088
535,43873.91837126739,4091.4284765057737,43873.91837126739,41931.0147517088
536,45687.73491575704,5748.28685372252,45687.73491575704,41931.0147517088
537,43811.12862072901,3987.98230180293,43811.12862072901,41931.0147517088
538,42643.64928763038,3335.6284311407812,42643.64928763038,41931.0147517088
539,45419.337322918895,5608.794660010474,45419.337322918895,41931.0147517088
540,43353.82174060372,3868.939425777833,43353.82174060372,41931.0147517088
541,43427.12245856858,3887.0829719246512,43427.12245856858,41931.0147517088
542,44421.13047684894,4093.3433629734486,44421.13047684894,41931.0147517088
543,43553.95550358504,3957.3151230905446,43553.95550358504,41931.0147517088
544,46947.845476762006,4944.787024146356,46947.845476762006,41931.0147517088
545,44923.654576621135,4947.65932637981,44923.654576621135,41931.0147517088
546,46115.7065382132,4938.935312978797,46115.7065382132,41931.0147517088
547,45374.221592141366,4790.129957199335,45374.221592141366,41931.0147517088
548,45789.63564991513,5866.862029677624,45789.63564991513,41931.0147517088
549,42612.99660808444,3241.589211700003,42612.99660808444,41931.0147517088
550,43807.21995713563,4061.0275424509296,43807.21995713563,41931.0147517088
551,42572.769098497854,3087.893826750139,42572.769098497854,41931.0147517088
552,44643.37746888341,4908.123740984261,44643.37746888341,41931.0147517088
553,44726.99801386667,4896.5014152440635,44726.99801386667,41931.0147517088
554,45002.65860098245,4837.241812691948,45002.65860098245,41931.0147517088
555,45373.8046419811,4812.166665514666,45373.8046419811,41931.0147517088
556,45932.35352876554,5858.102279621908,45932.35352876554,41931.0147517088
557,43751.75593658043,3830.495920171076,43751.75593658043,41931.0147517088
558,42097.55227460111,2978.0825705224356,42097.55227460111,41931.0147517088
559,44747.13540811498,4791.375977912546,44747.13540811498,41931.0147517088
560,44116.718870240366,4228.5307029130745,44116.718870240366,41931.0147517088
561,44407.50285312777,4901.819120372944,44407.50285312777,41931.0147517088
562,44613.181908284474,4789.375314373919,44613.181908284474,41931.0147517088
563,44753.816478175795,5006.828092179867,44753.816478175795,41931.0147517088
564,43734.76046784943,3910.6486366308854,43734.76046784943,41931.0147517088
565,44689.531984587564,4970.115620041205,44689.531984587564,41931.0147517088
566,44563.141901212526,5002.055763887613,44563.141901212526,41931.0147517088
567,44523.97667442253,4773.82035113898,44523.97667442253,41931.0147517088
568,44612.461944145565,4769.145857651728,44612.461944145565,41931.0147517088
569,43761.19960760043,4042.577897915424,43761.19960760043,41931.0147517088
570,46058.25939050056,5756.312787666529,46058.25939050056,41931.0147517088
571,44672.99994721044,4943.464431580245,44672.99994721044,41931.0147517088
572,43916.73103029474,3959.586888145905,43916.73103029474,41931.0147517088
573,43649.13371639885,3997.6119351171938,43649.13371639885,41931.0147517088
574,47000.21102288865,6682.438329653383,47000.21102288865,41931.0147517088
575,43451.994998960115,3985.4078294696774,43451.994998960115,41901.401943956116
576,44639.652900576526,4961.381128552643,44639.652900576526,41901.401943956116
577,44574.88930965678,4860.730059386492,44574.88930965678,41901.401943956116
578,42656.330863957744,3191.3856994236867,42656.330863957744,41901.401943956116
579,43645.99338813689,4079.522740543529,43645.99338813689,41901.401943956116
580,44525.06603199635,4733.324135904067,44525.06603199635,41901.401943956116
581,44690.74656427854,4684.435487745637,44690.74656427854,41901.401943956116
582,44860.647786704954,4865.256053855024,44860.647786704954,41901.401943956116
583,45526.1506108991,5708.261554796943,45526.1506108991,41901.401943956116
584,46605.141853593195,5816.1979640700465,46605.141853593195,41901.401943956116
585,43729.06837393374,4063.9239205182794,43729.06837393374,41901.401943956116
586,44476.01495610802,4051.050228348181,44476.01495610802,41901.401943956116
587,43826.70021349882,4022.3732797333564,43826.70021349882,41901.401943956116
588,42680.171603141236,3032.121116612074,42680.171603141236,41901.401943956116
589,44516.78358244199,4969.031613104921,44516.78358244199,41821.872063009774
590,44190.72033395585,4845.254062091923,44190.72033395585,41821.872063009774
591,42507.10340459323,3032.3721054079256,42507.10340459323,41821.872063009774
592,44513.8531505213,4904.40995555078,44513.8531505213,41821.872063009774
593,44786.492463198876,4969.987232500383,44786.492463198876,41821.872063009774
594,43577.01168126818,3986.780031645599,43577.01168126818,41821.872063009774
595,44365.1923934328,4904.583879356404,44365.1923934328,41821.872063009774
596,43247.56177684113,3934.5970779411355,43247.56177684113,41821.872063009774
597,44671.25915200346,4831.186276459196,44671.25915200346,41821.872063009774
598,44477.45538945808,4807.044403136084,44477.45538945808,41821.872063009774
599,45733.78377215455,4875.699510537365,45733.78377215455,41821.872063009774
600,43524.01185384182,3933.8280163642985,43524.01185384182,41821.872063009774
601,42379.52105973764,2997.531694500579,42379.52105973764,41821.872063009774
602,43349.80752729991,4023.4435501389207,43349.80752729991,41821.872063009774
603,43168.87869715702,3234.514908789767,43168.87869715702,41821.872063009774
604,43488.92989819748,3905.2343315652624,43488.92989819748,41821.872063009774
605,43493.90392351838,4036.857624520634,43493.90392351838,41821.872063009774
606,43608.40574750338,4096.823109456623,43608.40574750338,41821.872063009774
607,43677.72009801469,4144.238541730563,43677.72009801469,41821.872063009774
608,45119.69411902336,4829.3580586535945,45119.69411902336,41821.872063009774
609,44626.67746116528,4961.988457207257,44626.67746116528,41821.872063009774
610,42397.9367302719,3049.3303970981387,42397.9367302719,41818.95122506166
611,43047.75513257507,3912.715236036232,43047.75513257507,41818.95122506166
612,46551.164524993954,6615.03165990923,46551.164524993954,41818.95122506166
613,45990.180552939055,5870.1840716011475,45990.180552939055,41818.95122506166
614,43272.982999903346,3892.167027769331,43272.982999903346,41818.95122506166
615,47515.32228260598,7436.101741835488,47515.32228260598,41818.95122506166
616,42456.82811407669,3077.5003705620948,42456.82811407669,41818.95122506166
617,45624.3871592724,5527.787120766834,45624.3871592724,41818.95122506166
618,43754.47360809743,3921.809075302216,43754.47360809743,41818.95122506166
619,46531.070394817754,6592.818614345548,46531.070394817754,41818.95122506166
620,45615.18042278966,5744.573491817314,45615.18042278966,41818.95122506166
621,43739.8653343932,4188.5174728031325,43739.8653343932,41818.95122506166
622,44828.949085972665,4894.778596080116,44828.949085972665,41818.95122506166
623,45548.13589754435,5692.611005307765,45548.13589754435,41818.95122506166
624,44513.49016364916,4869.611909275632,44513.49016364916,41818.95122506166
625,46116.52269472701,5630.41550414723,46116.52269472701,41818.95122506166
626,44915.21530479563,4116.242508792127,44915.21530479563,41818.95122506166
627,44368.41387317177,4710.1749210639,44368.41387317177,41818.95122506166
628,44893.758562746705,4766.95512122961,44893.758562746705,41818.95122506166
629,43218.49657691737,3892.820838783332,43218.49657691737,41818.95122506166
630,44335.42185938485,4741.149984089801,44335.42185938485,41818.95122506166
631,43132.11054211633,3882.9026599560334,43132.11054211633,41818.95122506166
632,43221.84286850414,3827.7125793398764,43221.84286850414,41818.95122506166
633,46475.237158236,5774.014307903166,46475.237158236,41818.95122506166
634,42155.40543568282,3090.2438886229374,42155.40543568282,41818.95122506166
635,42455.81374188545,3018.5839850769435,42455.81374188545,41818.95122506166
636,43304.405931531466,3970.3894167385542,43304.405931531466,41818.95122506166
637,45791.163142114565,5706.552866947858,45791.163142114565,41818.95122506166
638,44815.00377625905,4837.145197548803,44815.00377625905,41818.95122506166
639,45942.06176812413,5036.156227193065,45942.06176812413,41818.95122506166
640,47814.85757233964,7505.432375383794,47814.85757233964,41818.95122506166
641,46005.759162384034,5015.672410579537,46005.759162384034,41818.95122506166
642,45729.79961558811,5855.5722671556705,45729.79961558811,41818.95122506166
643,43465.3846020415,4012.2276509888325,43465.3846020415,41818.95122506166
644,42938.364577745946,3208.7818255432026,42938.364577745946,41818.95122506166
645,44978.98609630418,4184.874906331002,44978.98609630418,41818.95122506166
646,43150.65845990483,3865.2992184955765,43150.65845990483,41818.95122506166
647,44272.00376373304,4773.888433867158,44272.00376373304,41818.95122506166
648,46707.26569178667,5618.663259242379,46707.26569178667,41818.95122506166
649,49946.36882635038,5894.020887939315,49946.36882635038,41818.95122506166
650,44656.92974023892,4970.593547323125,44656.92974023892,41818.95122506166
651,43581.481553893034,3893.7171256463225,43581.481553893034,41818.95122506166
652,46152.23556500923,5648.724131975317,46152.23556500923,41818.95122506166
653,46017.522938654976,5990.26017130084,46017.522938654976,41818.95122506166
654,46747.20183623456,6504.423266851791,46747.20183623456,41757.73739889733
655,43112.925759317775,3856.2169609660573,43112.925759317775,41757.73739889733
656,46846.74927842419,5761.349988257127,46846.74927842419,41746.35871739685
657,46397.386815441445,5730.192731102495,46397.386815441445,41746.35871739685
658,45887.47990815351,5691.044261563714,45887.47990815351,41746.35871739685
659,44979.74009257269,4725.574666959994,44979.74009257269,41746.35871739685
660,43190.36711338653,3952.951549881106,43190.36711338653,41645.82256021384
661,43709.535003721205,4194.76700312842,43709.535003721205,41645.82256021384
662,45550.526151143116,5900.867745689278,45550.526151143116,41645.82256021384
663,43446.537256420444,3987.126848183464,43446.537256420444,41645.82256021384
664,43192.25013844599,3942.530535672709,43192.25013844599,41645.82256021384
665,45401.626630612955,4894.455710721554,45401.626630612955,41645.82256021384
666,43958.613857062504,4114.431173264165,43958.613857062504,41645.82256021384
667,43373.12805107861,4040.8626888121116,43373.12805107861,41645.82256021384
668,44279.54463300982,4816.438784290327,44279.54463300982,41645.82256021384
669,44589.02494703946,5042.969186377697,44589.02494703946,41645.82256021384
670,45720.674617844685,5817.068181165554,45720.674617844685,41645.82256021384
671,44077.36145823682,4769.188453567168,44077.36145823682,41645.82256021384
672,45706.90844618414,5832.296475438385,45706.90844618414,41645.82256021384
673,43398.74568880653,3994.8379898179164,43398.74568880653,41645.82256021384
674,45218.07089726787,5561.884308282168,45218.07089726787,41645.82256021384
675,43532.899337083734,3970.0738846179543,43532.899337083734,41645.82256021384
676,44657.80274412104,4885.705548999089,44657.80274412104,41645.82256021384
677,45947.4212470725,5838.476645251764,45947.4212470725,41645.82256021384
678,44765.901263121996,4820.265295426745,44765.901263121996,41645.822560213834
679,44466.075068149585,4789.038891126268,44466.075068149585,41645.822560213834
680,45423.50203013707,5729.354345468653,45423.50203013707,41645.822560213834
681,48650.95103748145,7403.636619544361,48650.95103748145,41645.822560213834
682,45107.07791753567,5046.160178470019,45107.07791753567,41645.822560213834
683,45268.9759304221,5658.998851619508,45268.9759304221,41645.822560213834
684,43954.157429736995,4188.695738776771,43954.157429736995,41645.822560213834
685,42985.19284771953,3920.278871123572,42985.19284771953,41645.822560213834
686,42369.22897887415,3245.592828932026,42369.22897887415,41645.822560213834
687,46618.90852953131,5787.089801291537,46618.90852953131,41645.822560213834
688,43695.55654383455,3887.1715196191667,43695.55654383455,41645.822560213834
689,43398.348725275406,4018.1393963345567,43398.348725275406,41645.822560213834
690,45386.330042594556,5726.492545732128,45386.330042594556,41645.822560213834
691,44356.31880193339,4715.789284080848,44356.31880193339,41645.822560213834
692,44416.13672627811,4762.590291697684,44416.13672627811,41645.822560213834
693,46765.34353462693,4951.70274474072,46765.34353462693,41645.822560213834
694,42238.791561432095,3141.5552665851274,42238.791561432095,41645.822560213834
695,44115.48985914599,4620.301446924124,44115.48985914599,41645.822560213834
696,44408.88001673638,3965.0274876196586,44408.88001673638,41645.822560213834
697,43515.2243953119,3994.9544027159986,43515.2243953119,41645.822560213834
698,43599.326408161025,4083.4213945896036,43599.326408161025,41645.822560213834
699,45672.018764375935,5855.885273196551,45672.018764375935,41645.822560213834
700,43462.4777342784,3989.8840740908863,43462.4777342784,41645.822560213834
701,42569.10977183959,3245.509045546443,42569.10977183959,41645.822560213834
702,45919.84959865204,5153.206058622169,45919.84959865204,41645.822560213834
703,44369.06446250197,4942.5663279598275,44369.06446250197,41645.822560213834
704,44134.72988116714,4635.925509489495,44134.72988116714,41645.822560213834
705,43646.70996094168,4046.921030708957,43646.70996094168,41645.822560213834
706,43304.15715092969,3823.8746452772793,43304.15715092969,41645.822560213834
707,45525.83399211602,5730.621432925689,45525.83399211602,41645.822560213834
708,44524.4467013743,4138.37082672813,44524.4467013743,41645.822560213834
709,45024.17906056166,4109.349693955201,45024.17906056166,41645.822560213834
710,43511.46258071867,3950.4314746664095,43511.46258071867,41645.822560213834
711,45075.03664491074,5678.695877638478,45075.03664491074,41645.822560213834
712,43458.977427295504,4139.6138731590145,43458.977427295504,41645.822560213834
713,47501.629951235605,6523.079719267886,47501.629951235605,41645.822560213834
714,43377.09674922663,3942.189986447237,43377.09674922663,41645.822560213834
715,43274.86843127503,4007.1477691509162,43274.86843127503,41645.822560213834
716,44215.2932827626,4912.787734803077,44215.2932827626,41645.822560213834
717,45249.93830869817,5668.00011459736,45249.93830869817,41645.822560213834
718,42152.23684566982,3048.5226488228463,42152.23684566982,41645.822560213834
719,43306.38216225802,4009.9767008609138,43306.38216225802,41645.822560213834
720,46049.75131893927,4796.207697951622,46049.75131893927,41645.822560213834
721,44326.08758262776,4755.54964007745,44326.08758262776,41645.822560213834
722,42511.198008007035,3263.2951769879787,42511.198008007035,41645.822560213834
723,45324.49356399663,5742.984688456444,45324.49356399663,41607.61267730678
724,45450.794266570614,5806.268901579165,45450.794266570614,41607.61267730678
725,43663.49117537299,4105.277741963147,43663.49117537299,41607.61267730678
726,46424.44544464785,5669.468716444777,46424.44544464785,41607.61267730678
727,44013.128312480345,4811.535311274921,44013.128312480345,41505.638325408356
728,43472.790868733064,3995.580769437705,43472.790868733064,41505.638325408356
729,42795.8114504785,3186.560701015003,42795.8114504785,41505.638325408356
730,44222.458795265564,4516.649906129814,44222.458795265564,41505.638325408356
731,45859.64775802974,5872.370426349739,45859.64775802974,41505.638325408356
732,43170.09900526268,4077.0802248489344,43170.09900526268,41505.638325408356
733,44465.68985147662,4815.64745685422,44465.68985147662,41505.638325408356
734,45228.60319403434,4816.933223186894,45228.60319403434,41505.638325408356
735,43345.60146737362,3760.169126406774,43345.60146737362,41505.638325408356
736,44144.166094663706,4103.588619281667,44144.166094663706,41505.638325408356
737,45563.66014468883,5692.277456075574,45563.66014468883,41505.638325408356
738,46235.67556981131,6501.153146250831,46235.67556981131,41505.638325408356
739,45157.60174806467,5821.109738054469,45157.60174806467,41505.638325408356
740,46330.40670780725,6528.460601955057,46330.40670780725,41505.638325408356
741,46569.40704935259,5813.649503505628,46569.40704935259,41505.638325408356
742,43954.509716607514,4569.716434003974,43954.509716607514,41505.638325408356
743,43777.67269892697,4697.499382662462,43777.67269892697,41505.63832540835
744,43167.113582447564,3986.7931848545572,43167.113582447564,41505.63832540835
745,44758.54496864155,4915.186855024906,44758.54496864155,41505.63832540835
746,43143.948974483676,3922.628547034032,43143.948974483676,41505.63832540835
747,42115.9780665819,2841.9446594864494,42115.9780665819,41505.63832540835
748,43710.03022405884,4031.4323872899017,43710.03022405884,41505.63832540835
749,43745.960170679864,4657.722218524296,43745.960170679864,41505.63832540835
750,43051.34351246504,3838.6248090710133,43051.34351246504,41505.63832540835
751,44460.13028822132,4940.842616962776,44460.13028822132,41505.63832540835
752,47086.37921072888,5831.137806602625,47086.37921072888,41505.63832540835
753,42077.672291275434,2897.2147641001466,42077.672291275434,41505.63832540835
754,44117.4693799544,4720.171988814649,44117.4693799544,41505.63832540835
755,41842.42123351458,2909.979117955064,41842.42123351458,41505.63832540835
756,42200.149330297325,2982.749308478558,42200.149330297325,41505.63832540835
757,44204.77604885098,4920.1741843352065,44204.77604885098,41505.63832540835
758,45502.07897230127,5863.4936791522505,45502.07897230127,41505.63832540835
759,45117.99440205917,5632.3415351696,45117.99440205917,41505.63832540835
760,42238.92114040349,3082.42748075313,42238.92114040349,41505.63832540835
761,42895.22789624111,3768.671034375421,42895.22789624111,41505.63832540835
762,44661.68120665005,4867.912252371535,44661.68120665005,41505.63832540835
763,45732.27031411535,5952.554688725954,45732.27031411535,41505.63832540835
764,44091.923509973356,4575.511434713588,44091.923509973356,41505.63832540835
765,48492.96687167049,7472.667713680685,48492.96687167049,41505.63832540835
766,42571.41454846466,3374.5267819216288,42571.41454846466,41505.63832540835
767,43274.573465572306,3867.773730713896,43274.573465572306,41505.63832540835
768,46188.76488977621,5566.910264201344,46188.76488977621,41505.63832540835
769,42990.24931978664,3807.6093754630047,42990.24931978664,41505.63832540835
770,44541.418235439734,4973.862938993562,44541.418235439734,41505.63832540835
771,43306.768104921495,4133.0590941085175,43306.768104921495,41505.63832540835
772,45120.71309036865,5437.6115155004,45120.71309036865,41505.63832540835
773,45696.55837508792,5734.992647535112,45696.55837508792,41505.63832540835
774,42132.734007229905,2953.502223843264,42132.734007229905,41505.63832540835
775,46616.50610321235,5655.399435571964,46616.50610321235,41505.63832540835
776,43195.43897629498,3911.5114961959903,43195.43897629498,41505.63832540835
777,43190.62953818431,3806.702815483982,43190.62953818431,41505.63832540835
778,42009.99500145366,2963.5449480197485,42009.99500145366,41505.63832540835
779,42066.125919852624,2958.27412052353,42066.125919852624,41505.63832540835
780,44373.94570251191,4655.9582770368115,44373.94570251191,41505.63832540835
781,47392.09610658188,6466.501726674876,47392.09610658188,41505.63832540835
782,45403.07266615777,5667.646417068076,45403.07266615777,41505.63832540835
783,41974.90210758182,2944.2416524044893,41974.90210758182,41478.254360645646
784,44243.09507638984,4685.649698263677,44243.09507638984,41478.254360645646
785,43466.88586682356,3930.809584870746,43466.88586682356,41478.254360645646
786,44288.44073487939,4747.111291087938,44288.44073487939,41478.254360645646
787,43044.689805963295,3815.8901335237147,43044.689805963295,41478.254360645646
788,44828.9008348451,5055.909356437098,44828.9008348451,41478.254360645646
789,42046.968951593975,2927.994489634966,42046.968951593975,41478.254360645646
790,44241.975908870285,4744.391157189517,44241.975908870285,41478.254360645646
791,44141.13060144277,4806.770146767389,44141.13060144277,41478.254360645646
792,44346.30418296859,3978.5184058706764,44346.30418296859,41478.254360645646
793,43878.810145471594,4783.167488152668,43878.810145471594,41478.254360645646
794,44906.34486536599,4613.977906611247,44906.34486536599,41478.254360645646
795,43391.55267982097,3968.984264450747,43391.55267982097,41478.254360645646
796,45319.94741127558,5380.642322645731,45319.94741127558,41478.254360645646
797,43704.1990705343,4002.6026985112358,43704.1990705343,41478.254360645646
798,44049.953626884635,3698.014893458162,44049.953626884635,41478.254360645646
799,44222.688034575716,4742.095989990549,44222.688034575716,41478.254360645646
800,46392.65484922023,6389.638367533665,46392.65484922023,41478.254360645646
801,45345.39670136194,5761.031120507873,45345.39670136194,41478.254360645646
802,44317.25447825552,4809.3812059049815,44317.25447825552,41478.254360645646
803,44313.63412910471,4764.984937691491,44313.63412910471,41478.254360645646
804,41872.171970931304,3022.0314362278064,41872.171970931304,41478.254360645646
805,43244.77602255344,3890.898429284026,43244.77602255344,41478.254360645646
806,42321.53475201973,3095.8762579357426,42321.53475201973,41478.254360645646
807,45291.90789245178,5694.23512477672,45291.90789245178,41478.254360645646
808,42162.479576491685,2905.527010258069,42162.479576491685,41478.254360645646
809,43717.64245623663,4088.3850899718527,43717.64245623663,41478.254360645646
810,43227.52507084466,3852.8515300515655,43227.52507084466,41478.254360645646
811,42028.14592842226,2858.915389146447,42028.14592842226,41478.254360645646
812,41817.72097316856,2843.3682517103925,41817.72097316856,41478.254360645646
813,42166.32751154434,3097.941932395383,42166.32751154434,41478.254360645646
814,44001.174074806164,4743.823024327187,44001.174074806164,41478.254360645646
815,43064.99032832908,3883.855682051697,43064.99032832908,41478.254360645646
816,45067.500908682894,5408.34810503654,45067.500908682894,41478.254360645646
817,44199.629890644595,3956.052464173966,44199.629890644595,41478.254360645646
818,43271.883077195125,3977.098784380418,43271.883077195125,41478.254360645646
819,45098.239464989194,5619.181481032403,45098.239464989194,41478.254360645646
820,44347.566936425654,4677.509663737381,44347.566936425654,41478.254360645646
821,43163.93472335781,3799.07032251066,43163.93472335781,41478.254360645646
822,41611.97633475432,2940.0939726077168,41611.97633475432,41478.254360645646
823,45433.53366937998,5763.605606570766,45433.53366937998,41478.254360645646
824,43115.449748346036,3763.9676808919235,43115.449748346036,41478.254360645646
825,44404.0083795928,4672.5495978462,44404.0083795928,41313.24504442023
826,46223.81024154227,6321.726071544875,46223.81024154227,41313.24504442023
827,42849.17178873279,3700.672245441023,42849.17178873279,41313.24504442023
828,44407.74847747272,4781.504882392791,44407.74847747272,41313.24504442023
829,42901.20432450785,3740.3914520658013,42901.20432450785,41313.24504442023
830,44041.20010567519,4815.9014067147755,44041.20010567519,41313.24504442023
831,45000.130065587604,4622.784077191858,45000.130065587604,41161.61522687787
832,42562.50670920005,3782.303573566983,42562.50670920005,41161.61522687787
833,43906.26338558605,4554.618378176875,43906.26338558605,41161.61522687787
834,44811.24231408946,5592.735484166354,44811.24231408946,41161.61522687787
835,46283.89884616477,6493.999539688017,46283.89884616477,41161.61522687787
836,46170.21187640113,6626.0441451243705,46170.21187640113,41161.61522687787
837,43725.75359591178,4554.983816416784,43725.75359591178,41161.61522687787
838,44942.435844532985,5709.199467111641,44942.435844532985,41161.61522687787
839,42543.50419058967,3811.6905518871945,42543.50419058967,41161.61522687787
840,43341.6124666481,3983.1479765862287,43341.6124666481,41161.61522687787
841,43131.67086480351,3971.488874432209,43131.67086480351,41161.61522687787
842,42593.48697975594,3707.9074710373825,42593.48697975594,41161.61522687787
843,41471.534838842366,2750.4056002676125,41471.534838842366,41161.61522687787
844,45742.4307129928,4826.007146125265,45742.4307129928,41161.61522687787
845,45103.89915543345,5732.94061534496,45103.89915543345,41161.61522687787
846,43723.806463806286,4724.532338481021,43723.806463806286,41161.61522687787
847,45030.52813594515,5698.03755936786,45030.52813594515,41161.61522687787
848,44215.68083618469,4729.10801509127,44215.68083618469,41161.61522687787
849,46044.30642205874,6355.955865774773,46044.30642205874,41161.61522687787
850,41921.25995171978,3004.066817759695,41921.25995171978,41161.61522687787
851,45150.179047361955,4867.553310324897,45150.179047361955,41161.61522687787
852,42120.5825522892,2967.03457529432,42120.5825522892,41161.61522687787
853,45414.590276952746,5694.208950184543,45414.590276952746,41161.61522687787
854,44850.28114028697,4753.249715051237,44850.28114028697,41161.61522687787
855,42786.77446328441,3744.5048540185517,42786.77446328441,41161.61522687787
856,45777.12329704534,5722.308651534056,45777.12329704534,41161.61522687787
857,45308.54114931465,4644.8891532032385,45308.54114931465,41161.61522687787
858,47452.84877693548,7464.777675027874,47452.84877693548,41161.61522687787
859,43669.56846560683,4692.231933638738,43669.56846560683,41161.61522687787
860,46133.99498597349,6431.730300372676,46133.99498597349,41161.61522687787
861,44093.18392051465,4879.426656037835,44093.18392051465,41161.61522687787
862,42620.40567480064,3782.5499882379117,42620.40567480064,41161.61522687787
863,42533.798235337745,3648.839496489123,42533.798235337745,41161.61522687787
864,41724.53545343777,2946.5054850477204,41724.53545343777,41161.61522687787
865,43874.384941563054,4781.048097019773,43874.384941563054,41161.61522687787
866,43787.31726458321,4665.135259427262,43787.31726458321,41161.61522687787
867,44176.829080721756,4580.573208992977,44176.829080721756,41161.61522687787
868,42918.37140406975,3956.0741103656474,42918.37140406975,41161.61522687787
869,44094.552113906786,4809.567625857409,44094.552113906786,41161.61522687787
870,45021.93560585074,4656.342879308553,45021.93560585074,41161.61522687787
871,43990.737217477326,4699.230256399349,43990.737217477326,41161.61522687787
872,44036.210560967724,4769.406437262642,44036.210560967724,41161.61522687787
873,43003.79490746061,3748.7020344563853,43003.79490746061,41161.61522687787
874,47625.815824405196,7617.157813280048,47625.815824405196,41161.61522687787
875,41447.87710159294,2804.2400223662794,41447.87710159294,41161.61522687787
876,45360.3054137327,5630.33277608759,45360.3054137327,41161.61522687787
877,43245.05487123354,4031.501902756901,43245.05487123354,41161.61522687787
878,41830.09806771217,2889.8260273110936,41830.09806771217,41161.61522687787
879,45333.447471816246,5642.359564419454,45333.447471816246,41161.61522687787
880,43354.4788045575,3965.8884103667842,43354.4788045575,41161.61522687787
881,46216.20794203798,5604.9350243653735,46216.20794203798,41161.61522687787
882,42758.89279786256,3711.2798018856897,42758.89279786256,41161.61522687787
883,42158.55254148528,3054.3820165717216,42158.55254148528,41161.61522687787
884,42864.841081400664,3834.5858853880613,42864.841081400664,41161.61522687787
885,46127.26651544449,6282.063921070612,46127.26651544449,41093.23605786727
886,42851.350826147376,3851.545440529032,42851.350826147376,41093.23605786727
887,44076.896259354464,4768.457334310298,44076.896259354464,41093.23605786727
888,44011.55631816675,4658.487293624983,44011.55631816675,41093.23605786727
889,46156.65094504687,4743.47415996041,46156.65094504687,41093.23605786727
890,45107.642316438025,5604.582509219906,45107.642316438025,41093.23605786727
891,42462.89673088229,3742.9770032796346,42462.89673088229,41093.23605786727
892,43480.655750460035,4605.257267366909,43480.655750460035,41093.23605786727
893,44308.91788637433,4697.220736841754,44308.91788637433,41093.23605786727
894,43346.23616898759,3946.5225109483144,43346.23616898759,41093.23605786727
895,41458.7384606866,2966.5607830607605,41458.7384606866,41093.23605786727
896,43670.50514826265,4057.2066039957454,43670.50514826265,41093.23605786727
897,45071.75095529317,5708.117189617749,45071.75095529317,41093.23605786727
898,44060.32755877903,4631.75933260593,44060.32755877903,41093.23605786727
899,44200.37808246412,4700.405308763651,44200.37808246412,41093.23605786727
900,41790.91466166333,2967.5020850992337,41790.91466166333,41093.23605786727
901,44025.4670281878,4674.395886155095,44025.4670281878,41093.23605786727
902,42921.16262592925,3840.6413842094785,42921.16262592925,41093.23605786727
903,41696.77310390991,2962.5025979656357,41696.77310390991,41093.23605786727
904,44996.10714236372,5670.90847098276,44996.10714236372,41093.23605786727
905,44052.79463533795,4797.455324082615,44052.79463533795,41093.23605786727
906,42404.36035737606,3689.013687447367,42404.36035737606,41093.23605786727
907,46328.27682553783,6709.0667129233825,46328.27682553783,41093.23605786727
908,43670.546276478985,4816.007458439824,43670.546276478985,41093.23605786727
909,43002.7879451801,3840.8133446381885,43002.7879451801,41093.23605786727
910,43792.16716748335,4757.923917381404,43792.16716748335,41093.23605786727
911,45066.43216132563,5900.817619432978,45066.43216132563,41093.23605786727
912,43532.45155853535,4666.135905034146,43532.45155853535,41093.23605786727
913,43742.77474465375,4662.197944852774,43742.77474465375,41093.23605786727
914,45634.732773143376,5974.825244843058,45634.732773143376,41093.23605786727
915,45737.44681436083,5368.082684279348,45737.44681436083,41093.23605786727
916,42906.92774992426,3744.4086731708803,42906.92774992426,41093.23605786727
917,45236.33470183165,5780.143853442006,45236.33470183165,41093.23605786727
918,47403.353312346546,6539.334602910714,47403.353312346546,41093.23605786727
919,42689.06037720572,3812.519438647834,42689.06037720572,41093.23605786727
920,41627.049755460255,2753.823171530707,41627.049755460255,41093.23605786727
921,44745.14860706625,5698.661275267756,44745.14860706625,41093.23605786727
922,42897.04715819112,3800.675458448609,42897.04715819112,41093.23605786727
923,45048.78741858184,4783.887283426849,45048.78741858184,41093.23605786727
924,41746.277414477474,2969.267108537327,41746.277414477474,41093.23605786727
925,43789.854361987746,4577.989269426781,43789.854361987746,41093.23605786727
926,42320.410457201084,2983.6029831193264,42320.410457201084,41093.23605786727
927,43807.348974322274,4751.114931748911,43807.348974322274,41093.23605786726
928,43930.87053499758,4755.849054196965,43930.87053499758,41093.23605786726
929,42791.23648214609,3934.8629354322716,42791.23648214609,41093.23605786726
930,43576.043312169684,4556.626016535396,43576.043312169684,41093.23605786726
931,42807.276183947295,3714.324067426502,42807.276183947295,41093.23605786726
932,42417.01924481492,3692.884007155776,42417.01924481492,41093.23605786726
933,44157.65092826334,4848.155195009842,44157.65092826334,41093.23605786726
934,44005.213264352766,4698.094092528766,44005.213264352766,41093.23605786726
935,42620.68191722363,3810.799366567472,42620.68191722363,41093.23605786726
936,42398.09159739951,3574.4888967960965,42398.09159739951,41088.67028565626
937,42732.52559236363,3971.340241504245,42732.52559236363,41088.67028565626
938,47367.59875929858,6814.6674050536385,47367.59875929858,41088.67028565626
939,43971.38677656709,4160.750701558289,43971.38677656709,41088.67028565626
940,42925.45848822629,3918.0809236227747,42925.45848822629,41088.67028565626
941,43303.3049470198,3919.388913614559,43303.3049470198,41088.67028565626
942,42431.85986029497,3972.451656537031,42431.85986029497,41088.67028565626
943,41809.77631297165,3080.846912755599,41809.77631297165,41088.67028565626
944,44104.222505331185,4765.088692162263,44104.222505331185,41088.67028565626
945,44346.046571544815,4913.203856752094,44346.046571544815,41088.67028565626
946,42900.44738348918,3955.306889124954,42900.44738348918,41088.67028565626
947,46294.321636856715,6451.849202499335,46294.321636856715,41088.67028565626
948,42499.201440891266,3299.5167617505613,42499.201440891266,41088.67028565626
949,45771.79635161498,5742.241360891225,45771.79635161498,41088.67028565626
950,45901.8156076427,5738.075297464939,45901.8156076427,41088.67028565626
951,41780.86194860958,3175.6498468273394,41780.86194860958,41088.67028565626
952,41765.18848274051,3164.9561850189116,41765.18848274051,41004.00184319998
953,41741.41870528213,3045.169052233427,41741.41870528213,41004.00184319998
954,45886.60828723373,5618.254951454332,45886.60828723373,41004.00184319998
955,44860.54970794054,5920.357993651821,44860.54970794054,41004.00184319998
956,44794.07572505107,5641.087450254924,44794.07572505107,41004.00184319998
957,43727.09971692921,4928.235082052035,43727.09971692921,41004.00184319998
958,48987.12207581503,8410.924293685044,48987.12207581503,41004.00184319998
959,44647.11855632544,5621.483225989148,44647.11855632544,40585.226574563254
960,42542.11775201116,3834.7128265168612,42542.11775201116,40585.226574563254
961,45553.150230225656,6680.772844510463,45553.150230225656,40585.226574563254
962,42382.86269212693,3842.4803809376463,42382.86269212693,40585.226574563254
963,45824.295348108724,5602.815956731168,45824.295348108724,40585.226574563254
964,43836.783203230254,4570.147243993764,43836.783203230254,40585.226574563254
965,41996.06124733824,3743.99873788827,41996.06124733824,40585.226574563254
966,43379.685399452865,4796.937187012741,43379.685399452865,40585.226574563254
967,44519.775632012206,5554.6368026579485,44519.775632012206,40585.226574563254
968,43185.70289992096,4691.392226710866,43185.70289992096,40491.97793789983
969,44282.827802399006,5577.481310490122,44282.827802399006,40491.97793789983
970,41954.99324937037,3955.456578247717,41954.99324937037,40491.97793789983
971,47491.33804905605,7499.568468052343,47491.33804905605,39860.94797979431
972,41714.515766408695,3751.812511462455,41714.515766408695,39860.94797979431
973,41850.959534842215,3852.662345231496,41850.959534842215,39860.94797979431
974,44682.699977770084,6412.579062670193,44682.699977770084,39860.94797979431
975,43747.20391710324,5620.335841534838,43747.20391710324,39860.94797979431
976,43589.11206759815,5530.652802051286,43589.11206759815,39860.94797979431
977,41420.93076813179,3771.9884819697772,41420.93076813179,39860.94797979431
978,41000.14840165124,2872.9907308245783,41000.14840165124,39860.94797979431
979,42721.49391323596,4673.18338793757,42721.49391323596,39860.94797979431
980,45834.70275795376,4861.52613115359,45834.70275795376,39860.94797979431
981,41537.20184628788,3947.0087264624367,41537.20184628788,39860.94797979431
982,41416.80238491889,3683.533848068238,41416.80238491889,39838.07130110801
983,41564.868786196326,3919.2008241098656,41564.868786196326,39823.96925697654
984,42835.470433830036,4843.031649618255,42835.470433830036,39823.96925697654
985,41261.5156454729,3784.32319423961,41261.5156454729,39823.96925697654
986,40731.34339412907,2928.13379526484,40731.34339412907,39823.96925697654
987,41380.00144714264,3752.869054030611,41380.00144714264,39823.96925697654
988,44024.431418233245,4847.433182876022,44024.431418233245,39823.96925697654
989,44708.10559675763,6401.137393134163,44708.10559675763,39823.96925697654
990,43580.08437457847,4724.335533955291,43580.08437457847,39823.96925697654
991,41841.32227080899,3788.974504586497,41841.32227080899,39823.96925697654
992,41796.788665549924,4018.2124641123323,41796.788665549924,39823.96925697654
993,41667.0580915184,3814.2435452934733,41667.0580915184,39823.96925697654
994,42385.55251783358,4627.533193126313,42385.55251783358,39823.96925697654
995,43471.28110524744,5653.285285176255,43471.28110524744,39823.96925697654
996,42683.19984642968,4821.454509098442,42683.19984642968,39823.96925697654
997,42452.98589949344,4714.279500961859,42452.98589949344,39823.96925697654
998,45817.47292156394,6486.511736468417,45817.47292156394,39823.96925697654
999,40561.062258501435,2979.2734461541654,40561.062258501435,39823.96925697654
1000,44752.17957349919,6642.216097279952,44752.17957349919,39823.96925697654
1001,41559.63822968193,3727.414443311062,41559.63822968193,39823.96925697654
1002,40504.7168675571,3055.1427376722686,40504.7168675571,39823.96925697654
1003,42627.464852050165,4753.870497950081,42627.464852050165,39823.96925697654
1004,44527.43234116983,6619.379108680524,44527.43234116983,39823.96925697654
1005,41881.93247012158,3960.598660684678,41881.93247012158,39823.96925697654
1006,44647.302290378786,6624.248105036333,44647.302290378786,39823.96925697654
1007,42729.10877443591,4835.799644658589,42729.10877443591,39823.96925697654
1008,41540.41579141217,3828.623316268331,41540.41579141217,39823.96925697654
1009,41830.747571453474,3880.9824781461225,41830.747571453474,39823.96925697654
1010,40504.73595648474,3027.8811553395753,40504.73595648474,39823.96925697654
1011,41729.54174734152,3740.5504822676094,41729.54174734152,39823.96925697654
1012,43443.1693205482,5650.524474082913,43443.1693205482,39823.96925697654
1013,41621.65163748362,3726.870653753441,41621.65163748362,39823.96925697654
1014,40491.847031622456,2800.513787890773,40491.847031622456,39823.96925697654
1015,41810.93728229658,3948.122097841116,41810.93728229658,39823.96925697654
1016,43722.20748639727,5699.8865592474895,43722.20748639727,39823.96925697654
1017,43458.57946937581,5646.867159818443,43458.57946937581,39592.19965940345
1018,39926.499202789135,2840.7018403353095,39926.499202789135,39592.19965940345
1019,44506.83696359467,5653.67690050178,44506.83696359467,39592.19965940345
1020,42017.26185480452,4636.238755568338,42017.26185480452,39592.19965940345
1021,41820.05889765384,3970.9845685046253,41820.05889765384,39592.19965940345
1022,43879.87841233699,5743.48215851033,43879.87841233699,39592.19965940345
1023,40288.004899191794,2844.280031634929,40288.004899191794,39592.19965940345
1024,41393.32824491432,3743.0135118550243,41393.32824491432,39511.69884300571
1025,45542.93663434037,6497.101248704754,45542.93663434037,39511.69884300571
1026,42286.30702560918,3863.989607373815,42286.30702560918,39511.69884300571
1027,41554.86810655872,3694.9723548424117,41554.86810655872,39511.69884300571
1028,45376.590065275916,7326.363884796456,45376.590065275916,39511.69884300571
1029,41994.27837828112,4468.13604991797,41994.27837828112,39511.69884300571
1030,40172.791627407234,2925.0715614291794,40172.791627407234,39511.69884300571
1031,43637.18358604244,5672.83373676361,43637.18358604244,39511.69884300571
1032,43447.350356042574,5505.333984913123,43447.350356042574,39511.69884300571
1033,42115.59427420114,4562.296867378976,42115.59427420114,39511.69884300571
1034,43104.66024622451,5428.907568282036,43104.66024622451,39511.69884300571
1035,41029.76906509273,3867.5077947788027,41029.76906509273,39511.69884300571
1036,40950.11967574802,3719.6633291146272,40950.11967574802,39511.69884300571
1037,43322.43765837915,5608.505882189449,43322.43765837915,39511.69884300571
1038,41542.6897705439,3892.819261281949,41542.6897705439,39511.69884300571
1039,41080.65280486405,3688.7748121658797,41080.65280486405,39511.69884300571
1040,46781.31137270073,8218.719483873492,46781.31137270073,39511.69884300571
1041,41521.30519429396,3970.1044718463963,41521.30519429396,39511.69884300571
1042,43233.9711456195,5592.116821544468,43233.9711456195,39511.69884300571
1043,42597.0678461412,4654.984221785918,42597.0678461412,39511.69884300571
1044,41980.323707485106,4645.725290314767,41980.323707485106,39511.69884300571
1045,43937.81489617338,4838.45002530672,43937.81489617338,39511.69884300571
1046,40997.6160220929,3704.6623439424634,40997.6160220929,39511.69884300571
1047,42014.53681971166,4624.990195320905,42014.53681971166,39511.69884300571
1048,40055.292968640475,2871.3506018021885,40055.292968640475,39511.69884300571
1049,42502.06368935564,4860.7455622039015,42502.06368935564,39511.69884300571
1050,41204.064925637394,3675.882743657209,41204.064925637394,39511.69884300571
1051,42499.736815255164,4734.991419881114,42499.736815255164,39511.69884300571
1052,41384.68721912155,3764.9979551736164,41384.68721912155,39511.69884300571
1053,44213.17567073242,6651.791567131736,44213.17567073242,39511.69884300571
1054,41304.71057752238,3912.590911873556,41304.71057752238,39511.69884300571
1055,43392.5625360723,5681.378461942711,43392.5625360723,39511.69884300571
1056,40387.85797030551,2942.917590088019,40387.85797030551,39511.69884300571
1057,42152.80166834184,4672.747454359598,42152.80166834184,39511.69884300571
1058,42549.20469094438,4820.279452141023,42549.20469094438,39511.69884300571
1059,40297.424830798765,2829.1314174947915,40297.424830798765,39511.69884300571
1060,46651.31204652662,6688.232514001339,46651.31204652662,39511.69884300571
1061,43403.60484486424,5658.3813731659075,43403.60484486424,39511.69884300571
1062,41668.39147866552,3847.722086505658,41668.39147866552,39511.69884300571
1063,40027.33390358436,2948.420157878547,40027.33390358436,39511.69884300571
1064,39971.63935843769,2782.721717507697,39971.63935843769,39511.69884300571
1065,39995.44620850982,2804.779030044775,39995.44620850982,39511.69884300571
1066,41020.90047310129,3890.7193437042006,41020.90047310129,39511.69884300571
1067,40064.804424670045,2786.8693048806967,40064.804424670045,39511.69884300571
1068,41145.45719328897,3790.8560362313146,41145.45719328897,39511.69884300571
1069,40641.1699790082,2865.457109342307,40641.1699790082,39511.69884300571
1070,42270.42409127725,4601.177047581198,42270.42409127725,39511.69884300571
1071,40906.64359313502,3544.52336959045,40906.64359313502,39511.69884300571
1072,42580.70702431494,4503.114083843948,42580.70702431494,39511.69884300571
1073,40945.70171628091,3108.3118926472566,40945.70171628091,39511.69884300571
1074,42428.80681852312,4813.81917910099,42428.80681852312,39511.69884300571
1075,43526.75547810017,5751.847985693709,43526.75547810017,39511.69884300571
1076,43312.09264310875,5429.394546462971,43312.09264310875,39511.69884300571
1077,40899.57663180333,3766.0249140768537,40899.57663180333,39511.69884300571
1078,40230.08188907887,2962.983220405065,40230.08188907887,39511.69884300571
1079,40126.72889509096,2800.700650958089,40126.72889509096,39511.69884300571
1080,44244.55718871796,5601.531390220616,44244.55718871796,39511.69884300571
1081,41116.37073019311,3905.0279815038098,41116.37073019311,39511.69884300571
1082,44363.35620533991,5507.399844742829,44363.35620533991,39511.69884300571
1083,44219.5811823635,6369.534989107144,44219.5811823635,39511.69884300571
1084,43289.099001152885,5669.944857906667,43289.099001152885,39511.69884300571
1085,44527.42815330262,5698.10786755438,44527.42815330262,39511.69884300571
1086,43411.17183444145,5653.457788346202,43411.17183444145,39511.69884300571
1087,43646.514640775815,5373.524124970136,43646.514640775815,39511.69884300571
1088,42545.410083409886,4769.7553763905935,42545.410083409886,39511.69884300571
1089,43227.695169753584,5481.095034218882,43227.695169753584,39511.69884300571
1090,41220.061671656695,3616.173320790823,41220.061671656695,39511.69884300571
1091,41501.93766758797,3777.6866823287937,41501.93766758797,39511.69884300571
1092,41013.708725559554,3615.8681661771675,41013.708725559554,39511.69884300571
1093,41077.338354304884,3656.8396536554965,41077.338354304884,39511.69884300571
1094,41475.64213174548,3853.9478563785756,41475.64213174548,39511.69884300571
1095,40023.057066002526,2900.025528294208,40023.057066002526,39511.69884300571
1096,41202.87559043721,3635.7515663446234,41202.87559043721,39511.69884300571
1097,42038.729400913515,4682.8490030516805,42038.729400913515,39511.69884300571
1098,39940.772087191115,2757.0917187139594,39940.772087191115,39511.69884300571
1099,40171.795918178184,2989.9667875890254,40171.795918178184,39511.69884300571
1100,43368.93462113871,5491.948296147889,43368.93462113871,39511.69884300571
1101,43336.729279862724,5563.165299232258,43336.729279862724,39511.69884300571
1102,40249.7600883818,3082.717165187097,40249.7600883818,39511.69884300571
1103,39905.35317094149,2879.6669738439014,39905.35317094149,39511.69884300571
1104,41225.41579519845,3637.7868217239325,41225.41579519845,39511.69884300571
1105,43383.782625140484,4856.982556304885,43383.782625140484,39511.69884300571
1106,40187.53798398108,2853.1015440423585,40187.53798398108,39511.69884300571
1107,45131.124792905044,6959.959821032295,45131.124792905044,39511.69884300571
1108,43361.58481559679,5585.896490691133,43361.58481559679,39511.69884300571
1109,41079.23939654606,3707.1568808146812,41079.23939654606,39511.69884300571
1110,41364.80898750064,3895.1776740234322,41364.80898750064,39511.69884300571
1111,42749.182680682374,4766.62165088476,42749.182680682374,39511.69884300571
1112,40635.70764297802,3048.1245572826565,40635.70764297802,39511.69884300571
1113,40965.46552020713,3683.52621520494,40965.46552020713,39511.69884300571
1114,43014.61880785572,4687.670374259085,43014.61880785572,39511.69884300571
1115,41718.86771699431,3863.069202053239,41718.86771699431,39511.69884300571
1116,41055.77051796633,3609.332282191301,41055.77051796633,39511.69884300571
1117,41429.10126593281,3800.095954133936,41429.10126593281,39511.69884300571
1118,43394.41781328407,5508.184104467156,43394.41781328407,39511.69884300571
1119,42390.248125102065,4661.504654312032,42390.248125102065,39511.69884300571
1120,41274.73695645538,3675.2068145450858,41274.73695645538,39511.69884300571
1121,43412.530069526474,5646.916185103279,43412.530069526474,39511.69884300571
1122,40577.399924840465,3025.193342581507,40577.399924840465,39511.69884300571
1123,43347.11450232308,5583.000035175015,43347.11450232308,39511.69884300571
1124,41502.16030243416,3842.37818545583,41502.16030243416,39511.69884300571
1125,41194.91202145842,3825.884752834474,41194.91202145842,39511.69884300571
1126,43120.12354695863,5757.643572427626,43120.12354695863,39504.22011880444
1127,41633.41329318399,3945.2796017975115,41633.41329318399,39504.22011880444
1128,39738.52839513162,2821.455417817166,39738.52839513162,39504.22011880444
1129,40291.61449045648,2816.959740718956,40291.61449045648,39504.22011880444
1130,40172.07550813975,2834.353056140125,40172.07550813975,39504.22011880444
1131,40146.51392937531,2863.653483789602,40146.51392937531,39504.22011880444
1132,41431.68170141106,3961.200605507097,41431.68170141106,39504.22011880444
1133,40515.64222452832,3006.5408285749404,40515.64222452832,39504.22011880444
1134,43049.14234720105,5580.64842430749,43049.14234720105,39504.22011880444
1135,42018.03286011111,4614.997892173837,42018.03286011111,39504.22011880444
1136,42743.40420887026,4811.47958051856,42743.40420887026,39504.22011880444
1137,42517.92655088277,4696.361647577867,42517.92655088277,39504.22011880444
1138,41170.66984435217,3770.858431402035,41170.66984435217,39504.22011880444
1139,41590.36362282689,4022.5525357419597,41590.36362282689,39504.22011880444
1140,39872.97555913865,2800.2534912045935,39872.97555913865,39504.22011880444
1141,41614.93354434088,3929.425851048193,41614.93354434088,39504.22011880444
1142,41417.978376881314,3879.861423008783,41417.978376881314,39504.22011880444
1143,43284.011806982184,5640.849117872303,43284.011806982184,39504.22011880444
1144,40070.82107000114,2943.109785833164,40070.82107000114,39504.22011880444
1145,40656.08441180877,3227.4402065638524,40656.08441180877,39504.22011880444
1146,41317.90037064018,3909.161927871297,41317.90037064018,39504.22011880444
1147,43381.61927571587,4683.879005634848,43381.61927571587,39504.22011880444
1148,43335.23031119155,5533.020804291518,43335.23031119155,39504.22011880444
1149,39741.78240952264,2751.1993372495426,39741.78240952264,39504.22011880444
1150,42430.17038857857,4629.597195314068,42430.17038857857,39504.22011880444
1151,41704.955105758054,4036.1016015793875,41704.955105758054,39504.22011880444
1152,41217.30875181985,3727.40730929113,41217.30875181985,39504.22011880444
1153,43783.38330311887,5771.077667483279,43783.38330311887,39504.22011880444
1154,42637.66930630662,4798.251766072882,42637.66930630662,39504.22011880444
1155,41102.36026191395,3731.5166725941244,41102.36026191395,39504.22011880444
1156,40387.063082601206,2763.2241893617575,40387.063082601206,39504.22011880444
1157,41352.62587954139,3795.003843785232,41352.62587954139,39504.22011880444
1158,45471.05124503358,6397.077497099318,45471.05124503358,39504.22011880444
1159,43614.65595180748,5719.298385926898,43614.65595180748,39504.22011880444
1160,42168.10106785131,4741.196947308652,42168.10106785131,39504.22011880444
1161,41204.77833696277,3690.442534123585,41204.77833696277,39504.22011880444
1162,41431.16739429948,3783.4874914492075,41431.16739429948,39504.22011880444
1163,43804.99194662752,4799.135830355505,43804.99194662752,39504.22011880444
1164,41202.92308945419,3800.083044485002,41202.92308945419,39504.22011880444
1165,42341.033955150735,4683.095380886778,42341.033955150735,39504.22011880444
1166,41383.65576464353,3828.173852812781,41383.65576464353,39504.22011880444
1167,40384.63663256042,2947.4845277316463,40384.63663256042,39504.22011880444
1168,43184.22103700736,4692.233131126076,43184.22103700736,39504.22011880444
1169,42127.837773505744,4911.103212852386,42127.837773505744,39504.22011880444
1170,42503.88133799527,4697.940839025729,42503.88133799527,39504.22011880444
1171,43213.60372566174,5581.945902476619,43213.60372566174,39504.22011880444
1172,41488.48814083173,3998.7160355659353,41488.48814083173,39504.22011880444
1173,40050.24067971662,2783.2640468018994,40050.24067971662,39504.22011880444
1174,43455.03756922436,5532.373134798659,43455.03756922436,39504.22011880444
1175,41277.20113936659,3947.863727375095,41277.20113936659,39504.22011880444
1176,42410.02262455884,4715.2699315275995,42410.02262455884,39504.22011880444
1177,42192.24108843432,4822.94637775166,42192.24108843432,39504.22011880444
1178,43388.068314794145,5431.892584850415,43388.068314794145,39504.22011880444
1179,42407.99304869886,4773.414604956545,42407.99304869886,39504.22011880444
1180,41364.90724083297,3858.2934442060664,41364.90724083297,39504.22011880444
1181,40944.12887335039,3801.687868462012,40944.12887335039,39504.22011880444
1182,43220.50494491251,4624.934332022891,43220.50494491251,39504.22011880444
1183,43293.07111402062,5640.674580617281,43293.07111402062,39504.22011880444
1184,41076.53802855825,3822.2853986518617,41076.53802855825,39482.61413070268
1185,41338.98153800335,3850.3948295326177,41338.98153800335,39482.61413070268
1186,40975.93912441136,3620.7955750326414,40975.93912441136,39482.61413070268
1187,43854.981954895375,5558.803930018527,43854.981954895375,39482.61413070268
1188,43218.05503363555,5535.950178007103,43218.05503363555,39482.61413070268
1189,40855.64387108504,3765.0007206718356,40855.64387108504,39482.61413070268
1190,41030.27382455145,3625.6943721937087,41030.27382455145,39482.61413070268
1191,39648.16877361892,2743.2511672802907,39648.16877361892,39482.61413070268
1192,41231.85710618283,3895.4701523079116,41231.85710618283,39482.61413070268
1193,44510.012064546776,6526.199155213906,44510.012064546776,39482.61413070268
1194,42368.9197729027,4829.067136623147,42368.9197729027,39482.61413070268
1195,41325.632196093735,3864.7913907303787,41325.632196093735,39482.61413070268
1196,42989.24074981436,5377.162686841225,42989.24074981436,39482.61413070268
1197,44042.976353966376,6435.7072335250705,44042.976353966376,39482.61413070268
1198,40830.15915024826,3089.028084523056,40830.15915024826,39482.61413070268
1199,40824.86911146944,3672.868416638191,40824.86911146944,39482.61413070268
1200,41184.8920210536,3773.863335826154,41184.8920210536,39482.61413070268
1201,40255.309326446884,3008.5530168062774,40255.309326446884,39482.61413070268
1202,43665.54679040116,4798.052420149875,43665.54679040116,39482.61413070268
1203,40819.10542625564,3666.962455625345,40819.10542625564,39482.61413070268
1204,40171.238028838445,2855.751621007486,40171.238028838445,39482.61413070268
1205,46424.85459796485,7204.926289787548,46424.85459796485,39482.61413070268
1206,41937.91349486818,4747.736935468202,41937.91349486818,39482.61413070268
1207,42188.22955606178,4716.408789510639,42188.22955606178,39482.61413070268
1208,41614.97709631403,4018.488155483055,41614.97709631403,39482.61413070268
1209,41610.66366492438,3596.065549014801,41610.66366492438,39482.61413070268
1210,45144.486060320065,5491.845318756868,45144.486060320065,39482.61413070268
1211,41145.60095933759,3799.003729257713,41145.60095933759,39482.61413070268
1212,42169.84162792413,4636.770106462736,42169.84162792413,39482.61413070268
1213,42814.42853246958,4794.404393475096,42814.42853246958,39482.61413070268
1214,46059.59809738264,7128.514252530968,46059.59809738264,39482.61413070268
1215,42112.289606033424,4532.298562989249,42112.289606033424,39482.61413070268
1216,42306.84285621694,4628.785469003718,42306.84285621694,39482.61413070268
1217,42421.13843286371,4623.859430503229,42421.13843286371,39482.61413070268
1218,42071.806413837636,4634.875356873733,42071.806413837636,39482.61413070268
1219,41881.50005571345,3709.1185163416385,41881.50005571345,39482.61413070268
1220,42541.872968863696,3888.6352510162806,42541.872968863696,39482.61413070268
1221,39775.927201133105,2782.7211003131247,39775.927201133105,39482.61413070268
1222,45353.702996460685,6481.358620886355,45353.702996460685,39482.61413070268
1223,41230.62724487676,3776.337755550172,41230.62724487676,39482.61413070268
1224,42225.17982337363,4668.84161728949,42225.17982337363,39482.61413070268
1225,41175.47099823714,3882.951633134405,41175.47099823714,39482.61413070268
1226,41091.35191065971,3957.1543397964097,41091.35191065971,39482.61413070268
1227,46769.939133885826,6536.166543997484,46769.939133885826,39482.61413070268
1228,40958.21861275066,3658.470579057344,40958.21861275066,39482.61413070268
1229,42744.908788624474,4653.303290535598,42744.908788624474,39482.61413070268
1230,41168.677027982965,3802.253358067599,41168.677027982965,39482.61413070268
1231,43591.02456330994,5598.893954472881,43591.02456330994,39482.61413070268
1232,43703.463880705225,5799.88806572579,43703.463880705225,39482.61413070268
1233,43062.5019626861,5484.2232040866265,43062.5019626861,39482.61413070268
1234,41179.04262035771,3691.572405863316,41179.04262035771,39482.61413070268
1235,42097.10031135826,4709.68153306718,42097.10031135826,39482.61413070268
1236,45821.886272748816,6446.041246950705,45821.886272748816,39482.61413070268
1237,43858.66191465483,5958.167588633852,43858.66191465483,39482.61413070268
1238,42449.336665102965,4734.21309053297,42449.336665102965,39482.61413070268
1239,41715.70656155327,3936.7525035914914,41715.70656155327,39482.61413070268
1240,43371.652515335896,5707.877740601369,43371.652515335896,39482.61413070268
1241,40349.22679558558,3154.9331281083714,40349.22679558558,39482.61413070268
1242,44893.73512222171,5724.67426050452,44893.73512222171,39482.61413070268
1243,41195.275258689755,3722.38936669646,41195.275258689755,39482.61413070268
1244,40310.15647943999,3072.5760902805087,40310.15647943999,39482.61413070268
1245,43624.87553384201,5649.729094628856,43624.87553384201,39482.61413070268
1246,43099.8438015572,5650.596628359799,43099.8438015572,39482.61413070268
1247,42161.33066496994,4595.531580775741,42161.33066496994,39482.61413070268
1248,42540.80438200959,4746.692096481508,42540.80438200959,39482.61413070268
1249,45928.47074985786,7518.639914837727,45928.47074985786,39482.61413070268
1250,41915.107579344294,4569.140848028985,41915.107579344294,39482.61413070268
1251,40266.12519682471,2927.240234038369,40266.12519682471,39482.61413070268
1252,40255.66497008843,2968.1948253945698,40255.66497008843,39482.61413070268
1253,41330.043984278294,3737.152253785303,41330.043984278294,39482.61413070268
1254,40142.927324106626,2864.6628760114245,40142.927324106626,39482.61413070268
1255,41285.04190347048,3759.8813725349873,41285.04190347048,39482.61413070268
1256,42384.31523807884,4546.532117749805,42384.31523807884,39482.61413070268
1257,44732.599485937026,5917.5172963620735,44732.599485937026,39482.61413070268
1258,43715.526484318594,4855.819741287952,43715.526484318594,39482.61413070268
1259,42132.32886800636,4553.898058541534,42132.32886800636,39482.61413070268
1260,44381.258979719154,5696.509886515791,44381.258979719154,39482.61413070268
1261,43570.35443172971,5594.264664365279,43570.35443172971,39482.61413070268
1262,41979.60447179173,4622.924035764845,41979.60447179173,39482.61413070268
1263,44709.001467894464,6663.397286336384,44709.001467894464,39482.61413070268
1264,41353.61156593355,3861.9994133149057,41353.61156593355,39482.61413070268
1265,42555.155198439395,4940.098677858705,42555.155198439395,39482.61413070268
1266,40056.478111224154,2872.0304596329115,40056.478111224154,39482.61413070268
1267,39840.40938636084,2836.4444780794884,39840.40938636084,39482.61413070268
1268,42508.46682454621,3816.3146048187873,42508.46682454621,39482.61413070268
1269,43204.05194474965,5591.07116424836,43204.05194474965,39482.61413070268
1270,39989.78140491671,2856.9047332915698,39989.78140491671,39482.61413070268
1271,41310.26418964423,3700.142018868366,41310.26418964423,39482.61413070268
1272,41814.8183190529,4507.781537245261,41814.8183190529,39482.61413070268
1273,41988.47923007531,3722.268508466948,41988.47923007531,39482.61413070268
1274,42075.984210796276,4666.658334048692,42075.984210796276,39482.61413070268
1275,41386.56904154353,3989.4948995578693,41386.56904154353,39482.61413070268
1276,42227.06490664069,4721.843139235815,42227.06490664069,39482.61413070268
1277,43441.47691104737,5561.597152771808,43441.47691104737,39482.61413070268
1278,41486.68512295459,3678.332327496446,41486.68512295459,39482.61413070268
1279,40960.617893976036,3680.952379654598,40960.617893976036,39482.61413070268
1280,41133.852303438805,3782.878546007973,41133.852303438805,39482.61413070268
1281,45530.929617614755,7278.310519692823,45530.929617614755,39482.61413070268
1282,42096.714814234314,4638.152644432989,42096.714814234314,39482.61413070268
1283,42526.539263409286,4740.081735667828,42526.539263409286,39482.61413070268
1284,41099.94956344443,3959.8026362756136,41099.94956344443,39482.61413070268
1285,41312.51414231388,3728.8834434233017,41312.51414231388,39482.61413070268
1286,40038.23284023669,2873.447399028343,40038.23284023669,39482.61413070268
1287,40346.595290983896,2946.295063996187,40346.595290983896,39482.61413070268
1288,42407.33503530931,4781.147712686387,42407.33503530931,39482.61413070268
1289,40551.92903161394,2802.163258760222,40551.92903161394,39482.61413070268
1290,42822.63883454565,4639.246687603467,42822.63883454565,39482.61413070268
1291,41442.70873462044,3920.0284709088164,41442.70873462044,39482.61413070268
1292,43516.92818387317,5800.682915426077,43516.92818387317,39482.61413070268
1293,42479.84849297213,4756.018935863719,42479.84849297213,39482.61413070268
1294,40839.50572438675,3653.0627592128512,40839.50572438675,39482.61413070268
1295,42352.468997812495,4616.022906508677,42352.468997812495,39482.61413070268
1296,40398.78119176582,3066.8764191929226,40398.78119176582,39482.61413070268
1297,46723.842821320904,6428.742270624467,46723.842821320904,39482.61413070268
1298,42052.55975199083,4494.164175860262,42052.55975199083,39482.61413070268
1299,43450.81219587655,5696.499092324493,43450.81219587655,39482.61413070268
1300,45428.23720244922,7135.51040778208,45428.23720244922,39482.61413070268
1301,41249.85860372258,3823.4176610545924,41249.85860372258,39482.61413070268
1302,41053.40839123032,3681.616253131745,41053.40839123032,39482.61413070268
1303,41324.999736166414,3987.7680809295125,41324.999736166414,39482.61413070268
1304,42205.28618703022,4768.9959383407895,42205.28618703022,39482.61413070268
1305,45340.843682129635,7309.186540978537,45340.843682129635,39482.61413070268
1306,43577.632899118136,4941.894051882259,43577.632899118136,39482.61413070268
1307,44035.66000426796,6529.219314914588,44035.66000426796,39482.61413070268
1308,44553.5135039403,6448.240332444824,44553.5135039403,39482.61413070268
1309,41208.94520486098,3718.8290128500776,41208.94520486098,39482.61413070268
1310,42233.9997474566,4756.023598515509,42233.9997474566,39482.61413070268
1311,43240.16682917214,5531.079275730102,43240.16682917214,39482.61413070268
1312,42558.3401837509,4873.572514149106,42558.3401837509,39482.61413070268
1313,41567.25268733426,3721.8893664281786,41567.25268733426,39482.61413070268
1314,42271.94330622624,4652.451813244039,42271.94330622624,39482.61413070268
1315,41058.51218797469,3838.8658185259105,41058.51218797469,39482.61413070268
1316,41365.3579933293,3993.0797280405727,41365.3579933293,39482.61413070268
1317,43674.82391537621,4624.65157739406,43674.82391537621,39482.61413070268
1318,43365.27301427508,5688.705865738709,43365.27301427508,39482.61413070268
1319,43437.169446827895,5686.3293307342165,43437.169446827895,39482.61413070268
1320,43357.84442648905,4729.796934805543,43357.84442648905,39482.61413070268
1321,43029.20216016337,5706.045332663419,43029.20216016337,39482.61413070268
1322,42706.34844140558,4611.062045786834,42706.34844140558,39482.61413070268
1323,46881.18517058101,8125.3467981924305,46881.18517058101,39482.61413070268
1324,43023.44531842504,4464.143239414628,43023.44531842504,39482.61413070268
1325,41182.66477904428,3800.049838950378,41182.66477904428,39482.61413070268
1326,42029.64740302534,4493.390833134265,42029.64740302534,39482.61413070268
1327,43079.70134341789,5527.539437533691,43079.70134341789,39482.61413070268
1328,40026.32913753894,2819.1940903023788,40026.32913753894,39482.61413070268
1329,42333.46676382199,4704.0894967564445,42333.46676382199,39482.61413070268
1330,40986.14516681472,3913.1757421321954,40986.14516681472,39353.20525935703
1331,43158.22798228117,5700.045645504649,43158.22798228117,39353.20525935703
1332,41068.111744975984,3605.0716101379485,41068.111744975984,39353.20525935703
1333,43554.46921134994,5494.1618256951015,43554.46921134994,39353.20525935703
1334,41044.23065176861,3769.143704811702,41044.23065176861,39353.20525935703
1335,40921.4502998517,3626.48372380605,40921.4502998517,39156.85795393811
1336,42057.45214645868,4615.545215403508,42057.45214645868,39156.85795393811
1337,40826.58521856474,3782.659605489361,40826.58521856474,39156.85795393811
1338,42447.54728266837,4675.711043211686,42447.54728266837,39156.85795393811
1339,40692.51564633626,3851.287633458046,40692.51564633626,39156.85795393811
1340,40664.69887804774,2988.2395071573233,40664.69887804774,39156.85795393811
1341,46112.580182239464,7293.217335597774,46112.580182239464,39156.85795393811
1342,41884.2143136754,4540.24478376918,41884.2143136754,39156.85795393811
1343,40806.523394528675,3834.3031751941803,40806.523394528675,39156.85795393811
1344,40857.39667539888,3732.721628215052,40857.39667539888,39156.85795393811
1345,40790.817261016884,3840.6624448281254,40790.817261016884,39156.85795393811
1346,40698.02978608567,3818.3718714977854,40698.02978608567,39156.85795393811
1347,41796.49514106261,4587.435953786253,41796.49514106261,39156.85795393811
1348,39363.87228907806,2713.0383530259196,39363.87228907806,39156.85795393811
1349,42873.089030525545,5634.875141755614,42873.089030525545,39156.85795393811
1350,41915.78277257196,4516.576510604771,41915.78277257196,39156.85795393811
1351,46035.0189282555,5579.42149678047,46035.0189282555,39156.85795393811
1352,41034.74607988742,3755.5162702530797,41034.74607988742,39156.85795393811
1353,43360.17535517083,5857.619670354195,43360.17535517083,39156.85795393811
1354,41725.43277108429,4584.746523080891,41725.43277108429,39156.85795393811
1355,41116.746944682396,3915.1387540544156,41116.746944682396,39156.85795393811
1356,40358.87685887668,3020.196643072408,40358.87685887668,39156.85795393811
1357,43036.71299102261,4602.009949683385,43036.71299102261,39156.85795393811
1358,40686.90671842359,3759.1835674335284,40686.90671842359,39156.85795393811
1359,41257.27798757433,3725.2948059258647,41257.27798757433,39156.85795393811
1360,41883.42914204394,4681.640139020221,41883.42914204394,39156.85795393811
1361,42611.09223239077,5439.709320414537,42611.09223239077,39156.85795393811
1362,40739.39587002592,3744.7004935282444,40739.39587002592,39156.85795393811
1363,42059.83391534397,3951.933433303465,42059.83391534397,39156.85795393811
1364,40137.8573539431,2985.1575155357573,40137.8573539431,39156.85795393811
1365,40705.80534274566,3684.0840782493397,40705.80534274566,39156.85795393811
1366,40842.117043191174,3764.376114589696,40842.117043191174,39156.85795393811
1367,43505.13318848488,5822.028549442335,43505.13318848488,39156.85795393811
1368,42036.927966357456,4728.281042055829,42036.927966357456,39156.85795393811
1369,42021.55400565228,4740.503477807182,42021.55400565228,39156.85795393811
1370,40081.41015299024,2800.342997359042,40081.41015299024,39156.85795393811
1371,45398.8219234988,7478.486413143632,45398.8219234988,39156.85795393811
1372,41973.220558010406,4643.016623587849,41973.220558010406,39156.85795393811
1373,42757.03400477118,4729.814522613431,42757.03400477118,39156.85795393811
1374,43063.21782603984,5603.565170251057,43063.21782603984,39156.85795393811
1375,42622.72358507302,4668.495603721469,42622.72358507302,39156.85795393811
1376,42042.65143465785,3650.483147026408,42042.65143465785,39156.85795393811
1377,43044.80676954762,3886.9448337654453,43044.80676954762,39156.85795393811
1378,42074.08661002638,4561.137157821677,42074.08661002638,39156.85795393811
1379,41076.08305616041,3811.157582795643,41076.08305616041,39156.85795393811
1380,39578.69984601855,2803.7368959834716,39578.69984601855,39156.85795393811
1381,42896.22860153476,5493.595739610144,42896.22860153476,39156.85795393811
1382,39884.72930193986,2820.923736410866,39884.72930193986,39156.85795393811
1383,39727.34315671242,2770.25713703339,39727.34315671242,39156.85795393811
1384,41141.48406108557,3989.329025133741,41141.48406108557,39156.85795393811
1385,40515.31162355794,3588.676633348233,40515.31162355794,39156.85795393811
1386,47340.30761072367,8378.981441860535,47340.30761072367,39156.85795393811
1387,40027.37007266239,2880.7733265028796,40027.37007266239,39156.85795393811
1388,41500.06822789394,4488.583491627733,41500.06822789394,39156.85795393811
1389,40346.0700928353,3682.364515425537,40346.0700928353,39041.415771570624
1390,41842.10948369896,5055.5245602496525,41842.10948369896,39041.415771570624
1391,40974.22075785213,4196.968853240663,40974.22075785213,39041.415771570624
1392,40714.14444155566,4046.295328686777,40714.14444155566,39041.415771570624
1393,43823.01268554507,5844.210966899457,43823.01268554507,39041.415771570624
1394,41544.25964201346,4805.135855995443,41544.25964201346,39041.415771570624
1395,41986.52240275951,5041.212737511991,41986.52240275951,39041.415771570624
1396,43373.01781944159,5875.609276725983,43373.01781944159,39041.415771570624
1397,41475.56523004017,4135.700476033899,41475.56523004017,39041.415771570624
1398,42006.019466421065,4974.654336733271,42006.019466421065,39041.415771570624
1399,40564.199953844676,4185.117700144502,40564.199953844676,39041.415771570624
1400,40613.96929077477,4017.6917586667378,40613.96929077477,39041.415771570624
1401,39334.60829391166,3186.9780355414528,39334.60829391166,39041.415771570624
1402,40657.29390317814,3990.365382263134,40657.29390317814,39041.415771570624
1403,40824.52076578627,4004.1164119537193,40824.52076578627,39041.415771570624
1404,39880.15394387079,3201.5532401075448,39880.15394387079,39041.415771570624
1405,42811.76250378567,5819.269476982001,42811.76250378567,39041.415771570624
1406,40954.51688328261,3932.6338047862655,40954.51688328261,39041.415771570624
1407,40435.62340554488,4080.6243092944014,40435.62340554488,39041.415771570624
1408,42053.66113185729,5119.975223686569,42053.66113185729,39041.415771570624
1409,42900.2740845499,4961.973145264163,42900.2740845499,39041.415771570624
1410,40423.619562791064,3968.0548883673437,40423.619562791064,39041.415771570624
1411,41128.07758861985,4076.688581414349,41128.07758861985,38941.272583016296
1412,39561.43418047305,3386.7650319580084,39561.43418047305,38941.272583016296
1413,40322.305093271345,4072.7948319054967,40322.305093271345,38941.272583016296
1414,42046.05582700658,5079.467404030268,42046.05582700658,38941.272583016296
1415,43850.42770152719,6614.0344000202995,43850.42770152719,38941.272583016296
1416,41768.34131884748,4909.964564617832,41768.34131884748,38941.272583016296
1417,39451.29128102737,3090.6898984361133,39451.29128102737,38941.272583016296
1418,42405.160279821,5868.921746182418,42405.160279821,38822.452105463635
1419,39565.123655942836,3200.696370401881,39565.123655942836,38822.452105463635
1420,42863.58538417029,5835.380496453115,42863.58538417029,38822.452105463635
1421,42966.50904916355,5033.055413350231,42966.50904916355,38822.452105463635
1422,39284.89297881043,3143.672965380721,39284.89297881043,38822.452105463635
1423,39461.27975312184,3277.796856134879,39461.27975312184,38822.452105463635
1424,39596.646211552514,3270.205274453132,39596.646211552514,38822.452105463635
1425,41362.420386029626,4888.178662025346,41362.420386029626,38822.452105463635
1426,39408.36707006383,3231.960404491164,39408.36707006383,38822.452105463635
1427,43680.194185208515,5860.194298282466,43680.194185208515,38822.452105463635
1428,40141.325099913534,4002.987866143856,40141.325099913534,38822.452105463635
1429,42673.5519001587,5827.225073352352,42673.5519001587,38822.452105463635
1430,41470.41172455276,4950.273173010779,41470.41172455276,38822.452105463635
1431,40114.54867333207,3904.9029878808383,40114.54867333207,38822.452105463635
1432,41855.93897102749,4887.124257344587,41855.93897102749,38822.452105463635
1433,41477.468539602334,4944.097842367386,41477.468539602334,38822.452105463635
1434,43769.32112120753,6484.041686224178,43769.32112120753,38822.452105463635
1435,44811.98160406761,5905.3251324500525,44811.98160406761,38822.452105463635
1436,39230.819535763505,3183.8389324063596,39230.819535763505,38822.45210546363
1437,41544.93038803065,4857.727378784764,41544.93038803065,38794.1209182599
1438,40279.524963005846,4160.426747405965,40279.524963005846,38794.1209182599
1439,41337.2784297719,4854.450036283454,41337.2784297719,38794.1209182599
1440,43423.5843344023,5662.17392558397,43423.5843344023,38794.1209182599
1441,42888.020801617466,5031.07567080911,42888.020801617466,38574.674050813774
1442,44390.28057493574,5628.7848743840905,44390.28057493574,38574.674050813774
1443,39130.69308211534,2936.8217982980277,39130.69308211534,38574.674050813774
1444,41440.31813616508,4851.19650744402,41440.31813616508,38574.674050813774
1445,43518.24778009424,5701.516748802658,43518.24778009424,38574.674050813774
1446,40129.52372898211,3839.797521978394,40129.52372898211,38574.674050813774
1447,40642.70295002601,4163.625407159948,40642.70295002601,38574.674050813774
1448,39345.71259506459,3093.022071689504,39345.71259506459,38429.83349322934
1449,40561.95137713458,4145.064947679964,40561.95137713458,38429.83349322934
1450,41500.139979649015,4633.116183152722,41500.139979649015,38429.83349322934
1451,39580.17753589238,3135.2014186491797,39580.17753589238,38429.83349322934
1452,42753.734017425566,5393.0406578955835,42753.734017425566,38429.83349322934
1453,39022.18309180166,2867.679697854731,39022.18309180166,38429.83349322934
1454,40206.99381523631,3861.8838260937277,40206.99381523631,38429.83349322934
1455,43650.20136532043,6707.924644905559,43650.20136532043,38429.83349322934
1456,40036.507379605646,3768.035215654246,40036.507379605646,38429.83349322934
1457,40179.61670598236,3734.2412883182988,40179.61670598236,38429.83349322934
1458,41695.80976442843,4625.187167995597,41695.80976442843,38429.83349322934
1459,40092.99278195782,3702.9741851017448,40092.99278195782,38429.83349322934
1460,41250.24620480905,4564.8659511969945,41250.24620480905,38429.83349322934
1461,40109.70339590843,3710.7135447073133,40109.70339590843,38429.83349322934
1462,42824.74918677025,5852.945592808719,42824.74918677025,38429.83349322934
1463,45301.82379699284,7051.341912023944,45301.82379699284,38429.83349322934
1464,38902.419254749126,2790.2869140814205,38902.419254749126,38429.83349322934
1465,42500.60158128949,5676.535326463854,42500.60158128949,38429.83349322934
1466,39981.83474352651,3680.3208715959568,39981.83474352651,38429.83349322934
1467,42519.3120624924,4641.542381141426,42519.3120624924,38429.83349322934
1468,40164.42845682973,3856.0419085649146,40164.42845682973,38429.83349322934
1469,38890.56959436847,2916.6388376880386,38890.56959436847,38429.83349322934
1470,42315.13964800585,4714.668185805198,42315.13964800585,38429.83349322934
1471,40566.85882116979,3686.305974245422,40566.85882116979,38429.83349322934
1472,41985.04356193426,5399.474230801626,41985.04356193426,38429.83349322934
1473,40918.36790931851,4674.332586230257,40918.36790931851,38429.83349322934
1474,41154.61052689317,4652.746700732164,41154.61052689317,38429.83349322934
1475,42184.73325899906,4600.137057679419,42184.73325899906,38429.83349322934
1476,40938.11190014707,4526.7064868533935,40938.11190014707,38429.83349322934
1477,44330.07393207046,6741.4197802882045,44330.07393207046,38429.83349322934
1478,44857.63139430329,6619.875532579621,44857.63139430329,38429.83349322934
1479,42008.05279257866,5464.886000382069,42008.05279257866,38429.83349322934
1480,43924.542874232066,6512.3298634120265,43924.542874232066,38429.83349322934
1481,39849.9223058557,3710.7135447073133,39849.9223058557,38429.83349322934
1482,39046.17120241007,2795.65202976357,39046.17120241007,38429.83349322934
1483,40438.50110537925,3819.706736794941,40438.50110537925,38429.83349322934
1484,42829.41710081649,5875.440677320483,42829.41710081649,38429.83349322934
1485,39725.129652821124,3748.817677749331,39725.129652821124,38429.83349322934
1486,40242.77250764578,3966.628294877309,40242.77250764578,38429.83349322934
1487,42692.28224139545,5256.725838624661,42692.28224139545,38429.83349322934
1488,39617.52089997432,2858.8637490177343,39617.52089997432,38429.83349322934
1489,41437.95177119078,4743.08640646413,41437.95177119078,38429.83349322934
1490,42505.5399268521,4850.193209111702,42505.5399268521,38429.83349322934
1491,41525.036605120826,4755.502497216456,41525.036605120826,38429.83349322934
1492,42997.31316254917,5054.421089476027,42997.31316254917,38429.83349322934
1493,41559.96880806049,4657.840356274304,41559.96880806049,38429.83349322934
1494,40777.23214854528,4548.748621751202,40777.23214854528,38429.83349322934
1495,41313.681240970705,4748.262517132642,41313.681240970705,38429.83349322934
1496,42283.76148681571,5694.528317980715,42283.76148681571,38429.83349322934
1497,38875.93722814349,2833.4432961762777,38875.93722814349,38429.83349322934
1498,41036.90081832256,4553.451250449655,41036.90081832256,38429.83349322934
1499,39987.8808359397,3823.723534005432,39987.8808359397,38429.83349322934
