,per_it_avg_total_length,per_it_avg_max_path_length,per_it_avg_fitness,per_it_best_fitness
0,59108.56652662591,7228.092210767072,426879546.83190733,267334224.65141383
1,61260.6175126476,6092.55375327093,386485513.50176084,266645383.84681597
2,60211.08973084914,5378.000690765413,330543849.6854059,265599065.7619047
3,59731.160385979936,5212.73861106553,317790325.19513667,264302781.8795654
4,61689.65300633104,6019.878343067001,390524271.55955225,261409048.63565907
5,59271.40619831414,5314.274051762792,321831559.95175916,261409048.63565907
6,57976.686412939955,4556.770716653742,264204474.38577265,258818232.4227209
7,58514.612034942416,5387.592006664868,323135972.64155775,257802041.74054575
8,57356.224946405295,4604.550803375261,264174532.93790418,253312392.48246148
9,60328.54614027277,7589.2316520142895,475659147.50163925,250706995.02576527
10,58247.399089484745,6068.559484971765,367115350.1699177,246187696.5550063
11,58579.99054003136,6907.702166215376,424169099.67542905,242976364.83523628
12,55808.76431715139,5211.622246996829,296817462.90529716,241989260.8504083
13,56603.413625433925,6018.671995731153,353426068.61023307,241941144.53354284
14,54549.40733290416,4632.059113562676,252751141.5509439,240294569.80728218
15,54228.98308423058,4510.935055831045,244688616.85872135,238115507.48196486
16,53831.2903236359,4464.799043173451,240349900.37176737,235163136.11007074
17,55199.08757570529,5226.106019958381,302780744.2142366,233922482.63139606
18,53954.8844880459,5205.179465714231,287860098.8351183,232772900.18714324
19,54061.68152454919,5229.907875490523,290067288.6034764,232772900.18714324
20,53724.348721550115,5172.608920397709,284673552.8297976,220601111.92207065
21,53371.66454029262,5010.207493461616,274264149.4397679,219694126.04341146
22,53233.13700328434,4990.661268044535,273103015.3559303,200791237.88237342
23,51652.897991310056,3951.708608661151,204170889.57575557,197249738.04243815
24,52145.50961962504,4737.336639969294,255462555.3277704,197249738.04243815
25,52995.409193943444,5551.287353694675,308277510.75003046,197249738.04243815
26,52747.05504048556,5549.128902655668,307544734.64268476,195287636.89098912
27,50316.53839295205,3890.2285756555866,195744274.6721274,190404340.18797827
28,52754.12873499865,5459.829320025495,301950257.2841929,190404340.18797827
29,52856.17524596127,5455.447222351189,301763359.4059923,190176583.66332802
30,51674.67630417795,4828.84785141257,257466850.464707,187649113.28063405
31,49921.332738245546,3828.9003501390457,191190499.10414347,187250846.97252035
32,53054.12597917001,6284.996522621011,351733793.42950076,187250846.97252035
33,50779.29916764794,4615.3727973019395,242888244.9124983,187250846.97252035
34,51063.67375277697,4719.447107947983,249579251.15068856,187120106.4879479
35,49486.78189245047,3794.313856342834,187768382.2403404,187120106.4879479
36,50871.01446416098,4666.702056155293,244509396.3991085,186192523.25475034
37,50757.21844983965,4629.458192557993,243961759.6969993,179929729.25889155
38,50183.01032642535,3601.785461341151,180748437.00005165,179006014.45198908
39,51093.41124253358,4518.775984298274,239555481.74676433,179006014.45198908
40,51202.67622535008,4520.379697522451,240156087.40333757,179006014.45198908
41,51971.33046164789,5358.910494971475,293659480.0555435,179006014.45198908
42,49918.933034264934,3670.8972584321937,183274768.79238632,179006014.45198908
43,50155.518575587965,3702.3398408348467,185770701.32374567,178829461.50910437
44,50146.05887933799,3716.6647724773475,186431384.8260823,178151482.15161288
45,51006.10305223429,4460.692691697307,236213923.39286032,176959264.29677638
46,50975.023117055855,4547.02407104739,239617328.34620935,174840147.28016317
47,49337.30236346847,3671.6108662708334,181261495.0757371,165909793.52525127
48,51826.59720732906,5419.015756464594,303774300.25735563,165909793.52525124
49,48800.1293454989,3687.044722019467,180107437.93769917,165475574.4541375
50,48439.567889851845,3484.523293192983,168784268.8594045,165475574.4541375
51,51214.70055324609,6017.952041789138,327099860.4016663,165475574.4541375
52,51748.4649509115,6244.609137412519,341771111.96587217,165459787.9809098
53,49079.14508125271,3791.679125172081,186512058.43861884,165459787.9809098
54,52325.93052475469,5866.924321222334,330816952.0453056,164700082.45532474
55,49719.4579535699,4411.714837592536,227219873.7498437,163120471.8877728
56,48501.78456951152,3504.34361423069,170081860.80426067,163120471.8877728
57,51799.80675942984,5311.6709657691335,296958215.94285595,163120471.8877728
58,49180.13984225626,4272.360805584662,220239303.17162427,162393514.96156034
59,48787.33611932748,4328.280064853764,220331733.45685324,161949047.60551277
60,49243.44813463885,4375.718129244818,223314524.94203454,161949047.60551277
61,50882.286922856394,6060.447394574714,327869373.7663492,161949047.60551277
62,53888.38769233711,7791.329270445787,444120767.70163906,161949047.60551277
63,49707.082816960734,5135.476912376256,270396406.0026382,161949047.60551274
64,50300.1771466761,5171.1910913619995,275083432.4027975,161949047.60551274
65,48746.137347308104,4241.429782347938,214868688.96493617,147632575.05346316
66,51734.86491282426,5961.514913407364,328904372.56904775,146654235.0506941
67,52947.17648263058,5898.71008838921,340310302.6803448,146654235.0506941
68,50358.41012627809,4859.629021570856,259930387.05962023,134467998.6006268
69,49585.66893717377,3851.668241618586,199510089.40123743,134467998.6006268
70,50698.500224769305,4858.962742463618,261228123.6586854,134467998.60062677
71,50073.61460567643,3842.5648862666794,200509127.2712665,133978895.08849584
72,49609.09218125889,4067.377209074468,209611591.55057448,133388159.57004404
73,48234.33013706658,2799.986822559427,135068243.02352852,133200448.32437366
74,48083.30889148441,2920.641569290014,140499142.18927854,133200448.32437366
75,48176.47104995168,2926.523764625181,141290228.10665315,131367055.09196472
76,48447.307541005386,3852.5643734633813,196403814.48016137,131367055.09196472
77,47437.71687122587,2881.5488237824125,136737743.88045442,130492350.99818766
78,48420.7008141379,3874.4679982902394,194708108.89675695,130492350.99818766
79,48613.47587999279,3855.7909016375734,195954614.90941867,130492350.99818766
80,49352.71424277146,3904.175294306408,210778133.7123336,130153512.04703495
81,48492.57529849905,4023.127089219847,204763169.15460598,130153512.04703495
82,51763.26843720478,5689.975628698656,322800710.60730946,129428524.50198218
83,49212.27737062471,4804.356759604431,253686510.96622485,129428524.50198218
84,48219.16019814002,3743.5250643314125,188965909.7244538,124093052.67356573
85,50717.261021411265,5631.167739791643,306425067.41163665,116379291.78037173
86,49108.10714457604,3614.4059499390546,197101922.97691622,116379291.78037173
87,47268.357150282034,3043.667466896255,144222320.16354787,116379291.78037173
88,50273.20308134681,5552.248007274491,302834270.2592325,116234944.74693023
89,48093.53269277963,3661.591311335325,185571069.11490923,116224754.71369891
90,50002.382561954684,5767.057333991512,307378789.3094747,116224754.71369891
91,47806.37273392584,3489.785056537795,177991017.5903115,116224754.71369891
92,48212.47676247186,3874.5383579764034,198758694.20548984,115706065.36768498
93,48620.06110096988,4448.529049075658,231330744.958354,115706065.36768498
94,50845.44895224483,5341.827335531483,302337975.49685156,115391713.84726153
95,48389.668568531684,4369.782536955863,227441058.21309695,115391713.84726153
96,49531.01599839027,5517.58577546045,297625214.0312795,115294736.37513317
97,46354.55814703434,2656.127526347801,123145269.85742784,114066306.31450355
98,48171.792638182036,4584.692504504723,236243967.41957474,114066306.31450354
99,48273.98981957347,4511.80775689196,231072602.18488455,114066306.31450354
100,48050.217104176576,3606.5974914424974,193711939.32633215,114066306.31450354
101,49155.58070473528,5294.286399073642,282451382.3149861,114066306.31450354
102,47209.18454604516,3593.2530839715378,178457356.1514758,114066306.31450354
103,46392.19394962761,2856.95727091976,133389036.18782175,113559715.31552072
104,48831.44432459219,4540.350452450082,248354838.97970238,113030448.00964697
105,46600.42636538107,3415.1043365686214,168468880.77844825,113030448.00964697
106,50600.13185275922,7190.724004217989,389755814.381689,113030448.00964697
107,48635.05139050053,4805.910970358296,252574076.53707355,113030448.00964697
108,47943.49312761781,4640.486754399627,236796020.82873225,113030448.00964697
109,47902.27381332128,4501.794015864551,230452599.54860535,113030448.00964697
110,49865.26975818967,5496.142357407723,301902059.01598394,113030448.00964697
111,46629.37435689354,3641.6767037591535,178612336.88214698,112810953.56370676
112,48098.15136206152,4371.149533207577,225711173.19952616,112810953.56370676
113,46883.31012561799,3548.9090013636596,175065498.95637146,112810953.56370676
114,49880.924821780565,6346.172969562607,340733809.6124174,112810953.56370676
115,46976.597754923474,3597.377758711187,178570165.20860276,112294147.67928015
116,49741.90864817138,5487.854411639805,302792503.3627405,112294147.67928013
117,49307.44991065336,5583.822372512954,295270112.87094176,112294147.67928013
118,48779.69978050229,5435.062204994702,284424789.8065318,112294147.67928013
119,48987.146028643336,5365.4036496283925,282157589.4709259,112294147.67928013
120,48797.53706607223,4536.143062901398,244481953.8503014,111861960.44760288
121,46555.524940648065,3545.5180052921874,173255778.04206267,111861960.44760288
122,48538.93567456522,4639.852265160184,250804257.63400263,111397125.6092612
123,46460.16672114688,3776.3649767684606,183344273.63614675,111397125.6092612
124,46170.21089783572,3447.187014156893,168755701.45998102,111068713.56197491
125,49398.07066925396,6319.199836941699,335833090.6243084,111068713.56197491
126,47584.21473830751,4524.546137230027,232988758.491331,110909876.9026257
127,48500.43149823653,5490.658866112686,286719322.1317087,110909876.9026257
128,48650.27693568876,5639.085270064707,292720945.0503654,110909876.9026257
129,49088.13579749811,5310.860671341458,290085828.8914677,109272290.5438922
130,47668.47797292508,5604.562438920318,286771221.7237804,109272290.5438922
131,46778.10812047281,4561.855920750925,229404902.45292696,109272290.5438922
132,45679.44198885454,3810.257855093542,183772409.93467763,109272290.5438922
133,48951.97169599334,6514.138802289103,341298191.9022616,109119897.74417463
134,45656.14446396858,3533.8320518690552,170292072.07371357,109119897.74417463
135,45890.79287136495,3647.9094130965036,177154462.54946828,109119897.74417463
136,47780.97844828888,4578.299797630988,245071345.5109477,109119897.74417463
137,47781.55920156725,5220.231129421856,270054341.6522805,109119897.74417463
138,46326.05135950392,3700.940405285757,179872377.64148784,109119897.74417463
139,46520.22811126534,4296.064966242709,215981502.23582807,109119897.74417463
140,44948.41992351086,2765.47505172954,124633841.88973165,108718869.47641075
141,45627.26200872625,3541.270089791286,171100915.54929942,108718869.47641075
142,47912.08837999504,5384.3999392433225,276073763.68045485,108718869.47641075
143,46326.714161567106,4322.864296567376,218204744.95339555,108369872.04587755
144,46426.58620916286,4383.391993682276,222045036.49358654,106616219.9267457
145,45288.20659753576,3397.3123590623336,162774360.3496174,106616219.9267457
146,44546.6946842291,2696.622882788594,120415350.71439111,106616219.9267457
147,51674.75447516727,9073.409163737242,489690687.026117,106616219.9267457
148,47556.2638455743,4511.850871728466,242897052.26764888,106616219.92674568
149,45508.01951730571,3592.6224731664634,173563782.97117183,106616219.92674568
150,47444.622834235444,3607.621672331691,199198451.91464138,101356105.43125528
151,48046.6772869553,5528.06711613032,288526654.5352818,101356105.43125528
152,46337.45322541623,4419.528397353793,222113696.84739137,101356105.43125528
153,48139.57050134444,6043.104718364715,313238659.3510512,101356105.43125528
154,46595.648837850196,4335.348371548619,217321687.40468484,101356105.43125528
155,49634.29387103757,7312.017250188355,390202148.6064966,101356105.43125528
156,47952.97755006813,5460.056481196443,281972295.3383218,101356105.43125528
157,48753.06383308872,6159.321916186781,325201824.7915615,101356105.43125528
158,45029.0752503299,2526.2858968351115,114040000.94441068,101356105.43125528
159,45447.069849419146,3331.293280760491,160326021.7085496,101356105.43125528
160,48820.926136830356,5486.56326304679,295278317.6141687,101356105.43125528
161,45794.58803069828,3441.4834351206036,169605987.959448,101356105.43125528
162,46070.0503402048,3306.2335227159797,170301052.37364617,101356105.43125528
163,45150.66735828723,2814.8399017584807,127319696.39629197,101356105.43125528
164,47655.5407800745,5230.4680984508395,268720135.5715171,101356105.43125528
165,45319.833527611874,2909.8220284773206,132567870.76059003,101356105.43125528
166,47197.14394784373,4554.555751895632,235530660.72872138,101356105.43125528
167,45600.52727972113,3381.3736145972202,164438382.45053372,101356105.43125528
168,48720.952246609035,5427.572462441928,292891640.01517075,101356105.43125528
169,47677.23750071751,5283.69023321158,273283033.89799756,101341667.5376382
170,46981.512907677185,4573.718706578753,233526206.24777818,101341667.5376382
171,48661.891387379015,6224.454684601886,328131330.4682216,101341667.5376382
172,46357.01041669999,3389.200493133039,177292695.48494864,100982332.3125331
173,45267.193587457,3453.77821855585,167127842.59331965,100982332.3125331
174,48567.43465374753,4483.351512086575,249563440.625148,100982332.3125331
175,45361.953712833645,3594.2912286479504,173685691.63981038,100982332.3125331
176,44474.131963094835,2527.567934960802,112597987.39506853,100982332.3125331
177,44862.25234743625,2725.068117344291,122768201.74553433,100982332.3125331
178,45210.09900727828,3565.457891312211,169767403.91175863,100783946.47029208
179,48830.7011675207,5676.997714395223,304686756.55059767,100783946.47029208
180,46559.10520519328,4487.455874166844,227357996.268475,99803617.19813079
181,46167.59348398798,4390.333272635805,219446868.61943167,98050835.88009001
182,45778.284439067895,4466.027810121695,220454608.02479038,98050835.88009001
183,46950.28718972871,5219.053597239046,263878257.32236162,98050835.88009001
184,43609.81308057928,2340.685159821365,102128413.26691213,98050835.88009001
185,47042.57672553296,5179.405289122943,264775657.61038774,98050835.88009001
186,44577.79088909625,3510.8324961043922,165631597.95908427,98007855.58256349
187,48380.792768902946,6503.690198862856,337049435.64481556,98007855.58256349
188,44803.03268739843,3416.529832784975,163582233.9987586,98007855.58256349
189,44934.88054102424,3568.500448652888,168970765.6977579,97876268.35375217
190,43704.11804166044,2576.9559889795155,113015334.4965941,97876268.35375217
191,44677.68734673997,3170.2306080218455,150593810.82935333,97876268.35375217
192,48530.06825345076,5334.13921378278,284728727.62440294,97876268.35375217
193,46841.10342126292,4339.726934399935,228145398.65036526,97876268.35375217
194,47178.02228204332,4269.239888229566,228574466.59993324,97876268.35375217
195,45082.05870129642,3730.0711904435,178315795.0855003,97876268.35375217
196,45020.55440087377,3728.170124718934,177536601.79493156,97876268.35375217
197,49031.23586237221,6187.566785726279,335706753.09864306,97876268.35375217
198,46238.15453363961,4515.857050657017,224962189.39713407,97876268.35375217
199,45639.60913007757,4430.53939862974,218978309.15726748,97876268.35375217
200,44443.38529115009,3351.584073852827,157954749.33537927,97876268.35375217
201,48133.18409264243,6265.205763464175,325997783.5279027,97876268.35375217
202,44628.044001625465,3460.991486974338,163105333.23550642,97765884.37428746
203,49530.09249024386,6228.022714333836,339438520.99881154,97765884.37428746
204,48472.7207083924,6437.235449121848,335730850.6639041,97765884.37428746
205,45340.75910790664,3494.8909190299064,167098460.35197642,97765884.37428746
206,47721.25194671437,4516.106648806783,241644625.3041706,97765884.37428746
207,47694.682926825924,5448.152135262137,281218006.8594149,97765884.37428746
208,46364.632496795864,4400.9492525182895,220847212.23065862,97765884.37428744
209,47274.70480555405,5476.749518747339,279351967.4015464,97765884.37428744
210,48156.3396882798,5449.884766554676,289944965.46090996,97765884.37428744
211,45144.33648691441,3387.8895095967578,164264251.68225336,97765884.37428744
212,46566.88648405907,4452.272187740116,224041224.70334736,97765884.37428744
213,46673.92563689722,4640.180090327789,232063163.10454193,97765884.37428744
214,47116.07234251534,5244.701354400723,269286597.037882,97765884.37428744
215,45629.09002028448,3606.8419452627386,175195142.91775697,97765884.37428744
216,46386.21486347704,3435.341460914704,178375663.675597,97765884.37428744
217,45311.234100592796,3334.8529362800555,160392853.7069386,97765884.37428744
218,45074.87061094824,3539.654277063324,170397311.72639993,97765884.37428744
219,45315.738427732715,3452.0079819758416,166703762.05857605,97765884.37428744
220,46440.30413781221,4532.862137434024,225430797.26663175,97765884.37428744
221,45142.883355556274,3414.9483694635696,164060769.5409612,97650275.27758235
222,45656.295853336494,4240.814238205644,211066177.9020505,97650275.27758235
223,44594.337662293765,3311.3495015791314,156664503.92858493,97650275.27758235
224,43992.685029285654,2476.9464132105213,109302201.5315774,97650275.27758235
225,47354.81200549654,4479.211539948628,238804130.05966195,97650275.27758232
226,45973.58837455511,4329.971353184151,215069977.24938458,97650275.27758232
227,47159.81181053149,4367.450278084029,230707721.48456573,97650275.27758232
228,47360.02886280032,5278.233418780703,271392504.30141324,97650275.27758232
229,46203.53454984823,4454.147754112293,224974962.98397198,97315231.05107301
230,47869.07557989874,5246.456412278417,280363749.8186466,96843325.2397608
231,44858.07030200894,3369.644799439033,159785277.26407066,96843325.2397608
232,44697.77506967493,3528.684488052261,167155220.8132367,96843325.2397608
233,48561.839142418736,6354.170100173989,332052135.78056556,96296846.97029305
234,46161.93991360134,4350.121917760124,217833630.84307662,96296846.97029305
235,45022.596257856945,3224.101178212689,155667487.0565666,96229155.63153462
236,46770.03558780206,5123.247358000801,261389741.29916865,96229155.63153462
237,44758.485119438476,3376.2763015694754,160954851.96838257,96229155.63153462
238,48275.92044104576,6347.296250129441,334200673.38752574,96229155.63153462
239,44708.751426752126,3314.0890003027844,156798998.79098576,96229155.63153462
240,53172.50677254703,7491.379352697992,439903953.3460925,96229155.63153462
241,44582.16758037981,3216.136627678894,152196748.88992637,96229155.63153462
242,47883.25563758095,5413.056252579641,287898202.1386877,96229155.63153462
243,46960.28679947389,4680.289789840234,244024506.85186023,96229155.63153462
244,44885.48516203067,3369.427561868591,161682352.12873918,96229155.63153462
245,48038.35592321956,5321.355786344225,283973632.7215823,96229155.63153462
246,45668.256052937824,4282.86883507,212570422.67657527,96229155.63153462
247,44720.5864884945,3506.0625013792305,165471305.95611256,96229155.63153462
248,44797.01436981895,3224.6891415348264,154980929.26625708,96229155.63153462
249,43771.14310589268,2556.4714112998636,112230731.38248834,96229155.63153462
250,47054.09825395496,3446.419287555115,190582482.8662315,96229155.63153462
251,45657.579009932,4253.856449486589,210875877.5220719,96229155.63153462
252,49007.9060606761,7167.268150469897,376534753.53374493,94310304.80865207
253,44851.66764397774,3580.433018155515,169391517.9372102,94310304.80865207
254,47867.655112442684,6118.32044346343,317049915.3730127,94310304.80865207
255,48095.74598319027,6350.4079591663985,330109922.75463176,94310304.80865207
256,47020.154447853725,5165.416928599448,263961174.82092205,94310304.80865207
257,44957.676152805936,3451.8895027305784,164170394.2788675,94310304.80865207
258,46141.33415774693,4484.7159095372135,224206625.60462794,94310304.80865207
259,46957.051677789445,5370.362470087777,273938865.8066916,94310304.80865207
260,49292.082078201376,6379.9159528714645,343913451.36681163,94310304.80865207
261,49167.974868032805,5649.61961632009,315575022.5991286,94310304.80865207
262,43662.05321279449,2471.2634454384415,108144143.23702899,94310304.80865207
263,49754.53098166128,7440.73490775623,395684719.5080484,94310304.80865207
264,44707.23625988296,3428.9650135932047,162292242.54146728,94310304.80865207
265,44930.55031215718,3420.3772483756425,162517670.32102317,94310304.80865207
266,46058.38553148582,4505.550480741446,223771465.66723627,94310304.80865207
267,43408.205608297,2210.289322340505,95948298.50410217,94310304.80865207
268,44969.61024360782,3324.521359678246,159216609.37014875,94310304.80865207
269,46009.9830191138,4396.923610645594,220237646.0002574,94310304.80865207
270,44621.20948123775,3315.9778279359075,157932432.4713801,94310304.80865207
271,46365.01536128703,4578.353318140129,227808138.107232,94310304.80865207
272,44311.84535455232,2626.9271701389744,116861681.00064023,94310304.80865207
273,46974.434759478376,5120.154808100386,263680836.67116174,94310304.80865207
274,47113.15714482887,5329.424168603471,272654732.82464457,94310304.80865207
275,44608.74244029993,3416.6128296109223,161125069.44664508,94310304.80865207
276,49401.732546696054,6268.85834012113,337914741.05598634,94310304.80865207
277,44969.52517036677,3326.089797928363,158419914.75450525,94310304.80865207
278,43680.87464098523,2263.553279128594,98967572.78366764,94310304.80865207
279,45834.62863885136,4250.446026418408,211086206.71710068,94310304.80865207
280,45439.223457200584,3626.382703462185,175264841.5943149,94310304.80865207
281,46968.64925146684,4264.537958969093,226093735.52091813,94310304.80865207
282,46022.27624656622,4238.272432725653,211949700.23610622,94310304.80865207
283,49702.270253948234,7319.097840839301,389233715.57525223,94310304.80865207
284,47105.604528651485,5286.19384250897,268477936.0077138,94310304.80865207
285,47012.38080515547,4255.2804310374,227816619.7104484,94310304.80865207
286,43826.38549086562,2565.269581474525,112725683.65228656,94310304.80865207
287,44964.280211245874,3432.5159468338898,163525712.12869188,94310304.80865207
288,50660.5992632468,8483.532651769563,455088183.69912946,94310304.80865207
289,48330.342149665245,6463.634829625151,337940966.90757346,94204944.89015341
290,43461.951263061965,2194.3075162165196,95368555.98368156,94204944.89015341
291,44404.051894505734,3309.01498511644,156433164.02769488,94204944.89015341
292,46369.28675882948,4701.050347945946,232711235.03712326,94204944.89015341
293,43857.76331071429,2431.2864233694804,107256291.1092181,94204944.89015341
294,46096.423558100396,4166.229333281508,208414341.28734624,94204944.89015341
295,45687.27346189767,4395.673192785475,217324385.3320977,94204944.89015341
296,43774.428309375326,2436.328614645543,106931000.1649719,94204944.89015341
297,50226.635779188626,7349.273719332758,400845037.1373119,94204944.89015341
298,47109.814083165445,4330.462473039465,232320349.16830787,94115313.83076318
299,47068.23608819043,4107.813549948507,218984356.05922088,94115313.83076316
300,47136.41067130561,5242.36943684289,269863467.3186249,94115313.83076316
301,45415.95982818072,3422.535093750908,166064840.1827311,94115313.83076316
302,45184.528809154595,3351.0637349379576,160252673.6097505,94115313.83076316
303,52816.69890905237,7296.196638288442,426583904.9548872,94115313.83076316
304,45415.10399731565,3424.412235570555,164242836.3544634,94115313.83076316
305,48199.96990611179,6293.391424346746,326681940.98054224,94115313.83076316
306,46455.43876495813,4340.489127491972,218737578.7421867,94115313.83076316
307,48647.76082376137,4406.18334301655,248478041.88892508,94115313.83076316
308,48504.37627995125,5286.723559856439,285799511.2260897,94115313.83076316
309,48702.25904471042,6233.451110430127,330536651.7758969,94115313.83076316
310,45930.25957543824,4303.9658666912965,215064352.36971647,94115313.83076316
311,46377.45493580995,4291.524738069766,215711261.2468989,94115313.83076316
312,46524.46239344603,4367.3004431340605,223371450.57736498,94115313.83076316
313,46282.08813386384,4463.663965639334,221981143.78934965,94115313.83076316
314,46765.384808540475,4422.196075894864,223617813.24827033,94115313.83076316
315,45487.028332490714,3279.2699270368103,158912520.6408289,91940159.87969343
316,47299.726258268536,5052.016960023131,260272103.32669267,91060821.3520336
317,47575.66726217181,5129.734985392983,272744351.2985562,91060821.3520336
318,44147.60870612125,2544.779217049586,112522385.11590639,91060821.3520336
319,45160.347194298076,3515.4599036959175,168892323.90452126,91060821.3520336
320,47714.29949522437,5244.66241205836,278667328.29294586,91060821.3520336
321,45719.47025506631,4240.147805116311,210667198.08464858,91060821.3520336
322,46533.22516191594,4409.491793877814,221976431.06669265,91060821.3520336
323,44730.8038247647,3148.050546472303,149780132.45571885,91060821.3520336
324,44887.75995790174,3458.033386147808,164006929.3189146,91060821.3520336
325,45875.99638801038,4294.641878682426,212481319.21102816,91060821.3520336
326,44620.3084121256,3299.0328199328665,156464246.2545976,91060821.3520336
327,48383.962823007045,6133.503152745095,320711032.62347937,91060821.3520336
328,45728.45055422954,4271.2970448788765,210467774.24835247,91060821.3520336
329,44926.307285241506,3326.417846416685,159629174.06001014,91060821.3520336
330,49101.67235541766,6263.313745635153,336887921.26502854,91060821.3520336
331,45765.95275240168,4261.487471092609,210946274.93082744,91060821.3520336
332,45120.34609613093,3469.0163233119297,164724697.4203691,91060821.3520336
333,46787.855467626374,5100.842299102949,261088596.71520525,91060821.3520336
334,44960.392169968705,3443.4036063794074,163490926.0065123,91060821.3520336
335,47102.1583944642,4292.9266640239075,225762336.103877,89737437.73299548
336,49123.79062093524,6106.635223937215,325766520.0792676,89737437.73299548
337,44828.02407375562,2430.3398993516053,109167646.04482499,89737437.73299548
338,46149.82097852854,3543.893529446502,172087572.1093028,89737437.73299548
339,44851.209703813605,2347.806998159916,105455429.21492901,89737437.73299548
340,45730.920513403995,3290.101934230531,161707530.46175084,89372546.89694834
341,48038.592687935634,4408.590941634543,238267157.74078798,89372546.89694834
342,45649.97789627905,3471.629532916281,165901154.87767035,89372546.89694834
343,50947.866504525045,7243.259921552542,399569388.8702793,89372546.89694834
344,47599.43642200479,5266.476612338128,272373173.76242584,89372546.89694834
345,46770.009447930985,4484.098077461298,226300460.0962368,89372546.89694834
346,45348.96085506475,3196.895638443881,153750635.97021192,89372546.89694834
347,47795.52157915045,5354.242595951141,278701646.4655568,89372546.89694834
348,47855.00350452518,5191.2970286356995,271433334.14095974,89372546.89694834
349,48568.33048735674,4324.797045014533,245515902.0691301,89372546.89694834
350,46933.927472346215,3326.9425662550543,177120738.57823396,89372546.89694834
351,45811.7217793225,3353.708718336921,163003173.98693135,89372546.89694834
352,49009.99533266528,6314.226110398222,333132927.36067045,89372546.89694834
353,46552.85991404975,4305.86358618193,216664829.80146137,89372546.89694834
354,46776.609166578666,4482.330458418464,225655651.7931273,89372546.89694834
355,45201.269214659835,3078.633943404829,148349202.5376067,88681048.40668833
356,45416.154816609065,3163.6934061751567,152422097.41862735,88621780.60737345
357,47016.775389638104,4578.612140374091,230627966.93715677,88621780.60737345
358,47432.19731854163,5110.155198916889,263808968.47797528,88621780.60737345
359,46712.86492709432,4398.204644285256,224123525.37846747,87572136.71641126
360,46342.76013188083,4307.642100281493,216900179.45723096,87572136.71641126
361,47954.4734900527,6123.854051006294,318324373.48381174,87572136.71641126
362,45203.76801483822,3614.643350849976,173096551.190849,87224262.87575884
363,46000.772475182515,4181.615168943788,209432213.45941058,87224262.87575884
364,47127.725212786536,5305.077456719375,273602861.8729759,87224262.87575884
365,44885.54091758132,3333.1390652033915,158806740.68725044,87224262.87575884
366,48913.27400527833,6129.925221426996,331877567.62685007,87224262.87575884
367,46375.98601664869,3467.9680936698874,180256173.32824945,87224262.87575884
368,47341.685340596094,5336.691531175568,273673659.77934563,87224262.87575884
369,48076.61316014619,5113.997696678094,275921902.91375875,87224262.87575884
370,45138.84417878278,3292.8199655196177,157821957.5927202,87224262.87575884
371,46314.18134920702,4320.979679684639,215652534.40419203,87224262.87575884
372,44903.87668933462,3330.5067173961957,158032486.3501947,87224262.87575884
373,44626.55311233942,3222.321946457808,153895149.2615335,87224262.87575884
374,45476.40146777305,3455.8458905892794,166539654.86211818,87224262.87575884
375,47029.44863893256,5176.532470873652,265120366.88889903,87224262.87575884
376,49961.80269605631,7252.999926840271,392506253.51739913,87224262.87575884
377,47293.68426557728,5281.794409005222,269771194.66647565,87224262.87575884
378,43883.20055908803,2319.191045735656,101978863.17591292,86573121.0733474
379,44786.48763891404,3424.594120045963,162847589.77441803,86573121.0733474
380,43457.650828306425,2200.617109883659,95811450.78843084,86573121.0733474
381,47775.70895151196,5075.185058237049,274661126.4810015,86573121.0733474
382,49671.74243991213,7155.263922682212,389510767.46367764,86511423.59495579
383,44639.63536172697,3276.7351657773715,156896678.30296952,86511423.59495579
384,45766.74072602972,4474.794361249299,221081805.1148874,86511423.59495579
385,46772.45851555938,5332.43724721133,269798670.56388444,86511423.59495579
386,45401.51524605973,4122.045868955704,203506802.25307208,86511423.59495579
387,46527.87047004251,5277.927437305888,267976306.79896173,86511423.59495579
388,45453.204452518425,4048.3483143934777,203392890.56343564,86511423.59495579
389,45120.37342934887,3447.2823183383343,165157489.74006313,86511423.59495579
390,46695.27652200898,4299.544425885439,228571477.71622294,86511423.59495579
391,43455.20857297658,2227.5307653545146,96911980.5677289,86511423.59495579
392,45517.68353235776,4388.579415561865,216715347.51338416,86511423.59495579
393,49198.55647091346,6321.379123899325,342156452.9281619,86511423.59495579
394,46632.183138649845,4117.191773596569,219104410.3043576,86511423.59495579
395,46750.71004999881,4434.250206821474,232946046.03096667,86511423.59495579
396,45859.55812666566,4342.748990314822,216899067.76528183,86511423.59495579
397,44701.1194253147,3386.5445323894687,161397345.19819972,86511423.59495579
398,44171.79306167832,2582.802570441053,114554066.44365922,86511423.59495579
399,49652.9752753945,8139.059040491944,429426718.03046215,86511423.59495579
400,43640.93537982902,2446.070502397227,106976458.44521889,86511423.59495579
401,46518.798735806,5073.2483889552805,259598769.3968335,86511423.59495579
402,44222.566280461106,3137.1761993699247,147714127.73404893,86511423.59495579
403,43819.54896548223,2454.74873763321,107832462.82865305,86511423.59495579
404,43698.09790015062,2288.7172743682945,100580249.63015221,86511423.59495579
405,44662.463842067715,3282.4069103074553,155264289.2107978,86511423.59495579
406,43358.36718626613,2181.2644322108104,94641995.04650423,86511423.59495579
407,46014.68806108229,4291.360274167493,215103045.46451783,86511423.59495579
408,49824.961762614,7918.5217947750525,421777603.95971906,86511423.59495579
409,47613.51508996113,5427.262192622223,287870799.2335537,86214343.52056845
410,47843.61164342358,5267.999695385135,282126195.1721505,86214343.52056845
411,47618.572000770364,6284.401919530436,326962489.9299151,86214343.52056845
412,45459.051997966555,4360.202450161837,215521045.57885203,86214343.52056845
413,44463.176686296545,3439.8493762424523,163152747.24180892,86214343.52056843
414,48481.243896988315,5271.160699981573,287390594.42039025,86214343.52056843
415,46778.483734982365,5483.196611869532,278633351.5808315,86214343.52056843
416,47395.11783805605,6255.582769477994,321923577.7735324,86214343.52056843
417,47861.63092061311,6241.507206096011,323390035.05941665,86214343.52056843
418,47523.88830610835,6048.256451968573,312258813.87809396,86214343.52056843
419,44437.19584913088,3324.2464273906726,157092950.2911113,86214343.52056843
420,46509.899310516696,5073.107169789225,260129090.02797002,86214343.52056843
421,46392.77122963838,4962.650796154908,250788634.20913258,86214343.52056843
422,45388.12211634535,4193.929207607897,206577861.35606828,86214343.52056843
423,46384.13695890621,5265.131524071588,266339382.08059627,86214343.52056843
424,44314.09199266599,3301.117041688552,155139215.80230606,86214343.52056843
425,44827.45015410306,3537.7601023174184,167229190.9742375,86214343.52056843
426,45444.858125089566,4368.982288072586,214967838.7077693,86214343.52056843
427,44566.556045406345,3269.8061798504236,155526082.79123336,82203902.77286811
428,47844.095483455385,6044.381986812492,316345704.3566923,82203902.77286811
429,44570.02551760386,3203.418121424812,151640878.9596693,82203902.77286811
430,46587.75044904722,3370.5011038591124,186585902.1576516,82203902.77286811
431,44133.60457438642,3187.6705259201008,149824871.8221863,82203902.77286811
432,45827.4250739455,4255.483477505179,212320346.85791287,82203902.77286811
433,50371.64247621553,8159.0131634750915,436451560.73183423,82203902.77286811
434,45856.75510788549,4247.519193810993,212070997.66681045,82203902.77286811
435,48528.107870076536,6082.912414940851,328256030.81037027,82203902.77286811
436,49338.62598322262,6257.32522501839,338189808.3849562,82203902.77286811
437,48133.71845350934,5149.773504631824,276622392.6212727,82203902.77286811
438,48805.203336987644,6915.46876615681,362929837.7583111,82203902.77286811
439,45610.13499980423,4024.3972192759657,201007958.65824115,82203902.77286811
440,48583.70728648142,6057.8355266065755,325492379.2688941,82203902.77286811
441,46152.876965977935,4128.618439641528,207670135.14100972,82203902.77286811
442,45706.685022904596,4192.4617832705135,209434471.62347537,82203902.77286811
443,46572.171819094474,4273.402785805843,225796443.56278825,82203902.77286811
444,44501.1073184009,3147.8884185746565,149721615.49720964,82203902.77286811
445,46630.98485086504,5264.151858421755,267473515.5716737,82203902.77286811
446,45506.691061622856,3220.1359989589682,166213081.73697653,82203902.77286811
447,48854.93897359949,6349.43913838783,343943450.0513576,82203902.77286811
448,43580.66610549843,2235.4725657716112,97673858.4977595,82203902.77286811
449,48775.366069190284,5192.290689788436,292903392.60090506,82203902.77286811
450,48725.74906213029,6074.008665560472,328251212.6376412,82203902.77286811
451,48981.42677977918,5180.666362304779,290427826.66107476,82203902.77286811
452,48998.210263000234,7064.91553331321,372627542.9413954,82203902.77286811
453,43396.77056262897,2143.7354172803057,93169615.05118218,82203902.77286811
454,46210.86674185716,4279.617168525394,214875423.60460848,82203902.77286811
455,46869.84737963032,5260.940925233359,269245377.58842534,82203902.77286811
456,48920.84645037903,5218.288084126119,292891529.62969625,82203902.77286811
457,44486.54137565005,3038.7191601505892,143986070.2545249,82203902.77286811
458,47254.10560102663,5222.347114551883,269070748.2389267,82203902.77286811
459,47455.5055677685,5441.700296259236,279248253.7641213,82203902.77286811
460,45391.97731244893,3964.4362354874784,196882064.3959313,82203902.77286811
461,44274.88382041965,2967.280121026831,140768063.6735761,82203902.77286811
462,47601.509619765646,6069.2281275581245,315510888.61855805,82203902.77286811
463,45405.63158047559,4168.351341865916,205999058.3527769,82203902.77286811
464,45653.17532116345,4044.533512845113,200953416.78492492,82104514.26037824
465,44759.880573894494,3402.1968435840377,160899831.45517915,82104514.26037824
466,50011.35532746192,6052.145627525535,339797545.6528431,82104514.26037824
467,50962.278723384254,7122.812167374269,403617339.5012066,82104514.26037824
468,47292.206062637866,5091.630075753684,264824572.00670654,82104514.26037824
469,45854.153554480654,3950.893954722992,196993568.71694475,82104514.26037824
470,45247.65343301423,3943.0238937770055,193786516.65019265,82104514.26037824
471,49905.93974274631,5272.304687558368,305043110.29075253,82104514.26037824
472,45430.77010656164,3139.6060558538766,161672413.41394797,82104514.26037824
473,44582.68777103444,3234.206530977336,153549394.18604678,82104514.26037824
474,44844.10565158833,3330.247832903014,159414954.2227556,82104514.26037824
475,51287.16784197268,7175.148717777823,404303769.9274228,82104514.26037824
476,45540.07345334474,4146.477202339296,207393914.4803392,82104514.26037824
477,47627.50074095406,6081.843849831891,314697542.9045988,82104514.26037824
478,43892.38743220472,2543.4733168714147,112227081.17483754,82104514.26037824
479,44216.30232305945,3008.2054852590973,144160127.0752844,82104514.26037824
480,46799.33168678286,5225.847271020384,267369988.7212,82104514.26037824
481,44141.665863196205,2564.714561469685,113866407.92450723,82104514.26037824
482,47455.17771140665,5147.300938083507,274993088.3458361,82104514.26037824
483,45934.811068623785,3987.593778202655,202600366.12465677,82079934.17994449
484,44873.76043151914,3304.2787530947544,157214933.3464638,82079934.17994449
485,46758.11970795769,5146.000369733692,260922059.9769308,82079934.17994449
486,45694.40079002053,4049.9671662145156,201752634.97482002,82079934.17994449
487,46889.88480290449,5263.201208587439,271204709.2757603,82079934.17994449
488,45470.029801636876,4167.58648738505,205787254.27308115,82079934.17994449
489,45048.022006554194,3393.663077296558,163171311.20571998,82079934.17994449
490,46805.388308228765,5308.370740616933,270646249.1147944,82079934.17994449
491,43256.724646154755,2143.6643067434807,92978462.35123937,82079934.17994449
492,45919.17889598549,4166.245949684173,207205822.56556186,82079934.17994449
493,44383.99247426206,3475.795763186459,163330736.59195808,82079934.17994449
494,45436.959674732105,4063.985399657834,200918735.24771315,82079934.17994449
495,46871.80271227368,5167.707211454892,264450836.85021192,81688465.90767686
496,45118.34095788374,3968.7559633001742,197104778.8109437,81688465.90767686
497,44553.521393281466,3341.6825162611904,157557789.7158942,81688465.90767686
498,44989.33451779996,3357.2188369073715,159153107.23521274,81688465.90767686
499,45625.6319705057,4310.654991471144,212541519.87217125,81688465.90767686
500,46636.6565568629,4429.595257088336,230044467.50918993,81688465.90767686
501,44478.30752764554,3106.950844853974,149552954.93446237,81688465.90767686
502,45646.789294744405,4394.508356084617,216453606.38795432,81688465.90767686
503,49045.402496063376,6965.683840230177,369777520.6108682,81688465.90767686
504,43241.480686628274,2184.8503518668867,94728970.44055666,81688465.90767686
505,43596.26922529293,2368.0433111700336,103632575.12501231,81688465.90767686
506,46746.57353024845,4289.849069642141,224961923.22532672,81688465.90767686
507,47677.71289722889,6037.325584283362,315593093.18623734,81688465.90767686
508,46416.5716014845,4104.764593436283,214440286.66005597,81688465.90767686
509,45461.81535657828,4033.28295622056,201087283.1079435,81688465.90767686
510,45242.02485017067,4084.436439197788,201121770.56341946,81688465.90767686
511,45246.07439899851,4221.166172150337,207414567.29643413,81688465.90767686
512,45009.9010826668,3511.2436441974132,166213857.60563454,81688465.90767686
513,45425.177034827975,4249.136674885611,208522857.98081085,81688465.90767686
514,46135.64393765833,4913.529183525187,248262155.71226364,81688465.90767686
515,46546.73102627884,5202.9825864219365,264816424.46453923,81688465.90767686
516,45894.6447560004,4270.492126089481,212800797.9592313,81688465.90767686
517,49671.194364119474,7161.888210163813,388627649.44081575,81688465.90767686
518,45549.66976685065,4272.313937163339,211508806.79385778,81688465.90767686
519,48535.7348336851,7128.927772515992,371214816.56770766,81688465.90767686
520,46632.53207317188,4315.099336870585,226262452.2204989,81688465.90767686
521,43967.45056989498,2994.6166363419866,139846009.07420477,81688465.90767686
522,46854.8263419052,5537.591668107394,279588385.92483354,81688465.90767686
523,46365.936355967526,4188.510386190353,222643032.19260946,81688465.90767686
524,45552.748717335824,4121.107392706852,205407990.80165407,81688465.90767686
525,45362.15004360341,4001.9301410659914,197407584.90822196,81688465.90767686
526,45435.18025287382,3170.5817048517747,162133786.62586945,81688465.90767686
527,47052.39824312187,5323.704290054702,272595550.7469182,81688465.90767686
528,44355.8917408742,3149.153094799868,148921679.87529722,81688465.90767686
529,46608.02262545158,5185.691803801518,263291303.17804903,81688465.90767686
530,45220.14145972401,3191.082468419033,163764571.733607,81688465.90767686
531,47564.825592504574,6262.402193995631,322568848.5038467,81688465.90767686
532,45833.68758429623,4269.583711972364,213290094.78382158,81623836.27639951
533,46395.759059469376,5109.055171889435,260440847.3471054,81623836.27639951
534,45284.16432978065,4006.2520103531233,201000458.9421879,81623836.2763995
535,44049.639457696125,3095.508395701812,145888948.72740024,81623836.2763995
536,48909.49720975576,7267.4486758386965,383336826.2823389,81623836.2763995
537,44623.54823130988,3332.117298274947,157085222.92016092,81623836.2763995
538,46887.87030107509,5278.4851870570465,268438895.94311553,81623836.2763995
539,48010.834990510855,6083.239228626701,320273172.14721644,81623836.27639948
540,46932.39377064435,5499.280610191552,277681674.0304353,81623836.27639948
541,46458.11148411916,5077.22585531695,256752051.47354046,81623836.27639948
542,47195.567717472426,5024.276733116576,267566975.2404253,81623836.27639948
543,49487.75020353825,7092.078231471448,382801227.5002267,81623836.27639948
544,48731.210823761314,5225.682397560577,289361723.34754854,81623836.27639948
545,45454.883627007424,4157.285292195194,207296012.74560893,81623836.27639948
546,44214.24846735799,3214.3303864442228,153084390.640086,81623836.27639948
547,45930.94351453777,4341.872076570881,219658603.40687013,81623836.27639948
548,44619.55088799722,3237.923720818512,153771083.52803275,81623836.27639948
549,49722.07771348769,8121.546779664674,429398323.53066844,81623836.27639948
550,45945.22252934339,5009.898562674066,252711907.15511972,81623836.27639948
551,49590.21660222051,5230.8722987206365,302386634.59536016,81623836.27639948
552,48156.03990383574,5260.909096506073,284210454.95640105,81623836.27639948
553,46465.44151636657,5132.301036454731,260275360.19942075,81623836.27639948
554,46521.08534211856,5097.767683641746,260076935.97957635,81623836.27639948
555,48800.682805895434,5077.369378515161,288761282.9830165,81623836.27639948
556,47645.823427088355,6128.14706968172,315590803.5976279,81623836.27639948
557,45311.1373912353,3210.0143443445186,164857195.87577885,81623836.27639948
558,43870.95386122573,2330.1203856836714,102627538.34598148,81623836.27639948
559,44291.272807382025,3264.8121458907576,154719744.5652892,81623836.27639948
560,47914.52082914605,6010.753058629696,318056545.99843234,81623836.27639948
561,44578.076333075194,3329.77689826286,157322450.17512015,81623836.27639948
562,44375.86923659722,3125.367346661043,147539776.1927156,81414931.8670227
563,46601.22863432181,4162.749262450497,220598233.0671037,81414931.8670227
564,46326.57062361424,5036.082038725988,253966642.6129609,81414931.8670227
565,48584.51444846946,6292.380053099293,339233029.55341274,81414931.8670227
566,46476.669132686926,5137.357136293384,259346603.14890093,81414931.8670227
567,45065.19277096597,3055.799000892337,158165938.79584423,81414931.8670227
568,42958.1471855257,2073.8695600930646,89206796.85046005,81414931.8670227
569,44164.62651764894,3124.3034270749913,147267441.45950457,81414931.8670227
570,48474.52146489716,7135.203561229975,373747735.2043263,81414931.8670227
571,43956.858567181785,2561.1614005148126,113085450.62474477,81414931.8670227
572,45632.90575860422,4191.769064626327,210779026.57160455,81414931.8670227
573,45361.23744301061,4285.981404828926,211335692.2170528,81414931.8670227
574,44224.169054429236,3184.0581075158384,151434494.99206764,81414931.8670227
575,45505.445777009874,4297.8209794398945,211640263.0133232,81414931.8670227
576,49508.309204027406,6136.056963544382,340290298.6287088,81414931.8670227
577,48416.093824032825,7154.18921567075,369561436.9940442,81414931.8670227
578,47307.96835975053,5111.535744228766,273146998.9981381,79143445.59267439
579,46128.42804278563,5077.737130481817,257817365.37648606,79143445.59267439
580,46115.40293338273,5200.225271852711,261341611.3384741,79143445.59267439
581,46273.21711497881,4327.817764464735,228216194.66755876,79143445.59267439
582,44664.77234027565,3280.268666156836,156604030.76846075,79143445.59267439
583,47181.68489842137,5041.492404894116,267849898.88974053,78593231.43361714
584,45948.4345590337,4260.273422346543,211778268.1776209,78593231.43361714
585,47303.69805223341,5925.073236313398,305504275.8197134,78593231.43361714
586,46376.342159539694,4946.7803812353695,253617665.5113228,78593231.43361714
587,48404.3658853357,6176.092648211098,332815378.0045058,78593231.43361714
588,45008.311700852144,4118.763518472617,202170842.23610035,78593231.43361714
589,47713.52616913048,6286.81956354257,325037420.4421431,78593231.43361714
590,46265.812501475855,4093.297311442611,214212403.78982273,78593231.43361714
591,46677.3222072791,5127.799847355211,261964861.77246547,78593231.43361714
592,46280.890251524754,4047.5469626293707,214685224.5626387,78593231.43361714
593,49593.799357705815,7126.013632587055,386173727.41366875,78593231.43361714
594,45151.197747240665,4042.5133656601843,199409563.98759624,78593231.43361714
595,45921.55654071643,4291.473175687193,214328060.54692078,78593231.43361714
596,46641.62863985406,5216.858321963671,264312906.3783804,78593231.43361714
597,48630.92361185455,6104.840417889916,329096372.1718199,78593231.43361714
598,45308.3075585101,4072.4256514495655,202486150.31060544,78593231.43361714
599,47266.97094498531,4113.046587940831,229995683.61375326,78593231.43361714
600,45839.77318682799,4431.456157373605,219733118.90362868,78593231.43361714
601,47410.19082151564,6031.395329666981,310909808.7803367,78593231.43361714
602,49327.76393604703,5985.413071290342,334736169.892552,78593231.43361714
603,44403.38366053788,3296.8732892332637,153569584.08547324,78593231.43361714
604,45010.93790138514,4129.62885083101,204126532.92883223,78593231.43361714
605,45612.9108665251,4098.3588816270185,205982071.097672,78593231.43361714
606,45089.11828577721,4139.907442148545,202583805.69481087,78593231.43361714
607,46464.52273588863,5299.250915809547,269690395.9221649,78593231.43361714
608,47161.384965304766,5946.682462458872,308197161.9722923,78593231.43361714
609,45266.75604455393,4140.892073762484,202703160.2736563,78593231.43361714
610,46439.51043914074,5024.635825151279,255711099.00121632,78593231.43361714
611,46594.811874279425,5304.479804030087,266038385.72291392,78593231.43361714
612,45873.919272964515,4492.56462756721,220305805.96214876,78534857.81992632
613,46473.93402157601,4156.181523024343,217599074.28735867,78534857.81992632
614,45444.90269009863,4224.119212772414,209505011.26407322,78534857.81992632
615,47310.80395876629,5054.8395631066405,268392594.43874884,78534857.81992632
616,44617.74872271521,3387.1020689750685,160028776.89158583,78534857.81992632
617,43432.239830631734,2068.034075167334,90350656.90162194,78534857.81992632
618,47591.834873445,5111.6486815046055,277247517.86409205,78534857.81992632
619,44581.581231664415,3521.03668700501,167923491.3356106,78534857.81992632
620,49674.34654491948,7349.160509312178,394027373.07105184,78534857.81992632
621,51407.6244279043,6091.096263377294,366276207.452639,78534857.81992632
622,46770.67455844169,5236.587073670091,266750754.37730807,78534857.81992632
623,45623.902679478626,4450.77127467362,219537711.74974808,78534857.81992632
624,45874.57290909532,4244.407194089676,211458522.66143262,78534857.81992632
625,45650.775302575654,4256.607317406963,211520046.89552194,78534857.81992632
626,50019.9541577399,6309.972130264377,347354162.6750287,78534857.81992632
627,45978.2122266822,4830.75912916157,246163333.8986424,78534857.81992632
628,45189.57344499465,4037.185126380971,200631067.84786138,77216663.0830641
629,46994.68939709714,5207.020348523013,268762513.26728964,77216663.0830641
630,43485.33948569615,2363.5878592987583,103007804.86134352,77216663.0830641
631,46457.32051130648,3202.7756966735983,176817412.68158472,77216663.0830641
632,49785.44126146921,6898.023946882013,375565234.5397197,77216663.0830641
633,48917.17441412084,6048.870809357531,326968497.8881604,77216663.0830641
634,47272.236169573516,4139.193192340453,224024445.51773733,77216663.0830641
635,48167.6616331597,5035.62236412104,273353297.6918828,77216663.0830641
636,45414.72825699336,4120.708886577501,203990711.7652572,77216663.0830641
637,47399.800149463146,5027.338207174386,268245058.04141754,77216663.0830641
638,47721.91802001688,4924.310370408749,266198127.29119974,77216663.0830641
639,44287.83289186083,2951.5854835639475,139562180.64694118,77216663.0830641
640,46691.17335893192,5248.114316566885,265087729.52157575,77216663.0830641
641,47887.16807551366,4198.780225471021,235643972.88002628,77216663.0830641
642,46352.71509505113,5081.842458552043,257141449.84067297,77216663.0830641
643,44260.63492840861,3249.9263767823613,154085074.31200397,77051745.52562925
644,47633.49827248282,4989.521437540032,264304437.50023508,57422519.2511772
645,48814.32572255737,5151.071157580261,239619201.3894043,57422519.2511772
646,47870.040124809195,4226.86127440315,181766450.52233505,54407809.163489774
647,50986.41951720822,5377.588375077113,263667459.70720452,54407809.163489774
648,49881.649678849775,5185.902584900267,243143804.39531955,54407809.163489774
649,49551.448331257205,5050.867437677378,235979273.01103392,54407809.163489774
650,48685.42641780271,4166.225723746679,183582880.37296218,54407809.163489774
651,47426.85136844098,3111.9328232126018,121901312.22470637,54407809.163489774
652,51826.7979682267,7153.609745671895,357414883.6240136,54407809.163489774
653,50079.82639107258,5390.8717591103505,252539398.86220902,54407809.163489774
654,50123.297820962194,5209.511108470257,242929181.87221608,54407809.163489774
655,52911.16800274651,6100.524437034964,320363866.14499944,54383588.01172077
656,48959.764945439216,4394.6647468479805,194551724.1283413,54383588.01172077
657,47695.288738906944,3185.9787955101265,125209913.7422128,52066951.42165244
658,53312.301226767944,8036.931647833129,419664227.15949076,52066951.42165244
659,50354.87859470349,5174.066373661392,251267064.98132047,52066951.42165244
660,50284.99640361754,5008.931160496555,244501567.76582804,52066951.42165244
661,52766.15619458357,6206.242800329,327177141.2515079,52066951.42165244
662,47279.91088942868,3381.869956047101,134538726.78853673,51599145.08737585
663,47691.275774621165,3225.76623028511,137983578.1321384,51599145.08737585
664,49788.03095005591,6021.697936349868,290458561.18303055,51599145.08737585
665,49957.81322138627,6317.570808368623,301436916.6366478,51599145.08737585
666,47069.736211168754,3220.084172000701,126937953.70374104,51599145.08737585
667,49814.16842983409,5343.166457822058,257321607.58596206,48466471.694589965
668,48147.812048910484,4146.416571276987,177655062.3001868,48466471.694589965
669,46869.81897392185,3085.1528221919984,116222223.3730047,41010649.651685335
670,49307.540289333134,4226.691191419114,174797628.15095323,41010649.651685335
671,50023.16926972552,4046.3011453561717,180626159.1627285,40885431.84656442
672,50149.28526012116,4229.4476194223,186110677.98820892,40885431.84656442
673,49998.52715461304,5090.699114938994,228316593.71616584,40885431.84656442
674,49808.34925154966,5066.898248109987,222751789.033323,38877569.39395719
675,50802.51335439976,5090.509760539431,240359204.00289744,38877569.39395719
676,48140.64297520854,4059.6278600623564,166274703.65327808,38877569.39395719
677,51185.98850958291,6118.263455818559,289140666.9209782,38877569.39395719
678,53640.217203358516,7179.891655987143,372983780.79850906,38877569.39395719
679,47748.9484064165,3353.844153311552,124965201.32881448,38877569.39395719
680,48751.60847459007,4162.72976290757,171655700.0284637,38877569.39395719
681,50499.57976182889,5142.819314684402,246411359.50588465,38877569.39395719
682,49429.623379577184,5051.937237742776,228306126.1935696,38877569.39395719
683,49498.35057920228,5065.497840653646,224754180.4966383,38877569.39395719
684,47557.78405031685,3241.556450061585,117882261.62567385,38877569.39395719
685,52316.989718647674,5893.723863553786,294549717.5649251,38877569.39395719
686,47154.686769615066,3073.528819291822,113139037.25876474,38877569.39395719
687,51540.64434659241,6215.232745699109,308281112.2986769,38793774.98623988
688,49052.03503665595,4928.398098173113,218376288.21637625,38793774.98623988
689,51410.35999270174,4072.8984053150684,206882868.1538034,38793774.98623988
690,47399.249278620315,3158.7372540975016,114431438.37392814,38793774.98623988
691,52250.44709856539,6008.9744307683995,305470661.37540317,38793774.98623988
692,50748.11089178773,5430.335309360277,254506730.87238687,38793774.98623988
693,49575.914107185716,5320.043382613508,236113465.7033717,38793774.98623988
694,47956.67422119934,3981.2308156998542,161988708.20955175,38793774.98623988
695,46922.009021178535,3067.133373460331,109797464.70379421,38679271.95711406
696,47849.51771600289,4002.972019927764,162010757.61914212,38679271.95711406
697,48136.8883882215,4126.420141565756,167920178.2201856,38679271.95711406
698,47145.88333123692,3118.1840915574294,110511688.87911832,38679271.95711406
699,50582.89696741737,6284.554484927979,293169127.60767555,38679271.95711406
700,51945.11851676973,6036.926387504032,293424566.35554534,38679271.95711406
701,46299.68420995898,2357.216968175306,68208166.88586089,38679271.95711406
702,48446.37672916063,4242.47660127853,174469741.8066285,38679271.95711406
703,48361.15338535553,4184.0040669101445,176035110.57549727,38679271.95711406
704,51571.62589567014,5419.0844694256175,270534235.5861924,38679271.95711406
705,52911.21685718732,6223.04513107116,317115582.3596434,38679271.95711406
706,53830.62947846053,7009.242865902306,363476772.2911893,38679271.95711406
707,48254.41516922548,4215.530312314502,171015233.6586352,38679271.95711406
708,50643.49776478638,5194.141220080105,242128013.23574266,38679271.95711406
709,50690.68574199686,6184.7435265274435,291755585.07700384,38679271.95711406
710,49301.720964643464,4159.329748977898,183526774.07470566,38679271.95711406
711,46729.76209426688,2444.3551775749206,69098043.48901573,38679271.95711406
712,50501.63317891294,5121.609912584616,243685887.9223562,38679271.95711406
713,51287.49695164857,6972.553309426566,335316191.39695966,38679271.95711406
714,49263.23809480567,5151.223845409975,227628602.5019153,38679271.95711406
715,49321.52813951642,5195.2232037118565,232873861.30937424,38679271.95711406
716,48888.79666106607,4085.164274153177,179766225.4382904,38679271.95711406
717,51455.06269097428,5061.764695565393,245528751.83028442,38679271.95711406
718,48144.43793910534,4133.413677707538,169204792.2389176,35383226.17164275
719,54316.89266489622,7116.799956926375,377628892.91948354,35383226.17164275
720,49159.24711615438,5053.169563900651,221766061.36623782,35383226.17164275
721,52078.54460787621,5085.229719407319,255725868.96031556,35383226.17164275
722,47137.88514113115,3141.6055896166645,108826787.63726899,35383226.17164275
723,48799.40844832558,5075.2179815327345,226611805.9471665,35383226.17164275
724,46450.70314212973,3023.8260579184116,107719676.09847644,35383226.17164275
725,50310.84468517157,4991.606081623669,231925558.5537067,35383226.17164275
726,48964.361579527365,5195.605160549678,232473502.15697128,35383226.17164275
727,51449.87732212884,7009.817189415007,338431599.3944286,35383226.17164275
728,48873.860126398184,4968.106666257381,224824344.35010797,35383226.17164275
729,47915.93064337947,4153.20194928783,168230903.01495123,35383226.17164275
730,51081.176625868415,5916.37027569402,283627256.8382896,35383226.17164275
731,51129.17722252268,7141.51874540555,341273030.896135,35383226.17164275
732,46928.026113915934,3229.860594488207,112826020.42245074,35383226.17164275
733,48963.27554104012,5176.936545946934,230193174.86285678,35383226.17164275
734,50190.76390272439,4128.85758131718,190864752.9246695,35249303.123334706
735,46581.105124829315,3144.4438902340744,108768801.23987877,35249303.123334706
736,48561.164286486775,4012.565965665583,175107568.65999448,35249303.123334706
737,52093.36546230176,7162.247938982624,357792781.075581,35249303.123334706
738,50032.54685534907,5208.103305337265,241880949.8585949,35249303.123334706
739,47349.05595770658,3886.062093218403,156410100.90902355,35249303.123334706
740,47603.42729859571,4210.02027277852,175348806.91088694,35249303.123334706
741,49816.083431497595,5007.714866174702,230269790.1858136,35249303.123334706
742,47606.4746751017,4208.343929739485,172329087.3928923,35249303.123334706
743,48689.59821944956,3939.6499524121073,172723310.79593033,35249303.123334706
744,49589.21478824723,4848.723310251882,220890670.0140449,35249303.123334706
745,47403.72823230774,4066.093499484771,166193159.04681808,35249303.123334706
746,53038.076112334194,7031.569495195728,356293183.1042043,35249303.123334706
747,49895.59255899223,6094.736523766153,284139092.459778,35249303.123334706
748,49852.59968368574,5150.723312618915,241057682.01212138,35249303.123334706
749,48623.69934613948,4105.714925015978,178701404.3630922,35249303.123334706
750,47823.29358267755,4231.214950900277,172293909.31715882,35249303.123334706
751,48602.376814705385,3962.459570373215,170280690.8598684,35249303.123334706
752,49346.19682675875,5378.720748935132,240997021.33043614,35249303.123334706
753,46680.819791997885,3023.7171542029573,103587379.93504795,35249303.123334706
754,45996.55411600065,2248.8430329676075,57570118.1335605,35249303.123334706
755,49158.31727704624,5152.070499051305,230895655.5011066,35249303.123334706
756,49797.84434250214,6068.64583136607,280399532.3781067,35249303.123334706
757,51341.96308572044,6983.0166475944525,338204730.40068215,35249303.123334706
758,47904.25160127018,4129.79387817783,167086753.81645218,35249303.123334706
759,46984.92479087533,3340.6945474540526,125694250.41176696,35249303.123334706
760,50643.49601094161,6922.9670078797735,327835689.3243319,35249303.123334706
761,48137.184602026406,4198.367862091437,168133012.3637225,35249303.123334706
762,50706.18531756201,6990.242547343165,331294570.00314105,35249303.123334706
763,47691.004103243475,3989.0286010117534,164640382.204732,35249303.123334706
764,51881.00538174379,7242.027604032233,357540672.4599084,35249303.123334706
765,50028.31934493322,6053.091447362976,277971874.2541534,35249303.123334706
766,50654.09592272037,6197.891253231428,295810758.9744415,35249303.123334706
767,49938.00177744344,6155.5245985507645,281312880.5220637,35249303.123334706
768,50178.88640241707,6131.201776958817,283915738.941558,35249303.123334706
769,52331.22359542839,5287.081543242206,267737933.49657187,35235477.13135231
770,47506.50871047235,3930.7129816714323,159951593.82542545,35235477.13135231
771,46720.73002954005,3168.980370886619,113439714.83125135,35235477.13135231
772,45899.16004862157,2212.522018166429,59220086.30476238,35235477.13135231
773,48440.28033345561,4912.271780039655,210099870.3616349,35235477.13135231
774,48783.38355581684,4251.330320659459,187787432.70785168,35235477.13135231
775,49666.028352760535,5980.853451813324,276282166.24129766,35235477.13135231
776,49845.51755752439,6041.785169424223,279530445.1398447,35235477.13135231
777,46723.19329226886,3012.5193378876875,108166009.29527755,35235477.13135231
778,51060.22324040984,6125.626549934951,290568544.4592693,35235477.13135231
779,48713.85237368052,5146.154808181999,226218526.3193609,35235477.13135231
780,49605.79162462275,4995.9936474319575,230282000.4236641,35235477.13135231
781,46564.84037903786,3026.057179352826,105677052.95182842,35235477.13135231
782,48167.742933571724,3360.896343958359,136691063.8412282,35235477.13135231
783,55328.25002248971,7168.057889992716,388940116.6780337,35235477.13135231
784,48631.37114791243,4909.350339395204,211776089.53874922,35235477.13135231
785,49251.00504163088,4161.505099680373,185055962.75748476,35235477.13135231
786,49978.355320874296,6224.7204930044245,290010624.82824886,35235477.13135231
787,50839.948153271835,6172.227121566655,296264000.37614304,35235477.13135231
788,47406.88930875492,2968.110592634063,112886826.13499841,34943861.51550488
789,47403.12431091453,4113.053330482694,165041332.4446643,34943861.51550488
790,47238.911185972225,3978.018776642258,159366795.54233298,34943861.51550488
791,51669.72852723432,6969.2913136306615,343726571.1918935,34943861.51550488
792,51702.84365567,8088.948220667144,392378483.6803226,34943861.51550488
793,48223.762260706906,3859.873365825965,167790437.79138857,34943861.51550488
794,48586.936777414194,4184.422137651206,185096125.69594616,34943861.51550488
795,46667.847315961364,3145.885012925299,111463314.60489437,34943861.51550488
796,49583.145589085194,5198.2922841676245,238019792.87701812,34943861.51550488
797,51127.851031555605,7050.63455650431,339007678.5305906,34943861.51550488
798,45585.925858261995,2124.423246484591,50780785.03968612,34943861.51550488
799,47586.12117063814,4330.4759835091845,183542556.22956488,34943861.51550488
800,46875.336842286735,3420.3184346784483,127033859.28837605,34943861.51550488
801,47437.29657202154,4133.981130696297,165225457.66942224,34943861.51550488
802,51256.09647230745,6346.486246846776,309800871.9085077,34943861.51550488
803,47300.8354868585,3879.012803265271,156627679.14067298,34943861.51550488
804,46214.125415290044,3021.280813558062,104156597.59179237,34943861.51550488
805,50563.20722546766,6090.018207879068,287700189.63482565,34943861.51550488
806,48716.558938743125,5089.556228945265,222165397.53676158,34943861.51550488
807,48664.03387931852,5249.40571840399,239131012.8113638,34943861.51550488
808,48541.529980829815,5019.880134743286,217844194.32815108,34943861.51550488
809,51008.57628035889,5190.763433342157,251394774.6744112,34943861.51550488
810,47666.75218969578,4350.876766378554,177989274.1866919,34943861.51550488
811,47349.683683964315,3994.1541039208896,160865288.7265191,34848353.87859578
812,47146.76232386415,3562.7203560868775,136834767.5350607,34848353.87859578
813,48264.367523179135,4992.524997482835,214057985.95398206,34848353.87859578
814,50535.18419547235,6847.522568456481,322328386.9608087,34848353.87859578
815,45992.81465465729,3066.8220085662415,107790755.72605197,34848353.87859578
816,49325.63007601209,5103.433668611488,237469793.19980615,33632417.302278735
817,47764.67086849338,4118.315066168606,167837613.28781754,33632417.302278735
818,48802.12286161965,5144.508072155591,223558505.1097363,33632417.302278735
819,46937.216231436374,3037.3160176920487,105140783.03127064,33478915.806639455
820,51417.78656199259,5196.770503835369,252840024.14435154,33478915.806639455
821,51430.890044615684,5999.471759686638,292007937.6429238,33464996.80366373
822,45937.86798150455,1984.1868189990994,42842498.49469739,33464996.80366373
823,54142.45442420257,8157.346575064696,421111824.9086248,33464996.80366373
824,49161.93272098656,5124.486843847514,225588394.9153865,33464996.80366373
825,48249.58069009477,4229.148967106672,170489322.40406102,33464996.80366373
826,46284.315228448955,2309.5877519674573,68389548.817873,33464996.80366373
827,48857.74847805668,5223.186782238979,229641585.59344903,33464996.80366373
828,47247.45144971476,3204.23694590002,114816569.35250565,33464996.80366373
829,51180.48533849063,7021.8731409837055,335821654.40132874,33464996.80366373
830,46067.7923270509,2184.8006340668035,54366622.05935118,33428604.073374372
831,49482.97106468842,4213.314448601869,185888809.3103854,33428604.073374372
832,50419.41254258278,6087.066290270192,280859454.27869964,33428604.073374372
833,50088.18557494272,5003.3728829674665,230188499.4978673,33428604.07337437
834,45571.422003825115,1895.730942929354,38606820.52935893,33428604.07337437
835,49014.42685869949,5107.293103154732,225716251.91056895,33428604.07337437
836,47610.870695691425,3195.238143758304,114757667.12446162,33428604.07337437
837,50096.9896076046,6078.3795793962,289462721.50563765,33428604.07337437
838,47641.0766206346,3039.1878812096993,114970260.12529135,33428604.07337437
839,48026.982748062015,4012.553569955728,161939654.7326742,33428604.07337437
840,47348.19920541699,3335.9815534729205,118860458.24186821,33428604.07337437
841,49011.30349772808,5121.764939907748,225292229.39537495,33293151.497462615
842,48607.58809243723,2982.2733418142902,124704066.4903864,32533554.602236036
843,46827.2993970537,3045.921113051376,104012337.65991437,32533554.602236036
844,50196.07601129232,5975.900314854129,274819286.46175367,32533554.602236036
845,51268.45434219113,6214.407904626245,299155393.37388676,32533554.602236036
846,46796.216822950184,2983.110695232206,99415564.11803676,32533554.602236036
847,48001.45445854884,4086.843588437821,162170999.88736176,32533554.602236036
848,48263.425600264694,3112.540595127159,117066853.15861425,32533554.602236036
849,53439.477051422895,6930.529831539231,353881068.612221,32533554.602236036
850,46843.78661605714,3190.873125961853,113931947.88215728,32533554.602236036
851,46779.019757785834,3018.235221716847,102701606.95909485,32533554.602236036
852,50075.75644441071,5798.45060763269,267828985.1505043,32533554.602236036
853,47810.86520211965,4034.7768779539088,163516352.87396497,32533554.602236036
854,47844.41557920228,4106.622118924491,163901906.71806365,32533554.602236036
855,48942.42118491069,5389.567677686684,240637035.60041818,32533554.602236036
856,49298.44649705579,5075.1791560263455,224307986.7268792,32533554.602236036
857,49013.79155675207,5036.634834355577,218883694.43592215,32490000.38837408
858,52214.77953367513,7105.234342472824,351050788.61725533,32490000.38837408
859,47864.29653617775,4285.908267716064,174503513.9533453,32490000.38837408
860,47947.67343156776,3989.093797565837,158882338.59990478,32490000.38837408
861,45408.41377026583,1956.5701431667662,44304915.88457103,32490000.38837408
862,50041.88748906466,4103.555427712894,185460641.87512273,32490000.38837408
863,49165.699080667226,5332.275954168945,235975822.52506834,32490000.38837408
864,52598.816626214095,7358.972803538803,359903457.5419527,32490000.38837408
865,49354.72596180705,5154.517133287981,228417917.68185204,32490000.38837408
866,46676.11594626409,3091.7791162993117,110064168.62120719,32490000.38837408
867,50192.80496159119,6081.926024681989,280487476.20957315,32490000.38837408
868,49970.083339042896,4953.57895539892,226797339.9317221,32490000.38837408
869,46686.02388810243,3135.946449007523,109021524.99381045,32490000.38837408
870,51986.787425346396,6997.641170044272,347348733.58702743,32490000.38837408
871,47541.918296192496,3966.743437413076,155329227.21435687,32490000.38837408
872,48191.55227537535,4117.505764605337,167442356.5045176,32490000.38837408
873,50271.60323737678,6020.9455274867205,280170045.41041005,32490000.38837408
874,49111.5642449535,5066.3585799432985,223511136.74846512,32490000.38837408
875,50112.5516913891,6157.456999384366,285653882.56934875,32490000.38837408
876,47441.52000244763,3925.322385935879,154614949.61114666,32490000.38837408
877,47911.576183398734,3993.5194625570766,164328859.4827831,32490000.38837408
878,51865.268163428365,7859.418682452879,379786335.74536353,32490000.38837408
879,48870.58340157518,4920.799867185377,212454422.1105236,32316426.17293112
880,46847.63565886916,3158.165690313525,110032723.40720268,32316426.17293112
881,48809.20172806195,4091.069294945457,175328617.86903363,32316426.17293112
882,48149.13037920432,4281.25116687866,180067689.06223476,32316426.17293112
883,45562.52805633414,2007.625791447561,42839360.519364454,32316426.17293112
884,48581.77864982323,5088.366315720926,218977102.1247352,31314771.69620283
885,47801.818500456124,4100.064873747828,161746723.88691145,31314771.69620283
886,45729.25048664847,2321.4517141374604,56295654.874643646,30670159.69401023
887,47043.937427122044,3044.5512915633435,103809836.03018859,30670159.69401023
888,45721.65294798346,2101.4577632997957,49871920.765420124,30670159.69401023
889,48103.00991548838,3963.4300252805624,156426838.42171007,30670159.69401023
890,50648.11122312046,5151.695212804441,239525626.74024954,30670159.69401023
891,51483.68357377721,5182.57080333392,251127558.53553063,30670159.69401023
892,54302.85210084661,8006.000997957029,414873471.1412269,30670159.69401023
893,47993.24477992702,4056.9090674748995,167024159.96740037,30670159.69401023
894,47953.392994050686,4074.256615636224,162011548.71757847,30670159.69401023
895,46641.10441378385,2842.515871630943,89732174.87419511,30670159.69401023
896,45549.161113048336,1959.9808559059643,42623277.119743384,29913421.333245438
897,47263.79297300769,3165.8423537058034,105929565.82186742,29913421.333245438
898,49184.52729276401,4041.2354350250635,177605817.46775872,29913421.333245438
899,51565.985911729185,6027.974665452844,291184042.61700284,29913421.333245438
900,49439.037864054626,4941.869211001694,214262424.71220267,29913421.333245438
901,49140.397455610146,4950.795830206787,211431134.65640217,29913421.333245438
902,47320.061190510816,3159.694502665593,118518231.37788399,29913421.333245438
903,47526.88801401451,3270.07210723754,120561036.0435806,29913421.333245438
904,49433.64831506105,4942.445816171707,211856364.76547977,29913421.333245438
905,50289.62540182617,5189.295856155269,241286422.21815902,29913421.333245438
906,46305.548962931396,2106.5306319651854,45812326.779258445,29913421.333245438
907,47275.753746199814,2969.175669054637,100119961.07584925,29913421.333245438
908,50538.73919554833,5899.218299531627,270140803.19389373,29913421.333245438
909,47572.1026738716,3208.71121058293,108377552.04476623,29913421.333245438
910,54178.076384042695,7144.624796501739,369663634.7128583,29913421.333245438
911,49081.348697625435,5127.20706531811,222151990.18753067,29913421.333245438
912,51080.36070864865,6960.934557718601,330933840.07713014,29913421.333245438
913,52688.539641143565,5139.677806858837,261126002.48476917,29913421.333245438
914,48538.110931662886,4150.264010824411,167167506.47214168,29913421.333245438
915,48102.49655964425,4197.654070776158,167406999.7364924,29913421.333245438
916,50685.44100569657,6128.76733649042,282145245.1120087,29913421.333245438
917,49868.993518603806,5129.007198942603,223253702.27958083,29913421.333245438
918,50258.74098926136,5023.2245544115185,230693221.65836698,29913421.333245438
919,49730.50923170692,5275.817010058342,239543856.46119636,29913421.333245438
920,48775.826135376716,4961.126179197638,216204493.69272107,29913421.333245438
921,49010.63816794215,4251.715634995411,172425621.25700867,29913421.333245438
922,49746.97159027147,5109.523995398347,227139029.90883583,29913421.333245438
923,49356.920606148975,5093.704757452951,222360182.8495083,29913421.333245438
924,49823.8374719079,4224.544142134163,183449671.14687818,29913421.333245438
925,50803.702245617766,6063.696583731029,284020298.2902999,29913421.333245438
926,47013.41003782337,3067.691274224041,103050172.55876906,29913421.333245438
927,49335.284428437844,4890.171022650031,208952121.65851873,29913421.333245438
928,51837.24131594307,5279.5604667588295,254385319.1954977,29913421.333245438
929,51581.855497674784,5097.370349274477,244190557.71410155,29913421.333245438
930,47885.715319496834,3948.86691453832,158125611.69476193,29913421.333245438
931,49186.2329014109,3945.6895644879237,170030947.3179312,29913421.333245438
932,50701.480628899124,5147.776335027743,238101826.6268941,29913421.333245438
933,49529.123773473526,5170.407442149396,222579098.97968173,29913421.333245438
934,47324.737379709506,3127.4539660641244,105878399.3179564,29913421.333245438
935,47892.02105212741,3230.111914930286,113136390.9953995,29913421.333245438
936,47638.558012772715,3129.6911986142104,109596346.85169807,29913421.333245438
937,49435.231252722675,5046.387762027872,225435694.1967106,29913421.333245438
938,47086.307956514946,2999.2340169810295,103040771.8480849,29913421.333245438
939,47215.37381301125,3008.787087842146,107852401.81931968,29913421.333245438
940,47232.65378880337,3254.286615278101,126323925.88403738,29913421.333245438
941,49870.65737216018,5211.96730776536,228125755.5706181,29913421.333245438
942,48360.70807617975,4138.155860464237,170879858.85558408,29913421.333245438
943,48765.26979568346,4125.236648911934,164004637.46441787,29913421.333245438
944,46804.49116680406,2340.8382484563417,59325510.30168927,29913421.333245438
945,49338.139846656086,5094.175222462129,221131359.80420905,29913421.333245438
946,46621.49390479702,2369.442633069905,59109573.02649554,29913421.333245438
947,48418.99801969032,4105.18683795082,163735013.55191275,29913421.333245434
948,47613.77152949751,3172.4218684822617,109459351.0074331,29913421.333245434
949,52397.30250815534,7007.18922169775,342103656.96284354,29913421.333245434
950,50305.874762184634,4968.025108157751,223347443.01679325,29913421.333245434
951,48180.45886812288,4043.9565821578217,163639283.91452003,29913421.333245434
952,52302.37805014303,7089.6035950592395,345966749.23684275,29913421.333245434
953,47459.76646808778,3254.84335575271,111285087.06419285,29913421.333245434
954,48359.80399857943,4065.339837540561,161599553.7305847,29913421.333245434
955,46351.78474218599,2049.3915754223835,42298177.56200973,29913421.333245434
956,47883.12892773318,3314.2645370879522,124509033.73169956,29913421.333245434
957,49476.094270141104,4058.592909146314,171428657.08421654,29913421.333245434
958,48529.54145367658,4212.967533931118,172079463.30610317,29913421.333245434
959,48342.42629164857,4021.7454720016854,156201774.92472506,29913421.333245434
960,48121.77082767296,3023.516886165562,114534559.32876615,29913421.333245434
961,48385.25982119398,4135.245527935602,171463075.3859883,29913421.333245434
962,51100.88929445915,7058.833286054357,330171059.3175415,29913421.333245434
963,47290.45324327443,3001.365513747551,100326271.24801031,29913421.333245434
964,47249.11782939332,3136.525481828449,114294614.84673503,29913421.333245434
965,47694.51957011862,3117.554103913166,104629659.3678484,29913421.333245434
966,48405.844332133944,4151.187906232224,169809317.16662303,29913421.333245434
967,46293.828314992534,2139.1632473846503,51996502.70954333,29913421.333245434
968,51216.982806228,6982.974571312434,329756001.57114244,29913421.333245434
969,48546.67476394292,4181.010053611704,175240582.37557197,29913421.333245434
970,45957.79602280225,2090.418749486887,52962222.34885402,29913421.333245434
971,50623.572771470164,4058.1723408972116,192269216.954217,29913421.333245434
972,48339.939272254116,4064.9914218254826,159211119.50071868,29913421.333245434
973,49490.77519552196,5188.774772955579,229051632.21921653,29913421.333245434
974,48212.70588680236,4079.893238646283,159060680.48771593,29913421.333245434
975,48574.05526284747,4191.736069084263,170785931.65741158,29913421.333245434
976,50833.25685624145,6193.908104405286,280624836.85009956,29913421.333245434
977,50691.28441879881,5076.187154587823,231906244.95591837,29913421.333245434
978,48423.989636217135,4163.814038204064,164429189.11499855,29913421.333245434
979,50936.79226213314,6126.80916553195,283435589.38168895,29913421.333245434
980,47441.25249645913,3302.2829884513667,115591450.2850729,29913421.333245434
981,48264.05475461766,4033.775395951104,162016649.20346028,29913421.333245434
982,49398.075669830905,4113.44630490837,175348168.0125286,29913421.333245434
983,48244.17442712367,4018.956477958458,157337144.35893628,29913421.333245434
984,51449.79671382198,5028.599826585548,240328749.3559931,29913421.333245434
985,47801.798235886716,3202.5259084703803,110856972.87930179,29913421.333245434
986,49791.52755125466,5191.403338904748,228573973.71263304,29913421.333245434
987,49365.595586094496,4118.809750127441,174343249.90928632,29913421.333245434
988,49914.8399527648,4212.2245989298945,184338250.1912847,29913421.333245434
989,49655.20087846779,4186.186422480098,178846232.3858787,29913421.333245434
990,48373.09174375824,4049.3522711898995,165189766.888849,29913421.333245434
991,53562.68537465623,6091.573685897874,324061234.42273164,29913421.333245434
992,47488.71685766111,3089.7753946617754,103646335.0659761,29913421.333245434
993,48378.80650295841,3989.5628394021815,156881256.21296462,29913421.333245434
994,46111.37184549363,2128.1442446159026,49041869.397388294,29913421.333245434
995,50545.58534583331,5224.169327972393,252872180.64756465,29913421.333245434
996,49179.91353595173,4031.69242586179,170126042.49061337,29913421.333245434
997,49408.783277752795,5020.110706436725,215545040.1263011,29913421.333245434
998,50473.64260055639,4991.456477668257,231681842.80826864,29913421.333245423
999,50330.98333758655,5015.938541353788,229608861.2312201,29913421.333245423
1000,51554.52865238565,6084.670872255517,286900998.2504551,29913421.333245423
1001,47402.80071568918,3274.3151618814522,116419086.630791,29913421.333245423
1002,48484.972039380475,3984.1054649456555,157042929.18992105,29913421.333245423
1003,50080.471776270504,5332.257288603762,234255315.8936007,29913421.333245423
1004,49262.82332449957,4100.211967910841,179950931.10100254,29913421.333245423
1005,47375.3354609284,3018.607302486912,103492778.14165363,29913421.333245423
1006,56125.152768189575,8967.643164735191,475762536.15143603,29913421.333245423
1007,49206.54045066753,3883.965905758277,167356148.10759604,29913421.333245423
1008,48695.66464140426,4165.7562579890755,167042851.65758604,29913421.333245423
1009,45981.628378419606,2097.450475244283,48219070.66261098,29913421.333245423
1010,51074.1023489837,6044.016259317277,285504173.26259184,29913421.333245423
1011,47783.47052149544,3246.2677867274006,111958430.2176251,29913421.333245423
1012,47966.409631066854,3026.4788150350805,116128721.48885687,29913421.333245423
1013,51218.78281631907,5904.466261708596,280982703.47776556,29913421.333245423
1014,48416.35312946139,4054.8614031426578,163545831.0179233,29913421.333245423
1015,47068.594861690464,3056.5857623763786,100653680.7251065,29858628.170468774
1016,49332.751700996254,4957.324909208954,212837035.43748316,29858628.170468774
1017,51437.711137483384,6328.626302516265,303401047.60713035,29858628.170468774
1018,53521.465425703136,7047.64951457725,354757098.5959274,29858628.170468774
1019,48234.0148994727,4121.624262747833,166282997.22692078,29858628.170468774
1020,49686.63797948284,5159.915488167101,221458262.1546432,29858628.170468774
1021,48059.62433965822,4111.890871617741,164640536.36740786,29858628.170468774
1022,48036.80871516772,3943.6382403365665,153292980.42977577,29858628.170468774
1023,47117.333376218485,3088.8921604116085,107403829.20611815,29858628.170468774
1024,48653.45993727739,4227.5478598466,171950701.97629732,29858628.170468774
1025,46097.21495814709,1989.005783692377,39538058.49705922,29858628.170468774
1026,49255.83847805024,5197.13882184549,229166908.48088512,29858628.170468774
1027,47132.981842167115,3088.4894037083313,100619547.4549715,29858628.170468774
1028,47196.6275850902,3154.9878601018436,108806808.53370503,29858628.170468774
1029,50748.45155809425,5248.424670709412,240946278.9029277,29858628.170468774
1030,47263.70126407156,3115.34020633307,106668160.30625053,29858628.170468774
1031,45785.39582454518,2005.5837423629935,47950101.79730697,29858628.170468774
1032,49602.5626085787,4090.5180446060995,182304360.38622043,29858628.170468774
1033,49421.34032083992,5142.178720995714,228954871.75137872,29858628.170468774
1034,48060.98755303563,4085.5042186289816,159753054.29435745,29858628.170468774
1035,49601.6114121923,5135.308656701739,226333582.77292332,29858628.170468774
1036,49364.386947510524,5316.505024815429,242087234.13313693,29858628.170468774
1037,50876.77778089039,5322.17715991669,243294534.2200325,29858628.170468774
1038,50324.73042177853,5267.719430224497,231693410.18767238,29858628.170468774
1039,48499.479359728655,4072.416505318665,161510117.76526326,29858628.170468774
1040,49605.82662753318,4164.969544793627,182051010.66449493,29858628.170468774
1041,51414.20110399271,6045.791268222977,284202608.7562782,29858628.170468774
1042,49164.28768018338,4078.8780860084835,179115836.43859345,29858628.170468774
1043,45979.09286509499,2054.5238758645464,45737284.22878012,29858628.170468774
1044,49572.504218590606,4238.673122574322,180012414.86300153,29858628.170468774
1045,49446.216876261446,5087.6016678712285,227555401.47574028,29858628.170468774
1046,49223.643768269016,4963.262648035287,214558164.9392713,29858628.170468774
1047,49961.26182932881,6042.268258295179,274477844.89064723,29858628.170468774
1048,47436.58265644151,3218.7226873375885,110791203.7332019,29858628.170468774
1049,50459.997602219446,5073.913485469617,230074152.27208915,29858628.170468774
1050,51209.806351787396,6336.611170955395,300968287.47105896,29858628.170468774
1051,49335.742541919055,4926.118744050853,211247209.26644742,29858628.170468774
1052,49596.89397314389,5268.269719112099,242274643.64143926,29858628.170468774
1053,49540.259457250286,4151.334156141444,177777713.2185723,29858628.170468774
1054,47094.112458632415,3086.0734210081787,108732290.45132883,29858628.170468774
1055,50703.356190000944,5169.309155001565,234506912.44892818,29858628.170468774
1056,46385.79525965908,2229.974376175688,56261436.51046322,29858628.170468774
1057,48510.011173510844,4160.811272474858,167413379.13199013,29858628.170468774
1058,50139.23901308031,5905.78635054454,266626600.64027542,29858628.170468774
1059,49617.38949492705,4140.144358921037,179622213.89640427,29858628.170468774
1060,49287.92421234611,5057.857956089701,219951285.64763784,29858628.170468774
1061,50039.250935810145,6009.637369050001,278944915.6997752,29858628.170468774
1062,48415.64505762791,4247.813862015401,171533747.28108373,29858628.170468774
1063,47151.14025427359,3053.087202679936,100357856.2108601,29858628.170468774
1064,48398.67998229045,4109.961531984749,168748411.08639497,29858628.170468774
1065,48546.64435713006,4121.754033036887,162043700.79941335,29858628.170468774
1066,48514.81913508735,4170.396427123755,168596249.2190612,29858628.170468774
1067,49453.484720614404,4020.3204682026108,170334737.19897398,29858628.170468774
1068,47212.517019745275,2963.235005866302,98502797.28899324,29858628.170468774
1069,46946.57643712991,2207.2487356972933,51667944.80489635,29858628.170468774
1070,50559.368601241906,6170.167630548898,282074134.9429118,29858628.170468774
1071,50616.49967943536,6120.854540156292,282946887.61512613,29858628.170468774
1072,49258.45990203299,5047.926457935921,216872097.67756873,29858628.170468774
1073,48442.810640385826,4144.784890972494,170074650.3093117,29858628.170468774
1074,48453.92901488563,4251.997774108897,177863913.4980545,29858628.170468774
1075,49962.9595976305,5380.714066774667,236959965.99417838,29858628.170468774
1076,47087.71352975392,2966.345051748579,100404237.41850245,29858628.170468774
1077,50582.89559268992,6093.553292242799,280059487.25634134,29858628.170468774
1078,49218.680922365784,4999.081622389205,216157986.17671958,29858628.170468774
1079,51580.875162765165,7050.137695387273,337563778.3207813,29858628.170468774
1080,49789.45954357022,5208.776226121141,230139828.09030896,29858628.170468774
1081,47380.7718082713,3271.7832012634203,118147585.0033985,29858628.170468774
1082,46210.98925180583,2243.9981154893,60897733.83199575,29858628.170468774
1083,47138.25100425187,3115.727959363304,107051919.81400263,29858628.170468774
1084,50835.653821891305,5260.004075621242,239789377.94164887,29858628.170468774
1085,51065.63724105135,6006.090634375016,283390279.1835101,29858628.170468774
1086,49513.83436263348,5167.437345478893,225513600.0755547,29858628.170468774
1087,49446.18070390336,4105.526018636945,182174736.22164077,29858628.170468774
1088,47957.906285760706,3872.420953913931,153816145.26119012,29858628.170468774
1089,47337.87014482946,3169.8774695626316,106996090.02640836,29826969.040547647
1090,48358.50876810662,4118.756428954155,164662403.8271764,29826969.040547647
1091,48199.49632477242,4309.916976234247,170627188.90059602,29826969.040547647
1092,47188.47006607598,3348.0659359345163,120030242.82003589,29826969.040547647
1093,48237.32470450979,4143.296840501801,167365247.5718595,29826969.040547647
1094,49794.02654044006,5199.336390006631,226842777.81722945,29826969.040547647
1095,49639.07897485669,5211.487536568015,225694145.19595996,29826969.040547647
1096,48962.31386691899,4398.881484060619,177511045.70600152,29826969.040547647
1097,49347.75974521851,5155.360028238112,224332942.74740887,29826969.040547647
1098,47356.53078717501,3133.0390983717775,105809947.74247344,29826969.040547647
1099,50548.22999716639,5194.976995490797,233256394.83360505,29826969.040547647
1100,46063.40451260395,2166.2975070884822,48031732.76919667,29826969.040547647
1101,51257.16563839568,6042.356870099977,286526858.46176285,29826969.040547647
1102,48513.25127820049,4329.895453107655,180634252.12251455,29826969.040547647
1103,53619.78309361957,7197.280260384748,367354480.7834457,29826969.040547647
1104,47659.0895731072,3317.826573427753,119254846.31990035,29826969.040547647
1105,47030.65744395618,2988.295987395057,99197831.13051526,29826969.040547643
1106,46267.06126155819,2254.0109884797234,53234520.67646684,29826969.040547643
1107,48119.620605657205,4068.3807671277364,158856181.28480324,29826969.040547643
1108,48390.04761765505,4290.0908305313515,174238034.48778024,29826969.040547643
1109,50217.49546281854,5771.7409641408685,260843335.25753108,29826969.040547643
1110,48238.645558815784,4215.00367302815,169739255.56969446,29826969.040547643
1111,49622.48808054672,5073.758844194419,220021952.26429495,29826969.040547643
1112,50771.45390043203,5184.659509559104,238101135.27259606,29826969.040547643
1113,45995.38137561791,2105.2727040678155,46746401.77067502,29826969.040547643
1114,46257.379247145516,2259.36237822776,53888199.60721719,29826969.040547643
1115,47018.09782306974,3074.532690479041,104326161.64385381,29826969.040547643
1116,48058.78037791952,4015.802684782735,156078898.03486866,29826969.040547643
1117,47778.27972812473,3441.588677338698,122733522.03941134,29826969.040547643
1118,47470.17871832394,3133.2332471941972,109732700.48501535,29826969.040547643
1119,51754.49163157068,7042.166831083725,337739009.0224396,29826969.040547643
1120,50208.619723732074,4165.965076217281,189315306.26277298,29826969.040547643
1121,49038.569672410726,4916.458466061669,209197989.6241277,29826969.040547643
1122,48420.98504020176,4318.251487260369,177542302.46637803,29826969.040547643
1123,48290.57676135238,3058.637690784987,111525395.8923953,29826969.040547643
1124,54938.45654354142,8181.589505251135,422982831.4860059,29826969.040547643
1125,49212.41658055344,4092.771128278863,178361124.49443078,29826969.040547643
1126,46759.92348347071,2968.409431836525,100522967.70894305,29826969.040547643
1127,46495.178115015566,2218.830365072418,55096873.76854265,29826969.040547643
1128,47144.01022592916,3017.446121523201,108415334.0748528,29826969.040547643
1129,48839.81658945916,3985.6469066155732,168724789.41474882,29826969.040547643
1130,49095.99765410057,5022.220569916908,218343724.15695143,29826969.040547643
1131,47769.37626666816,3525.6566233692865,131132588.79250273,29826969.040547643
1132,50061.587256895225,5904.622302127737,264624555.34330082,29826969.040547643
1133,50297.86286100808,6159.722490750265,284247748.9602144,29826969.040547643
1134,49139.89184495561,5012.430407214902,211392625.76034018,29826969.040547643
1135,49357.87011719785,5090.012923608711,225151559.62514964,29826969.040547643
1136,50489.64727304678,4242.5814055873625,198794570.20239443,29826969.040547643
1137,46130.79500235634,2218.427693700214,52879418.10787119,29826969.040547643
1138,45996.29444517435,2113.986947406811,47718441.083078295,29826969.040547643
1139,49192.084939966895,5117.458321178545,224523184.89422345,29826969.040547643
1140,47126.84797444179,2989.879262173293,100713064.92232594,29826969.040547643
1141,48369.550822800666,4039.709190941968,159807478.19806314,29826969.040547643
1142,48303.17797304083,4228.990890356207,170435994.6410758,29826969.040547643
1143,47662.403492012156,3193.998169070934,110808683.97723608,29826969.040547643
1144,47492.894297151084,3251.1395424831185,111861902.55763717,29826969.040547643
1145,49335.56361718302,4815.814797941361,206836942.14941388,29826969.040547643
1146,48267.20385238672,3172.053938253138,119630079.91733567,29826969.040547643
1147,46595.79962936594,2363.053979643885,69037177.95775995,29826969.040547643
1148,51772.076053591634,7260.430254324693,349104232.3485759,29826969.040547643
1149,48201.22768900958,4276.054261478311,170318510.35713464,29826969.040547643
1150,49244.14209839552,5095.647032697076,219503974.43673167,29826969.040547643
1151,47287.56423901796,3143.7552252962428,106362778.5807666,29826969.040547643
1152,50415.74021700438,6022.238152817694,278795364.34208167,29826969.040547643
1153,49649.37371417092,5099.165518313943,218320183.34795117,29826969.040547643
1154,46244.22297601372,2266.1419428487584,58487562.23773684,29826969.040547643
1155,47022.00439291711,3062.477296898327,100151191.93682346,29826969.040547643
1156,50459.97176036242,6135.190651621653,282762792.11668396,29826969.040547643
1157,46882.17677421191,3021.132655554688,101012512.34585433,29826969.040547643
1158,48640.00728988464,4093.8287775910853,168276329.6167044,29826969.040547643
1159,49011.18228563762,4036.3143167937546,177466105.44647342,29826969.040547643
1160,52582.01043360245,8115.485302798955,392595599.74733055,29826969.040547643
1161,49490.03224003795,5111.1136754396275,218866313.4799676,29826969.040547643
1162,48420.46690752449,4077.872460130652,162129376.6254064,29826969.040547643
1163,46281.55780835063,2056.566776912383,45407447.002936706,29826969.040547643
1164,49573.29936989999,5114.585983617542,221210496.83107573,29826969.040547643
1165,49122.901189937875,4111.079678584639,175588477.29237634,29826969.040547643
1166,48728.4695561352,4511.127821497894,191425245.37123716,29826969.040547643
1167,49263.935861907754,5056.1333985697265,221740897.05732256,29826969.040547643
1168,48588.762588010286,4153.326487253746,172464463.61117682,29826969.040547643
1169,51413.64536828625,5261.671367690748,257520066.75635448,29826969.040547643
1170,48215.55655017822,4026.7298726632857,159347716.3805602,29826969.040547643
1171,48204.53272130826,4258.583912409364,176155128.1361082,29826969.040547643
1172,49755.50217888881,5801.413573204385,263354842.24670202,29826969.040547643
1173,47624.47934137825,3282.8584169963965,115647397.84073877,29826969.040547643
1174,47411.47404630425,3266.8505554508192,113543976.47096041,29826969.040547643
1175,48284.71471122211,4169.314082468919,170956673.7589057,29826969.040547643
1176,47396.387809945096,3167.677433731419,108692131.85903208,29826969.040547643
1177,52380.64080581859,6340.278785963137,312423005.3479288,29826969.040547643
1178,48210.657765674696,3094.1720067158176,117568895.74989614,29826969.040547643
1179,46128.28150555639,2150.528420969637,48371759.63256074,29826969.040547643
1180,48312.69703077301,3310.1835177613016,127061021.33428648,29826969.040547643
1181,52926.384835971425,6040.925894818814,299616824.03705525,29826969.040547643
1182,48608.19853693653,4256.6385994368975,170417499.1430474,29826969.040547643
1183,48064.60330471148,4045.561268495404,159517159.83422533,29826969.040547643
1184,47069.61090143481,3062.483803534749,101201299.06265047,29826969.040547643
1185,49681.80497538584,4378.074233859557,190393542.51147744,29826969.040547643
1186,46207.956736676875,2028.0839339404724,47975512.20053866,29826969.040547643
1187,47715.757921521064,3129.14649444477,114574825.28191169,29826969.040547643
1188,51424.155955054885,4992.827357063852,244517485.6632351,29826969.040547643
1189,47480.00006079134,3107.19998277182,104005274.52965556,29826969.040547643
1190,46803.01692169425,2933.08227730495,93477855.4456462,29826969.040547643
1191,48503.45440657219,4162.698154938281,165967007.9973527,29826969.040547643
1192,51331.37217468601,5913.984689589891,281273320.5198094,29826969.040547643
1193,49208.61899602248,5068.3244693857505,218680734.8823906,29826969.040547643
1194,51118.010137897596,5956.882819106937,279709280.3228594,29826969.040547643
1195,46918.73680943901,3064.4082012780173,105654638.6269225,29826969.040547643
1196,48247.729235588595,4043.179524275799,164561071.55808324,29826969.040547643
1197,45736.46023591816,2015.0095820267888,44560864.31789732,29826969.040547643
1198,48755.55832360441,4285.275453483065,179199986.98854178,29826969.040547643
1199,47455.88333078483,3297.891857534115,115969874.41472371,29826969.040547643
1200,46845.8702208875,2917.374642984064,93521687.05289927,29826969.040547643
1201,52781.84738131089,7186.595917051871,359365665.4675298,29826969.040547643
1202,49420.77301664291,5022.311657725413,214330659.40998894,29826969.040547643
1203,49322.53951106877,4148.033281808458,176513057.7254371,29826969.040547643
1204,47271.10751067916,3087.259329829422,106878719.17219807,29826969.040547643
1205,47556.92224306576,3172.5903378389726,107794094.44522543,29826969.040547643
1206,49146.91474256334,4982.559901588197,216740646.46192843,29826969.040547643
1207,46843.94372781468,3015.8353146891795,103028120.98260526,29826969.040547643
1208,48353.040078848906,3129.5311535686405,116899054.63711742,29826969.040547643
1209,54398.117252731565,7129.714232560186,369724583.25378436,29826969.040547643
1210,49166.46108803357,5248.606825443303,229991353.59072423,29826969.040547643
1211,49497.30180538726,4975.741748137078,212174998.3635355,29826969.040547643
1212,48247.33076235102,4198.558010912566,171284119.78429645,29826969.040547643
1213,50195.4991782795,6280.903145362934,297000340.1094669,29826969.040547643
1214,50462.454678444825,4251.142462637103,197847092.52321565,29826969.040547643
1215,49105.45625225112,5149.260175550017,234422803.71756548,29826969.040547643
1216,50183.44916752245,6115.678947366128,288217331.29726535,29826969.040547643
1217,47247.16545337868,3110.115330044821,112804188.37369926,29826969.040547643
1218,48011.97603562427,4045.150273105786,157822121.91314918,29826969.040547643
1219,48379.902145806744,4341.661188427406,177017261.4977905,29826969.040547643
1220,46012.679235240044,2067.9538756324414,45636582.97573581,29826969.040547643
1221,49714.40225835259,4214.860691588157,178086946.41615263,29826969.040547643
1222,49322.61792586016,5082.524520623957,217777460.19487286,29826969.040547643
1223,49553.904343602815,4088.3060268287254,175119459.40986463,29826969.040547643
1224,47097.45963470853,3144.2463091076092,113965963.10672116,29826969.040547643
1225,48303.833321718324,4145.464425161203,164868802.7992854,29826969.040547643
1226,49254.848954181165,5109.693721998494,221906592.0349157,29826969.040547643
1227,47183.286602341825,3091.7995901065733,104998432.48769367,29826969.040547643
1228,46137.68999547417,2147.37248495937,48865678.73560135,29826969.040547643
1229,48827.950522466715,3272.2129839901377,132211740.93503097,29826969.040547643
1230,48592.67973220698,3386.350531940903,128659992.35112289,29728009.447606754
1231,49365.31331141722,4232.204289979278,182488254.9890114,29728009.447606754
1232,45538.816102564204,1868.2810031556833,36230595.96010152,29728009.447606754
1233,46564.544780585464,3081.4983217750505,110374590.74937315,29728009.447606754
1234,53707.97645633427,7189.2316685892,365501428.6595386,29728009.447606754
1235,48245.12486410754,4115.7879269445875,166276848.87383437,29728009.447606754
1236,49551.37063428302,5194.8889858665725,229670481.81634015,29728009.447606754
1237,47974.48420947056,3071.0968651258618,115316737.86899094,29728009.447606754
1238,48168.786952279326,3135.606294710359,120172845.19500086,29728009.447606754
1239,50508.52244624793,6272.63332670776,285572146.972015,29728009.447606754
1240,50424.871734856126,5153.965244044071,243269924.91047853,29728009.447606754
1241,49173.22539219074,5026.102415070092,216169140.16942954,29728009.447606754
1242,50198.98214086033,5149.588843459168,248652495.52151436,29728009.447606754
1243,48849.19465951288,4005.435506784654,174517645.7570359,29728009.447606754
1244,48328.70891966032,3955.776434815977,159509188.0989861,29728009.447606754
1245,50369.1743454439,5160.020759857577,235017794.42698207,29728009.447606754
1246,48141.93626995922,3956.3544016727233,156828939.0394463,29728009.447606754
1247,48152.829351691544,4226.69323809774,166643364.60488588,29728009.447606754
1248,51747.39830579584,7244.972327341768,346502211.78571504,29728009.447606754
1249,48106.405477418186,3170.75942789718,116869819.8052702,29728009.447606754
1250,51484.19436269306,6209.417013813295,299538412.6800052,29728009.447606754
1251,45958.705090001014,2064.7038898669116,46721432.16362351,29728009.447606754
1252,48021.14954200802,3089.6114888331686,120974663.20474508,29728009.447606754
1253,48128.28681850229,4119.1031188640645,169412929.77247208,29728009.447606754
1254,47204.94515189377,3079.343999674111,104320363.69952507,29728009.447606754
1255,47077.42813052582,3212.066666905949,113572727.75303829,29728009.447606754
1256,48855.62060979869,4000.645203922314,167854565.53974366,29728009.447606754
1257,51361.42500486174,6013.188302937466,286490983.24185103,29728009.447606754
1258,48199.68765802729,4198.960110621398,174840728.94910926,29728009.447606754
1259,48018.86157241513,4095.8573227346133,167111114.98234493,29728009.447606754
1260,47734.40498763941,3984.2448525565387,154102396.65374023,29728009.447606754
1261,49304.17373350056,5042.460022275836,213593733.96162987,29728009.447606754
1262,48181.641783122686,4050.5987806217227,159859592.90919372,29728009.447606754
1263,48313.80433982592,3075.2012995884315,120402287.03744097,29728009.447606754
1264,51385.46878663675,6029.396780558725,286579121.4428296,29728009.447606754
1265,49139.9418873751,5100.111246769409,217442599.46006307,29728009.447606754
1266,49361.272664593256,5249.320048798521,223513501.49200755,29728009.447606754
1267,49202.12483516448,5150.270383781916,227803777.69680938,29728009.447606754
1268,47332.95041643376,3167.328372292045,114801096.27353413,29728009.447606754
1269,48377.34213817667,4114.626844360815,167039735.48190767,29728009.447606754
1270,48116.56179511422,3986.724757004041,156412602.14530605,29728009.447606754
1271,49328.723326624386,5195.911426501024,228807442.71911612,29728009.447606754
1272,46797.29183232591,2990.000786725596,98373725.27951887,29728009.447606754
1273,46923.017923892745,2984.779585559403,103828113.07274348,29728009.447606754
1274,48020.89314078732,4097.466523377581,164951956.50120828,29728009.447606754
1275,46732.0039564923,2289.7435938414283,56664969.173347905,29728009.447606754
1276,48914.88365140047,5079.459195788064,221103775.06391472,29728009.447606754
1277,50043.973129727485,4946.2373340366585,221259811.7995018,29728009.447606754
1278,50484.24538663526,6116.292164526632,278389295.85643536,29728009.447606754
1279,50424.42081522931,5192.972034822064,241940144.38794145,29728009.447606754
1280,49386.13012591512,5080.6002547385415,221677772.21737567,29728009.447606754
1281,48951.173577468966,4913.285291732494,206417984.38163954,29728009.447606754
1282,46255.63340514656,2089.6512266696927,47632081.281072855,29728009.447606754
1283,47048.09953962666,2992.1374082084862,101967653.61478719,29728009.447606754
1284,51365.09818325898,5212.270526082184,246421592.46837616,29728009.447606754
1285,45849.78121580453,2060.241384385307,46887550.70360175,29728009.447606754
1286,50600.319798603596,6118.940328605939,287839050.73978317,29728009.447606754
1287,50672.9823519889,6075.850491849569,277216523.23228455,29728009.447606754
1288,46865.93755815287,3162.278822151452,108311805.46180475,29728009.447606754
1289,47969.068101394965,3236.4134968334847,113090047.19974172,29728009.447606754
1290,48249.52453189313,4271.398236695871,173312621.68146604,29728009.447606754
1291,49512.49285105609,5132.200380012366,223307284.46797523,29728009.447606754
1292,49142.11686294739,5190.197389119878,225899460.7918746,29728009.447606754
1293,47236.35635945322,3248.1838414449862,111046990.44952719,29728009.447606754
1294,50290.66879196449,6170.280859229615,279546009.1869587,29728009.447606754
1295,47355.70457831428,3235.640383106855,113050920.41349478,29728009.447606754
1296,47899.17082584001,3932.3230699046458,152267331.3539075,29728009.447606754
1297,49165.22550119478,5110.542362284169,222507985.90550223,29728009.447606754
1298,48154.26764754164,4171.222352071299,166646588.78101072,29728009.447606754
1299,51369.969820670434,5280.909671630629,257289948.4720385,29728009.447606754
1300,48060.46683434902,3939.176918287255,155623506.2545378,29728009.447606754
1301,47230.66964617088,3097.621438207428,108593478.31934991,29728009.447606754
1302,49498.87141158992,4073.5929108819137,178862565.68860814,29728009.447606754
1303,52546.41493362906,6995.714004305453,352800486.52710617,29728009.447606754
1304,50295.2615604817,5018.229105290944,226185830.04392496,29728009.447606754
1305,47231.686075449135,3249.9008505701613,115892521.08458504,29728009.447606754
1306,47912.67249676281,4225.173218151984,169449815.4343452,29728009.447606754
1307,46101.493047953074,2250.597447524301,62634896.064931154,29728009.447606754
1308,47791.87956008101,4030.362557583757,161186407.46950603,29728009.447606754
1309,47285.878447118186,3128.2198055588537,104182976.56452917,29728009.447606754
1310,48878.85877399682,4849.107322342407,203962755.79027146,29728009.447606754
1311,47075.250071199174,3131.0902247922727,112862152.86647339,29728009.447606754
1312,50147.12746475848,5137.589154019809,233756566.53432876,29728009.447606754
1313,49125.18882823902,5019.7556125941555,214664923.59803444,29728009.447606754
1314,52512.87614301513,7133.162049803844,347756055.16286814,29728009.447606754
1315,49452.80475974347,4176.200856021946,176238111.90846407,29728009.447606754
1316,48127.18424279365,3973.59719918491,156298043.8920726,29728009.447606754
1317,46109.83432399145,2127.106338917522,52999077.60606398,29728009.447606754
1318,51298.50356623764,5991.405354693952,285894109.5231973,29728009.447606754
1319,47021.35312542862,3106.727177522445,108565291.08570373,29728009.447606754
1320,49217.512593004314,5059.25180269564,223424919.72021937,29728009.447606754
1321,46817.99491213167,3033.6834831597316,98902319.75910346,29728009.447606754
1322,49749.037543681115,4254.2680181791475,185482020.61744094,29728009.447606754
1323,48827.69859000725,5072.517458469571,225774448.6717659,29647796.91582116
1324,48892.84681417486,3941.402821511012,164344240.3587233,29647796.91582116
1325,52265.6209588793,6122.970664207344,302806651.87466747,29647796.91582116
1326,45930.892871201395,2091.382948978468,44867237.20590793,29647796.91582116
1327,47536.889260186945,3875.257252573676,150155255.15650165,29647796.91582116
1328,45536.12226256735,2040.416360865218,46019783.25640319,29647796.91582116
1329,46752.845739209864,2933.509436925539,97521792.03199755,29647796.91582116
1330,46890.65838172489,3005.113986050551,100500328.16990837,29647796.91582116
1331,47794.8549301326,3027.3573225859986,113155200.83645758,29647796.91582116
1332,49996.49803659775,5949.501571778635,268770391.9926651,29647796.91582116
1333,46880.61877297318,3046.5325100311784,98963517.56581254,29647796.91582116
1334,48863.116586843134,4986.548284922704,217067988.84543476,29647796.91582116
1335,47129.51726133131,3155.3200993465134,108364309.55076179,29647796.91582116
1336,50051.79878414893,5106.838420853464,231615362.65394735,29647796.91582116
1337,48867.90756253861,3969.8572353974478,164997144.8156642,29647796.91582116
1338,45910.87218631543,2366.950136934122,60236577.52514744,29647796.91582116
1339,48002.29374803665,4023.8194045275313,163556919.68094605,29647796.91582116
1340,47029.91608448722,3209.060547399408,112629073.35433576,29647796.91582116
1341,47881.564388876206,4027.4239541819124,155961199.53712016,29647796.91582116
1342,50819.94967979753,5078.4593279134315,232806577.07962704,29647796.91582116
1343,49014.314818126775,5068.501324532719,216647497.74333042,29647796.91582116
1344,47122.07264340308,3103.789234939299,107825667.31887564,29647796.91582116
1345,45690.448157040126,2048.053541238351,49276316.809050225,29647796.91582116
1346,49829.120208949564,5107.097505495376,238256972.36856914,29647796.91582116
1347,48966.896040102445,4292.359184149502,185293471.47393578,29647796.91582116
1348,49331.42587367045,5085.056034751715,222203759.83981127,29647796.91582116
1349,49173.658226642045,5168.307474333351,220679880.3531487,29647796.91582116
1350,49183.38684236136,5000.256205956798,210736474.78920025,29647796.91582116
1351,49223.56550234803,5079.579730608375,221648535.0144549,29647796.91582116
1352,48106.71402571564,4176.581517070871,166750053.97455692,29647796.91582116
1353,49300.20222977547,4267.498499895078,183044297.39086092,29647796.91582116
1354,46570.38273747421,2983.415945088298,97742136.53920008,29647796.91582116
1355,51128.29041755553,5905.202116266339,282776018.2571541,29647796.91582116
1356,50024.27094602819,4477.847194957129,189542813.33372152,29647796.91582116
1357,48633.88869064969,4501.33504855833,190442604.5711536,29647796.91582116
1358,47727.857291337335,3938.0203169257206,152562047.7931222,29647796.91582116
1359,49074.9611161336,5290.846252474854,227304786.118783,29647796.91582116
1360,47281.33516184981,3246.43643603645,114228476.75992313,29647796.91582116
1361,46845.53599561271,3038.51385985469,105143465.56236638,29647796.91582116
1362,49331.69263271129,5124.3611008114185,223214948.97854248,29647796.91582116
1363,50147.51067945423,6144.912913571869,280430479.535418,29647796.91582116
1364,48462.47755417084,4384.453380527943,188955093.82169804,29647796.91582116
1365,50079.273123295745,6126.939271570195,279659503.1685481,29647796.91582116
1366,51759.75420260933,5306.08993796406,252517005.41530657,29647796.91582116
1367,49076.96993345716,5282.614191083763,239294655.15507874,29647796.91582116
1368,49878.724679533814,3996.2131590020463,178234714.7363096,29647796.91582116
1369,49023.67460017473,5203.908862924854,222140932.05012646,29647796.91582116
1370,49419.25201901031,4144.882196545227,176201659.49192563,29647796.91582116
1371,50119.62828972048,6165.000344717939,280991895.8344499,29647796.91582116
1372,47096.32499245678,3040.568554320492,100987516.94704069,29647796.91582116
1373,49985.8920396129,4059.7119161817764,184161514.20760807,29647796.91582116
1374,50104.075125548625,5039.052997928818,228993060.06171885,29647796.91582116
1375,47686.63869303476,4145.947411681505,166731977.79520434,29647796.91582116
1376,49889.43721340679,4008.8128263601475,190461766.94654968,29647796.91582116
1377,46610.53849363349,2959.8845411307275,96120385.30591753,29647796.91582116
1378,49961.34761716065,5093.293070261891,237143596.54520974,29647796.91582116
1379,49054.008940053034,5083.616392848638,219267990.38556904,29647796.91582116
1380,48430.700614593385,4263.155760330284,172749878.4472671,29647796.91582116
1381,46572.69257431153,2972.2576238387824,95626502.05181208,29647796.91582116
1382,48597.30811378553,4399.492131945646,173442837.3843968,29647796.91582116
1383,49190.86463501789,4208.621358694966,188327486.66959837,29647796.91582116
1384,49446.70132147654,5045.085716260325,220154560.19487137,29647796.91582116
1385,47917.2204242471,3964.0785639492124,158435380.42472792,29647796.91582116
1386,53027.23457363086,7039.621633682416,357619916.105142,29647796.91582116
1387,48318.35007228905,4300.099023632394,172678725.83148184,29647796.91582116
1388,53526.36056895021,8142.9101486934,416927544.5706037,29647796.91582116
1389,47454.039030555214,3299.3205074782913,118383749.25174563,29647796.91582116
1390,46844.64391890083,3131.970747482427,111888131.68755583,29647796.91582116
1391,45503.45651857188,1965.834586338246,40692902.014710024,29647796.91582116
1392,47339.259909386186,3162.384376073237,107374453.17299128,29647796.91582116
1393,49056.52968733577,5126.876727751626,227395871.6545793,29647796.91582116
1394,49130.24924452927,4184.984436872023,182993059.0648923,29647796.91582116
1395,45816.41619685326,2098.553115103102,47742289.87091575,29647796.91582116
1396,50525.855286345126,6192.9066119831905,284526009.51442647,29647796.91582116
1397,47750.85517070951,4212.501367864573,171972666.88807902,29647796.91582116
1398,48929.07228282812,4081.5366847732175,172772710.0052967,29647796.91582116
1399,45967.34205461629,2012.1797268822272,44246686.75653211,29647796.91582116
1400,46899.602542626344,3131.0370579507808,104882214.13331528,29647796.91582116
1401,48039.07592049512,4027.2469238720414,157971723.69132793,29647796.91582116
1402,46870.724999508704,3017.78481815546,105512510.295338,29647796.91582116
1403,50009.290032340716,5231.261274743994,235967469.56980062,29647796.91582116
1404,47671.674285894514,4021.235153564698,154424018.53910887,29647796.91582116
1405,48114.636191727186,3260.0733505651406,130105091.51550445,29647796.91582116
1406,50722.499871661224,5422.317015864851,248951628.84334606,29647796.91582116
1407,49132.06729099494,5042.500610917948,223781428.16898602,29647796.91582116
1408,49051.93827580409,5032.026720570796,218615376.63473338,29647796.91582116
1409,48408.94964500584,4281.185134538411,174422700.26323962,29647796.91582116
1410,49030.59259419868,5183.850451104749,226553898.30925328,29647796.91582116
1411,51245.9211743895,6137.688297305105,298309396.82219505,29647796.91582116
1412,49431.19947924932,5206.682519467705,230770417.55400276,29647796.91582116
1413,48060.596539089274,4241.020017449717,171602963.27737424,29647796.91582116
1414,47840.11413687573,3140.362175360396,123359412.02081278,29647796.91582116
1415,47010.4635831595,3181.94145718071,118977474.92907917,29647796.91582116
1416,47084.101183327395,3208.259210349554,118771287.1911829,29647796.91582116
1417,47448.875184412514,3225.3914022177323,111102806.36597724,29647796.91582116
1418,47807.45250515124,3937.5297024385573,154720017.0793881,29647796.91582116
1419,50427.22533137137,4320.511702291512,198491351.62076515,29647796.91582116
1420,48578.98451103806,4515.074902662041,185053535.7805913,29647796.91582116
1421,48939.78399519286,5090.134157450908,222144611.46746665,29647796.91582116
1422,47755.13777357207,3957.712088533613,155222973.37101722,29647796.91582116
1423,45609.6123036116,1980.3647116565858,40249790.36493841,29647796.91582116
1424,47738.4729047295,3951.233640680897,154714576.69159433,29647796.91582116
1425,46583.22891966466,2989.452363687523,101821304.0432357,29647796.91582116
1426,51621.9983232114,6093.460243302288,291489184.53735614,29647796.91582116
1427,45580.619815862585,1914.9864219515748,36507057.14868523,29647796.91582116
1428,48314.8842179989,4184.575298891237,174450019.3854569,29647796.91582116
1429,46193.50094274834,2174.2320126608415,48918429.89634852,29647796.91582116
1430,48136.166080105904,4233.239574402231,170437647.5451202,29647796.91582116
1431,48926.52697009077,4011.798049089087,170139253.90316638,29647796.91582116
1432,50542.39810810568,5202.236502024867,239344351.0089642,29647796.91582116
1433,47903.78504593693,3980.6062259445825,155286897.97054487,29647796.91582116
1434,49297.991403961,5207.366255611951,222784361.5017808,29647796.91582116
1435,47932.54270041307,3951.4765778122646,158785761.44282997,29647796.91582116
1436,50336.36919390358,6182.19071554134,282069144.3362317,29647796.91582116
1437,51566.082311344006,6159.413906256608,297965083.389655,29647796.91582116
1438,50169.80273133969,5991.620324601479,269392819.6652429,29647796.91582116
1439,50397.44502769354,6176.640867727992,288083633.7011148,29647796.91582116
1440,50050.750710907756,5078.441614588528,239799392.14514846,29647796.91582116
1441,47146.503475796824,3233.9809561536663,124228578.23856337,29647796.91582116
1442,48773.321991805125,4870.54065888223,210447528.69728866,29647796.91582116
1443,46422.79891479605,3009.153567938517,98087220.30379236,29647796.91582116
1444,49671.41342846071,4231.078516897496,183148526.8842695,29647796.91582116
1445,47014.85892772938,3311.6499538827325,115105042.3745703,29647796.91582116
1446,49151.439625519284,4035.0410329761535,174484638.3236291,29647796.91582116
1447,49170.051818036576,5003.799816764248,216518810.71298862,29647796.91582116
1448,45975.67475234163,2189.121058035391,55644262.73963002,29647796.91582116
1449,47816.64200554833,4105.888037069232,161902722.31663668,29647796.91582116
1450,47794.57359457151,4105.670720044614,167540421.88723925,29647796.91582116
1451,50078.203232096756,5174.710524803295,243616637.05895472,29647796.91582116
1452,49689.65835567871,5182.477829031146,224570760.3430271,29647796.91582116
1453,50344.03641553237,5036.552423024011,235677833.2729365,29647796.91582116
1454,47910.935148504715,4155.60968090862,166653873.08560815,29647796.91582116
1455,46953.21160711876,3082.05061568711,103929722.26284961,29647796.91582116
1456,48120.160530972775,4407.66029332697,179333870.9456747,29647796.91582116
1457,47061.78364768209,3299.7756605461736,111624745.59393296,29647796.91582116
1458,46897.46666875318,3143.020141187694,107467410.42864144,29647796.91582116
1459,48907.172025986634,5056.791236999341,227290261.67303514,29647796.91582116
1460,50978.2007806718,5086.419713224047,242538497.7429801,29647796.91582116
1461,46073.45240719539,2106.734365583867,49888070.82920221,29647796.91582116
1462,52076.0556430903,6244.330005114642,322051586.02460754,29647796.91582116
1463,48677.3508997674,3948.649749505226,168904714.6648733,29647796.91582116
1464,51223.04498902231,6188.270549032882,296296004.23879707,29647796.91582116
1465,48105.74857490218,4249.211194448736,173107775.97053716,29647796.91582116
1466,49159.56009452352,4126.330088617622,176165945.23667344,29647796.91582116
1467,51208.77458750001,6005.981264203798,281832852.5242969,29647796.91582116
1468,48225.44490950985,3952.002822303168,156003723.06629542,29647796.91582116
1469,48280.35110847748,4348.414565349433,171340160.14740732,29647796.91582116
1470,46813.99014504572,3076.388342642521,102303445.8270661,29647796.91582116
1471,46504.369390456304,2352.83807327423,56597994.70406158,29647796.91582116
1472,46734.771821288385,3022.3468465819456,98825873.9666045,29647796.91582116
1473,50120.956373343986,5340.214900140081,247859724.3963459,29647796.91582116
1474,51115.23596495234,6288.8306250055375,294775564.995637,29647796.91582116
1475,49198.60479335305,4936.051313842673,212606105.14565855,29647796.91582116
1476,48857.87984524519,5047.0999551333425,221633719.1262219,29647796.91582116
1477,48083.33774904204,4310.318473213286,178314723.79377168,29647796.91582116
1478,46230.885021936476,2301.5484143903404,54306336.76824261,29647796.91582116
1479,48403.494793834674,4315.969362654823,170387439.2970636,29647796.91582116
1480,48218.226492579604,3197.9333637264817,125879342.06863911,29647796.91582116
1481,48843.9738193811,4950.668578701824,206457016.87638757,29647796.91582116
1482,49097.048181838836,5256.019042471685,228069767.6526402,29647796.91582116
1483,47761.228567522485,3979.5451667512075,158027217.78420347,29647796.91582116
1484,49741.43101381055,5161.396709251561,228616667.25848827,29647796.91582116
1485,49941.24843663126,6120.800144958399,284044311.1085475,29647796.91582116
1486,47905.45632668901,3995.31064482637,155961467.6252436,29647796.91582116
1487,47626.78876007582,3967.1315213103653,153485467.39025185,29647796.91582116
1488,46514.37530709422,3041.2094434291635,103705102.68184246,29647796.91582116
1489,46449.59538901147,3039.9735287104377,100681807.21723494,29647796.91582116
1490,48348.889909002864,4273.94815886146,168758250.06538844,29647796.91582116
1491,51464.10805553546,7227.552504681592,346993487.8870975,29647796.91582116
1492,48324.732405848015,3164.7041460176583,122020582.97251861,29647796.91582116
1493,47906.91199285795,3987.4270106204954,160162044.9798554,29647796.91582116
1494,48131.1123644242,4141.811848623157,161469057.59428167,29647796.91582116
1495,48999.303194324864,5066.868815646163,216022838.43827152,29647796.91582116
1496,47136.07460735878,3056.919865359766,100715192.85845846,29647796.91582116
1497,45964.121077082804,2136.6644492279647,49765780.72602855,29647796.91582116
1498,51008.08083127793,5195.958677089244,252799894.5495276,29647796.91582116
1499,48317.01505170123,4241.2945035792945,168851114.52414766,29647796.91582116
