,per_it_avg_total_length,per_it_avg_max_path_length,per_it_avg_fitness,per_it_best_fitness
0,60014.07434343343,6026.237850408422,362493021.0003846,302294359.88665384
1,60189.16899419465,5086.964996642075,306156639.2418213,301820842.1466015
2,60030.9998288375,5069.548078332256,304335833.4436388,297405096.6158038
3,59331.35074286029,4972.3440621060945,295018979.16083986,270170094.0542899
4,59283.28074848148,4558.746387711058,270257441.96380043,268240577.15444106
5,59894.75085230585,5286.378111735632,324184987.53299296,250342603.74832705
6,57640.95280945043,4338.3588606379,250067138.35649022,248945604.71037072
7,57386.779812796114,4414.115179319053,253458766.04716763,239928303.83330187
8,56519.219368760205,4247.325854021821,240055541.67406607,239928303.83330187
9,56489.26220391407,4247.325854021821,239928303.83330193,239928303.83330187
10,57500.37321815024,5081.643636688871,299918832.50927424,230773801.9296524
11,56587.24693471572,4184.842138891305,236975901.1785882,230326832.33085126
12,56233.44767368522,4187.668190310762,235506099.3470959,230326832.33085126
13,56182.31075698407,4100.422857672376,230371231.22479016,230326832.33085123
14,56200.788712455236,4106.393383613819,230783671.2529913,230326832.33085123
15,56238.23495963788,4094.609448968934,230272526.85002294,228602949.97536442
16,57593.70619387907,4914.698427496868,291498777.2816466,226977261.7482002
17,57697.9433333406,4874.777363435109,290416400.12912357,226668946.37168065
18,56376.544204851925,4020.60421968842,226667771.52147835,226657197.86965764
19,56392.0506918895,4020.60421968842,226730116.96869415,225051960.3841284
20,56139.69351956561,4020.3905562723994,225703336.90957475,224469606.04092735
21,55998.42054288101,4020.60421968842,225147485.93059406,224469606.04092735
22,58022.157691455344,5697.621172607037,344949634.4536794,224469606.04092735
23,55829.819046034536,4060.537515476125,226699074.7186667,224469606.04092732
24,55829.819046034536,4020.60421968842,224469606.04092732,224469606.04092732
25,55848.92556035596,4020.60421968842,224546425.77303153,223802727.51194066
26,55680.93558408857,4020.60421968842,223871004.56558552,223802727.51194066
27,55782.36167633019,4020.60421968842,224278798.7400387,223802727.51194066
28,55677.72711615299,4051.711047243708,225589633.5976057,223802727.51194066
29,55663.95379480661,4020.60421968842,223802727.51194066,223802727.51194066
30,55664.39944214236,4061.646746386511,226093509.90305677,222966019.31029764
31,55462.208294820484,4026.963809366613,223344669.5902227,222966019.31029764
32,56581.04572461477,4896.840972037213,285548575.4402893,220510741.0456543
33,56446.06902881265,4880.429325554802,283518740.1784617,217895387.69577768
34,55250.58238090746,3897.140127534157,215356901.41626534,192867644.10735273
35,55419.861356141126,4405.027076200723,251682308.113494,188653730.07888296
36,54414.65042538712,3500.4749954476747,190473501.43488163,188653730.07888296
37,54469.47489493296,3527.7009222064808,192169601.38422626,188653730.07888296
38,54449.631803312725,3516.4275310804396,191489545.49632725,188338222.08264822
39,54157.47620245475,3505.918410695089,189872104.96661717,187494890.43361977
40,53879.86450391407,3476.6980688396266,187324020.87009877,186859854.51487777
41,53828.55242273625,3476.6980688396266,187145624.25655976,186859854.51487777
42,53879.033833760666,3542.6981268626105,190975743.21398324,183591921.92032766
43,53854.870192821996,3422.3302886718607,184309153.45338613,183570861.70691416
44,53639.14240380183,3422.3302886718607,183570861.7069142,183570861.70691416
45,54838.25433724595,4378.962718444833,249086973.2529692,183570861.70691416
46,53641.63337166817,3423.8056400304513,183658523.20331034,183511183.30744934
47,53642.11230767555,3422.3302886718607,183581025.69889563,183511183.30744934
48,53602.23182754428,3422.3302886718607,183444541.52381563,182750311.36324635
49,53452.36384915467,3422.3302886718607,182931643.8020709,182406278.1708382
50,53363.30480931826,3417.6610143798184,182377987.38954535,179917608.54070503
51,53279.824206163976,3451.289027912027,183885512.23053262,179275273.3472875
52,53120.81398092648,3384.184164405072,179771887.2711776,179145811.89971405
53,53173.16579376438,3412.3267391854943,181468371.52247053,178641475.3797322
54,53971.04851280672,4259.6033710786905,238258412.66647807,178611753.8680811
55,52942.903042294005,3393.92792385385,179678021.4041651,178155729.46876973
56,52812.74812408956,3410.758803651929,180142872.74382052,178155729.46876973
57,52843.21303712542,3375.6375457514355,178379533.96626234,178155729.46876973
58,52969.41453336462,3375.6375457514355,178805544.4752974,177466682.99200845
59,52806.48153564292,3375.6375457514355,178255541.73074615,177466682.99200845
60,52726.861825742155,3483.516722902977,183718071.53444952,177373005.0996169
61,52656.37581299718,3368.500060268786,177373005.09961691,177373005.0996169
62,53737.42035878826,4342.274552309953,242684830.28333706,177373005.09961686
63,53730.06174916656,4297.896450653558,239740185.11105317,177373005.09961686
64,52748.442502031845,3377.8142165461745,178179491.83627453,177315831.16160244
65,52657.363191471435,3368.500060268786,177376331.08406693,177315831.16160244
66,52714.132202980225,3398.2223731565987,179140956.45881492,177315831.16160244
67,52700.95436262731,3402.905004680907,179340649.99828553,177315831.16160244
68,52773.225443423275,3368.500060268786,177766613.08674955,176248191.15359953
69,52411.54333704425,3425.858117556652,179582300.6999132,176248191.15359953
70,53469.32448167773,4367.98449116372,242586209.79512542,176248191.15359953
71,52270.38179194015,3368.500060268786,176072784.21642286,174156025.85860673
72,52767.512684931455,4311.969458491106,236673949.8615389,173929927.72205222
73,51759.71609301471,3368.500060268786,174352606.77881533,173926734.85072094
74,51752.291320773984,3368.500060268786,174327596.43307495,173926734.85072094
75,51936.47169172726,3391.468662899259,176133952.50588262,173926734.85072094
76,52690.11197203428,4224.284625596633,230981703.49798995,168499057.0722889
77,51466.58622139372,3273.931760369925,168498091.22803813,167557041.67676237
78,52219.33224212435,4147.604166205162,224459947.462696,167557041.6767623
79,51179.14909070367,3273.931760369925,167557041.6767623,167557041.6767623
80,51259.47674708839,3322.864275802554,170351812.6087025,167557041.6767623
81,52304.67218520069,4224.941220248902,230297579.45790157,167269011.03471208
82,51248.97022723437,3289.950611733835,168611949.63678956,167269011.03471208
83,51391.15083879525,3344.078865562807,171941641.796557,163631722.05345017
84,51161.00609507771,3242.4912950126845,165904911.02150983,162621015.77267236
85,50902.41939302026,3202.092962389622,162994278.90699518,162621015.77267236
86,51868.68067727877,3998.2731412975904,214565901.17298675,162621015.77267236
87,51962.14178982212,4115.052575797553,222056206.4340498,162621015.77267236
88,50796.046530080486,3225.5920463764364,163847084.08695078,161932779.58050758
89,50561.37926531577,3250.9420962753475,164372582.24228525,161627350.91723368
90,51541.96663274067,4093.826392320641,219516726.04431105,159476538.47124034
91,49964.952205803675,3202.092962389622,159992421.82433772,158793324.38914418
92,49753.33076748848,3232.337065293018,160840667.56336403,158793324.38914418
93,49667.61662398108,3202.092962389622,159040325.65031555,158635623.5296702
94,49543.632327396466,3205.8835269221827,158831105.63563737,158635623.5296702
95,49734.913401547004,3202.092962389622,159255816.18815094,158635623.5296702
96,50649.08276829198,4040.029287406863,211779126.75897592,158635623.5296702
97,49562.56635954881,3202.092962389622,158703944.93787986,158635623.5296702
98,50599.69292009795,4102.61546451687,216169610.78484765,158635623.5296702
99,49723.468288059245,3202.092962389622,159219167.870798,158635623.5296702
100,49582.41156297475,3243.628196078368,160855518.2561443,157616783.06960005
101,49460.41212689556,3230.7203380820383,159810166.2793279,157616783.06960005
102,50339.36885825138,4087.866460309497,214209359.96003267,157616783.06960005
103,49372.50666559685,3238.680044122548,159920340.61099595,157616783.06960005
104,49401.61824784048,3202.092962389622,158188574.1220687,157616783.06960005
105,51462.711113586054,5022.448445471008,274702967.63862115,157532400.9356203
106,49682.526905301034,3437.9455514337233,171074987.25123405,157532400.9356203
107,49296.87985149132,3202.092962389622,157853192.0402271,157532400.9356203
108,49400.51860401735,3202.092962389622,158185052.96032152,157532400.9356203
109,49255.83111611338,3202.092962389622,157721750.17355838,157532400.93562028
110,49201.045904598424,3202.092962389622,157546322.83332333,157532400.93562028
111,49311.656352744336,3202.092962389622,157900507.7708981,157532400.93562028
112,49420.669933443176,3259.2370140447792,161091271.68857846,157532400.93562028
113,49438.73437631146,3264.708585616445,161504254.07122317,156476123.2857627
114,52098.420715774715,5899.885271408673,327528609.43926966,154017705.69225037
115,49202.4386261413,3124.858703198136,153750857.54296952,150517621.25967675
116,49307.82847440668,3060.801373341747,150921469.11096323,150517621.25967675
117,49228.903732049424,3060.801373341747,150679896.15116554,150517621.25967675
118,49291.98935064471,3060.801373341747,150872988.6992001,150493838.1327703
119,49289.498420438475,3181.1804075732753,156829136.8099817,150493838.1327703
120,49180.0588531993,3060.801373341747,150530391.67890033,150493838.1327703
121,49297.2923546286,3060.801373341747,150889220.14107683,150493838.1327703
122,50346.27495019231,4081.157169787104,214029982.5368666,150319120.017419
123,49113.16369831167,3062.931168364762,150430280.69280115,150319120.017419
124,49202.804279227734,3064.7665134950826,150795040.23093495,150102022.44369173
125,49111.84362206268,3068.169038676988,150684333.69021153,149264723.13213116
126,48839.84223204317,3076.7783499459315,150277032.71689233,149264723.13213116
127,48835.95748425188,3060.801373341747,149477165.7362573,149264723.13213116
128,48901.4794096819,3053.495299042084,149320175.87124437,146211924.5966349
129,49005.80157153385,2987.7406303451176,146416624.4779023,146211924.5966349
130,48932.862617777464,3016.309768439686,147596797.94968233,146079696.65258074
131,49193.84666344976,3233.7452594805072,159301257.17150187,146079696.65258074
132,49023.37422224982,3003.098346774904,147220012.31308118,146079696.65258074
133,49111.625635287826,2999.549446082814,147310168.13229114,146079696.65258074
134,49925.87628546065,3910.3253699416578,203306877.2794706,146079696.65258074
135,49017.33590930792,2987.7406303451176,146451086.08751398,146079696.65258074
136,50220.26245136578,4017.387352257909,209946816.78368387,146079696.65258074
137,48908.681020798875,2987.7406303451176,146126453.4624299,146079696.65258074
138,48919.722719342,3087.6173581754174,151042719.19035226,146079696.65258074
139,48963.8363711886,2987.7406303451176,146291243.3437702,146079696.65258074
140,49058.03796804034,2987.084721899492,146540623.9298566,145759003.12987083
141,50113.4684178678,3997.4805663811094,209354046.41256446,145759003.12987083
142,48897.124946135365,2981.181545888859,145771206.53644052,145759003.12987083
143,48902.476407534195,2981.181545888859,145787160.21440625,145759003.12987083
144,49068.17724566483,3114.1016836589306,152870123.6106277,145759003.12987083
145,49058.25012368567,3005.2101723659275,147439076.24592456,145759003.12987083
146,49013.6446790242,2981.181545888859,146118573.0138606,145759003.12987083
147,48894.93695472672,2981.181545888859,145764683.73683053,145759003.12987083
148,50096.77955272834,3899.151027609555,204603048.9249309,137857438.96957114
149,49095.35504683545,2817.132077081619,138308099.5381511,137857438.96957114
150,49155.6166533916,2821.2531505899246,138680419.45812267,136069189.3217738
151,48985.723347180305,2780.588996909123,136209163.3448039,136069189.3217738
152,50226.27453146893,3839.0856304127506,200865825.83304262,136069189.3217738
153,48962.893756677,2809.99137661507,137584500.36762196,136069189.3217738
154,50349.52909299754,3666.6111669106467,193391555.22605464,136069189.3217738
155,48935.38364462602,2810.1424436025563,137515398.57373792,136069189.3217738
156,50189.47559167951,3711.000860236875,196107595.9298515,136069189.3217738
157,49965.7041662709,3717.4661377622047,194291133.71426582,135147806.13301212
158,48624.63610224685,2849.6961521824237,138564968.63910073,135147806.13301212
159,49762.93340224448,3832.547851322352,199534385.51365048,135128504.53758818
160,48685.69277914517,2853.47954432237,138981760.0807577,135128504.53758818
161,48697.842527644614,2783.6962218638423,135560056.07391015,135128504.53758818
162,48597.079499270025,2804.0359127140596,136267956.16897336,135128504.53758818
163,49672.67681830821,3785.564217281439,197685473.98143187,130880919.83499674
164,48677.41521955697,2737.39794516948,133254774.33763614,130880919.83499674
165,48947.95181615347,2738.716969651951,134058354.1727266,130880919.83499674
166,48686.897197912775,2693.184882374725,131122815.50315109,130880919.83499673
167,48597.694875684254,2705.0325187828844,131458410.59341833,130880919.83499673
168,49705.902809343956,3609.6152177708855,187984646.28550702,130880919.83499673
169,48751.73330553415,2806.5395431866805,136884988.02034053,130880919.83499673
170,48701.83189830998,2772.281841565221,135057788.8261369,130880919.83499673
171,49866.03628454833,3614.9715749209004,189616678.79967433,130740119.20618273
172,48544.79915649244,2686.2025613662677,130401163.835181,127350565.49616544
173,48604.798484636056,2617.145594769327,127206207.19919105,124332983.14827006
174,48544.79915649244,2646.4837007596607,128473019.72430857,124332983.14827006
175,48544.79915649244,2576.4313769715,125072343.73556674,124332983.14827004
176,48629.494105712685,2591.349805735453,126027601.01186338,124332983.14827001
177,48644.723079494564,2649.693494398669,128992347.91421051,123640773.67656147
178,49428.07271645337,3565.210126612064,185181606.25308353,123640773.67656147
179,48378.721381133146,2615.7034209840435,126538708.4142026,123640773.67656147
180,48449.89294710627,2599.408342871836,125937708.6872793,123640773.67656147
181,48278.95729772303,2561.2008970819197,123652108.74110794,123640773.67656147
182,48411.94553271086,2599.253034928034,125849140.31553102,123640773.67656147
183,49395.42900932489,3602.7048850302353,188054868.8317227,123640773.67656147
184,49421.52345731929,3517.752232495385,183727083.68829355,123640773.67656147
185,49426.78322089247,3523.5789165681854,183155390.0765559,123640773.67656147
186,48274.53161422456,2561.2008970819197,123640773.67656144,123640773.67656147
187,49442.05930173907,3494.7093615096114,181444712.07131585,123640773.67656147
188,48506.42028240124,2571.7827864259575,124751619.40820475,123640773.67656147
189,48274.531614224565,2561.2008970819197,123640773.67656144,123640773.67656147
190,48534.30426784443,2701.7324494837003,131204794.45790836,123640773.67656147
191,49452.272840171354,3592.8671365942982,187874215.47101554,123640773.67656147
192,49521.52922512448,3517.5680090908136,183207608.42540184,121226980.97523834
193,49115.22134701495,2535.2680639103214,124513580.7615289,121226980.97523834
194,48967.06222350531,2478.7549305906646,121377346.92305367,121226980.97523834
195,48797.71586849609,2484.582299194252,121242574.43244107,118532959.328825
196,48011.76735027247,2523.7126803136953,121202461.40334599,118521185.30974145
197,48050.61421934933,2536.9937054275106,121952839.89309469,118521185.30974145
198,49028.75629091395,3500.7938495348135,180672138.87964982,118521185.30974145
199,48014.703732218775,2520.6141612873853,121043968.79935391,118521185.30974145
200,47989.60239327203,2610.133868689977,125406692.75825338,118521185.30974145
201,48022.66381220401,2564.598325745662,123210290.26428941,118521185.30974145
202,48981.78706577572,3467.6347589297934,179061356.0278195,118521185.30974145
203,47812.55237126226,2478.7549305906646,118515599.93439071,116257579.40412627
204,46978.12621020073,2552.176411726437,119898566.38421571,116257579.40412627
205,48066.02758122709,3567.069135194827,182644439.7155183,116257579.40412627
206,46931.716002524234,2505.472451889412,117585317.01636663,116257579.40412627
207,47115.57632074045,2607.145120804378,123026354.24991,116257579.40412627
208,48122.56361632417,3430.2746660681414,174945253.4915131,116257579.40412627
209,46925.91197906501,2478.7549305906646,116317835.69057092,116257579.40412627
210,47075.328280179514,2511.546497378567,118245364.27228323,116257579.40412627
211,47085.84178779177,2490.1830895815065,117261350.76974937,116176589.29651718
212,46871.61334155059,2478.7549305906646,116183242.67510772,116176589.29651716
213,46983.1441584463,2478.7549305906646,116459700.23740074,116176589.29651716
214,49146.5148864704,4400.022593569241,231876053.51267713,116176589.29651716
215,49201.489279339774,4403.270414112032,232226000.46422625,116176589.29651716
216,47095.19670251389,2600.4052767349576,122537370.64234638,116176589.29651716
217,46997.595655649806,2640.8112506820435,124086531.06962416,116176589.29651716
218,48048.23101508503,3407.954115864348,173608423.3867398,116176589.29651716
219,46868.929180035295,2478.7549305906646,116176589.29651716,116176589.29651716
220,48049.80841408187,3503.3682908455385,178402498.26334667,115316561.83780028
221,46660.44256905372,2489.6004288839476,116165237.94656292,115316561.83780028
222,46797.08234073158,2507.278974120766,117346687.29342489,115316561.83780028
223,46550.52873600831,2485.319844462289,115692765.35036902,115316561.83780028
224,47661.97632157649,3489.0939577336258,175071676.06872162,115316561.83780028
225,47759.861784726694,3413.9302271303677,172851746.9544056,115316561.83780028
226,46610.49441179626,2485.841972162677,115865695.97396486,113240927.89642748
227,46521.96972547077,2434.138721225041,113240927.89642748,113240927.89642748
228,47779.30350439567,3525.209337961124,177961793.5376141,113240927.89642748
229,46560.69412856144,2514.9872637809754,117103695.15210423,113240927.89642748
230,47732.84261298026,3387.7025882011403,170727489.5812425,113240927.89642748
231,46662.947925279026,2458.320980028039,114736718.28449889,113240927.89642748
232,46745.454626947256,2479.4283696117877,115952632.19988231,113240927.89642748
233,46938.45662551573,2528.0323019852203,118781844.03409965,113240927.89642748
234,46602.753238290956,2483.0117107756023,115744580.98471808,113059292.03397873
235,46589.106775465756,2434.138721225041,113404348.78944913,113059292.03397873
236,46447.34954837694,2466.0890759184945,114543301.32662019,113059292.03397873
237,46752.41338619121,2457.1822252449347,114873193.78332968,112769995.22422649
238,46535.87912087106,2536.3458731979094,118090621.7944181,108131160.07057032
239,46420.43273090101,2405.8970570168117,111712920.74793048,108131160.07057032
240,46376.08449141537,2375.2372451860488,110152715.77072254,106691454.51209256
241,46310.80955256354,2336.4052996754567,108224993.19885413,106691454.51209256
242,46208.39375784121,2452.0189282707406,113312396.08506522,106691454.51209256
243,46379.91894935466,2453.3326822029453,113839907.75595546,106691454.51209256
244,46163.530880627804,2440.910567769626,112681911.66430727,106691454.51209256
245,46309.156660425455,2471.3376859308764,114422139.05145971,106691454.51209256
246,47229.853775555675,3288.687459549218,164146165.7929326,106691454.51209256
247,46261.62185517255,2369.052482492617,109618086.8305151,106691454.51209255
248,46085.075580845354,2410.066141811798,111068080.30023308,106691454.51209255
249,46111.75901935699,2308.892655482523,106467267.30427289,103831834.75087501
250,46161.10065351244,2290.6862107680367,105761858.41867521,103831834.75087501
251,47157.27929918574,3374.53211813178,169376080.28096777,103831834.75087501
252,47375.24780498653,3299.7171486744433,165578058.03494135,103831834.75087501
253,46267.9058431259,2253.0468582768544,104243759.89890414,103804268.95675805
254,46078.948645444725,2293.5787490312377,105685449.82369977,103804268.95675805
255,46188.84374123923,2404.887108629051,111100128.63098875,103804268.95675805
256,47376.19027321569,3403.693399700724,171287749.91394466,103804268.95675805
257,47297.82515932381,3308.8364466032485,166263734.43859428,103804268.95675805
258,47153.03868631821,3231.9678861978064,161913963.61294308,103804268.95675805
259,47138.48159105915,3321.168082387771,166281903.1916925,102587118.6000826
260,45743.648643347944,2262.907562840383,103524402.32772502,101965960.47420253
261,45353.73895502325,2253.0468582768544,102184099.06372371,101965960.47420253
262,46356.61371255476,3231.869945146675,158888533.97698522,101965960.47420253
263,45445.81605036629,2289.938096563004,104075746.32440257,101965960.47420253
264,45444.73978051124,2297.6750502344303,104408862.68209891,101965960.47420253
265,45348.1285828341,2260.161708925874,102497082.00032979,101965960.47420253
266,46380.19670504249,3277.668573924934,161023446.18081754,101965960.47420253
267,45318.78535801462,2297.180992684872,104104053.3242906,100739425.81134428
268,45256.919579642825,2225.94526421675,100739425.81134427,100739425.81134427
269,45419.99342616952,2341.537330615618,106428010.33527446,100739425.81134427
270,45407.95405758855,2359.046404988998,107156934.48947729,100739425.81134427
271,46424.60785358165,3229.6676043591324,159611752.64375335,100739425.81134427
272,46601.138492621605,3292.377901557827,163605592.84448546,100739425.81134427
273,46353.36799734352,3217.5962141319965,158491064.43646842,100693842.69299182
274,45236.80024362949,2225.94526421675,100694641.2706262,100693842.69299182
275,46549.280449901176,3340.722970923392,166129862.40214604,100693842.69299182
276,47683.160108390766,3386.9762929633384,181692025.20369428,100693842.69299182
277,46354.25309697479,3172.9928666507562,155464060.16387525,99547053.11298315
278,45236.4414847475,2231.056621341902,100925062.30049136,99547053.11298315
279,47577.39331594887,4276.927971458708,220114483.72369418,99547053.11298315
280,46399.291642091324,3221.0093460007242,158931863.3107593,98414352.77544235
281,44809.92165116848,2200.5942520157723,98608456.01883844,98414352.77544235
282,46984.100712955114,4131.729464890572,230494765.29246956,98414352.77544235
283,44987.34328639206,2362.3127988281085,106328102.58743425,98414352.77544235
284,44805.5127703626,2228.6032743922638,99851365.42567378,98414352.77544235
285,45781.16174415051,3147.6439662513267,152970565.40160754,98414352.77544235
286,45835.658205836764,3268.324535532441,158810912.4936568,98414352.77544235
287,45091.64363424854,2407.2031260648796,108624548.91181812,98414352.77544235
288,45974.463868094135,3311.756901715466,163640195.2982311,98414352.77544235
289,45978.744407170205,3230.370698322809,158549522.24235517,98414352.77544235
290,44977.06391344821,2285.7681430602947,102848256.7823356,98414352.77544235
291,44834.468697850876,2321.1683385762854,104061055.42626005,98414352.77544235
292,44897.54635188676,2200.5942520157723,98801282.4315737,98414352.77544235
293,44942.75868631674,2254.0427284175,101340293.14595573,98414352.77544235
294,44950.750623802895,2356.880258785121,106101866.46038273,98414352.77544235
295,44848.893274727045,2220.2904516907483,99590326.58117442,98414352.77544235
296,45840.15667595777,3259.4990826171183,158690233.01602262,98414352.77544235
297,45867.44634808568,3301.4477280701403,161263091.19953555,98414352.77544235
298,45840.68914025811,3293.5016761093298,160690199.62998694,98414352.77544235
299,45904.22114456079,3234.8223115356363,157822650.42260623,98414352.77544235
300,44763.058297475436,2203.316022016781,98628176.2414519,98414352.77544235
301,44843.0001912293,2380.5149954895546,106775986.77046707,98329828.17898503
302,44953.5315438141,2345.4291139438005,105445392.78870139,98329828.17898503
303,47948.258222656696,5133.1996195913935,287817944.6809476,98329828.17898503
304,44860.60215680032,2243.9110472874704,100699317.41712794,98310529.08619425
305,44754.28987731326,2226.364492995906,99645530.8526125,98310529.08619425
306,44843.64509517585,2228.538999847028,99964974.57190952,98310529.08619425
307,44869.743117208476,2225.1808917594176,99859338.34242842,98310529.08619425
308,46991.13933878533,4176.770187116374,213727274.44798294,98310529.08619425
309,44810.0051517856,2212.477872164011,99146776.46199548,98310529.08619425
310,45883.63083753097,3201.1657938925327,156743646.53956643,98310529.08619425
311,46190.05897394093,3248.0260351991633,160983515.2552728,98310529.08619425
312,45850.62857324604,3195.7159000866945,156279039.33359295,98310529.08619425
313,44718.78666634016,2262.1759761855546,101178620.33232497,98310529.08619423
314,44849.13043801755,2295.9367680338805,103049797.66140799,98310529.08619423
315,47985.18351657955,5332.308542175965,278311141.476429,98310529.08619423
316,46046.42716035069,3227.386704016994,157757029.2969882,98310529.08619423
317,44821.924251900855,2296.602507770912,102976749.90227897,98310529.08619423
318,45869.52913188415,3218.725228032708,156835864.8012856,98310529.08619423
319,46938.06823849677,4248.161200901019,215510660.7545956,98310529.08619423
320,44783.66550131996,2311.2254570167247,103528007.65348014,98310529.08619423
321,44747.64583469402,2300.2915939489108,102973850.03564206,98310529.08619423
322,46079.33159899606,3382.867714032952,165122602.2016811,98310529.08619423
323,44796.92381005173,2268.625075109215,101623014.01210508,98310529.08619423
324,44846.562650010994,2240.8229103258027,100514311.32123975,98310529.08619423
325,44812.979627529225,2284.865395507898,102461561.78393248,98310529.08619423
326,45025.400268871796,2220.920715890063,100008952.00703534,98310529.08619423
327,44709.8600352707,2328.667068546394,104109854.76843522,98310529.08619423
328,44944.53969438239,2265.1152449771375,101876937.62800594,98310529.08619423
329,44975.27805407324,2219.7777707864657,99850393.7892805,98310529.08619423
330,44676.3331565132,2250.0998457603355,100526121.41924582,98310529.08619423
331,44845.57442147327,2233.076049732294,100175713.96100897,95412206.32876892
332,45831.71883761672,3164.248950492497,155028903.4482728,95412206.32876892
333,46078.54839516083,3196.603751329733,156927104.48076135,95412206.32876892
334,47109.145885622806,4273.586653868386,218052338.7087535,95412206.32876892
335,45147.42520061166,2282.860298602277,103096433.45965007,95412206.32876892
336,45178.1821081853,2236.6369885935264,101093817.19557527,95412206.32876892
337,45976.58160915544,3162.556449985393,154512166.62381664,95412206.32876892
338,45862.64157728929,3184.048377625253,155220551.1203948,95412206.32876892
339,44816.39411859655,2132.969960697673,95592022.4017543,95412206.32876892
340,44736.50415129839,2174.738765012423,95434904.98249067,76780874.26743335
341,45914.59069337905,3217.5393217533465,138996084.89513695,76780874.26743335
342,44967.49601466873,2269.8982974805235,83373326.44383442,76670181.9017809
343,44883.92612187956,2233.5855971633187,81679370.48627998,76670181.9017809
344,44789.00221170141,2145.4857712272924,77452805.60244481,76670181.9017809
345,44667.602246244365,2132.969960697673,76670181.90178089,76670181.9017809
346,45900.09411181436,3141.139223373844,134807152.922502,76670181.9017809
347,44838.83565221351,2175.9811952673745,78953487.90546922,76670181.9017809
348,44832.25722214304,2191.130664255521,79592931.89679644,76670181.9017809
349,44957.72898484207,2226.1706763808097,81427691.29162249,76670181.9017809
350,45812.543944718054,3097.91561449269,132785303.09272818,76670181.9017809
351,46989.20426967632,4158.994255247902,192146140.3448712,76670181.9017809
352,44990.95013113266,2214.893616244228,80982013.88472992,76670181.9017809
353,46924.62437437767,3232.163605343027,152494743.60706732,76670181.9017809
354,45042.19688727059,2244.713074657959,82401824.8016041,76670181.9017809
355,44787.66200933883,2184.1161015460902,79167343.05254139,76670181.9017809
356,44723.29225303,2132.969960697673,76765771.60742097,76670181.9017809
357,44667.602246244365,2132.969960697673,76670181.90178089,76670181.9017809
358,45829.07881538906,3185.4616894046485,137035408.16954437,76670181.9017809
359,44906.57001452573,2152.285931019309,77966063.96569677,76670181.9017809
360,45935.15809584756,3278.924383292471,140693218.7217853,76670181.9017809
361,44687.01338575796,2132.969960697673,76703500.35906506,76670181.9017809
362,47931.57850067032,5197.971361287799,250693488.39503843,76670181.9017809
363,45734.82511514978,3187.5124163157334,136124091.35118657,76670181.9017809
364,44966.26639465757,2180.384789136308,79342213.68157408,76670181.9017809
365,44716.94974860168,2318.897924586638,85097740.82835792,76670181.9017809
366,44913.55916996175,2194.528544762924,79892141.47233483,76670181.9017809
367,44804.91507470326,2236.054256188609,81584254.50859249,76670181.9017809
368,44753.03498327739,2183.970444190816,79111577.76095447,76670181.9017809
369,44772.35409227904,2253.091913645928,82258653.24291363,76522033.8469113
370,45712.78772040179,3138.869893843767,134127953.0540668,76522033.8469113
371,45691.33722569076,3163.318387434472,135306067.54605877,76522033.8469113
372,44635.40455606651,2263.7979399399364,82447396.18435068,76522033.8469113
373,44663.98956357783,2140.495378008052,77032858.42407952,75206885.70695296
374,46445.46753616674,2985.5231428938887,128112815.67081232,75206885.70695296
375,45628.124154463454,2182.776556043472,80728205.46414192,75206885.70695296
376,46589.14768985893,3200.2868114511793,139453158.95271248,75206885.70695296
377,46476.13110668983,3082.3150419170806,132408839.47108957,75206885.70695296
378,46453.48116263185,3160.7980366176935,138164443.11078367,75206885.70695296
379,46741.44777383308,3180.95799434804,138653100.1627017,75206885.70695296
380,47563.60570579171,4147.8928745229105,213926578.26377022,75206885.70695296
381,45465.15366756183,2074.977881999494,75402528.76895662,75206885.70695296
382,45587.493197795106,2159.9812837783284,79507993.42966123,75206885.70695296
383,45381.17479681391,2074.977881999494,75263252.45057318,75206885.70695296
384,46390.72145779321,3109.47900585558,134640619.9742139,75206885.70695296
385,45627.5973654286,2148.2751482453245,79048674.59678632,75206885.70695296
386,45489.87774603725,2115.1441725968234,77313160.05148813,71081779.6457938
387,46409.14143876857,3007.632134510622,130509323.81900907,71081779.6457938
388,45488.339185200144,2159.8156536019496,79364454.2710414,71081779.6457938
389,46425.399969814614,3112.3825932658697,134481055.3221183,71081779.6457938
390,45309.81473476389,2060.550638365325,74504007.05832127,71081779.6457938
391,45382.797519157626,2056.682698906212,74512155.51747236,71081779.6457938
392,47326.18243885822,3940.8773652962104,203809119.1304997,71081779.6457938
393,47612.132567014894,4009.61243571057,209208415.55127946,71081779.6457938
394,47681.604138408744,4002.0590739009335,187660942.77531084,71081779.6457938
395,45253.60642608702,2046.5969065570941,73794503.66598837,70869410.0753043
396,46378.97048270728,3083.540116779289,133571371.4638617,70869410.0753043
397,45262.71544907539,2100.5780396602786,76284197.23895045,70548386.65923338
398,44974.58356492441,2003.7516214863922,71394804.70016932,70548386.65923338
399,45020.64583059451,2016.324281166019,72036346.4502749,70548386.65923338
400,45026.722889761535,2025.064098569706,72477061.86932221,70548386.65923338
401,46195.5851775463,3087.057989796368,132956349.02599187,70548386.65923338
402,45164.59741578195,2126.038122649979,77280354.60779962,70548386.65923338
403,44907.30272607446,2020.5420904577381,72031826.83612774,70548386.65923338
404,46124.229648048495,3082.8360121722662,132275836.79722628,70099431.28552644
405,44737.360581220884,2046.5132363151984,72950523.21464367,70099431.28552644
406,44664.300751395094,2023.4029773634538,71777216.51852795,70099431.28552644
407,45897.01911566795,2955.524109924125,125399270.2870872,70099431.28552644
408,45874.38443787793,3134.4641710966253,133891850.41981545,70099431.28552644
409,45940.44517190005,3124.360917430211,133958381.68591638,70099431.28552644
410,44927.97894345854,2128.0832739598527,76974988.79996285,70099431.28552644
411,44979.658195841985,2122.5624115817895,77043888.50108896,70099431.28552644
412,44640.72594672079,1988.5363635775932,70176429.16450422,70099431.28552644
413,45936.57531207749,3117.7165165988436,132822706.59832294,70099431.28552644
414,45685.74809924931,3110.507460371928,132557699.69357166,69895010.17088845
415,44511.39898536433,1988.5363635775932,69973123.68166944,69895010.17088845
416,45537.306631259744,2977.1647733785608,125376328.0753059,69895010.17088845
417,44491.431625109355,2109.023230928442,75307620.68196031,69895010.17088844
418,44809.33707085392,2026.5880861958776,72170486.60243568,69895010.17088844
419,44482.8805606568,1988.5363635775932,69928291.9463218,69895010.17088844
420,46702.500425668215,4009.6984962918054,184929635.58598194,69895010.17088844
421,45588.693708087085,2994.8423629527288,127232545.31130305,69895010.17088844
422,44529.1851730231,2090.0258713117737,74531785.96873625,69341999.28207324
423,45167.167433752504,3017.334135926715,127261067.59002118,69341999.28207324
424,44289.14923071263,2009.9391879204013,70585896.42477664,69341999.28207324
425,45420.633541903844,3033.166247723402,128689960.93825886,69341999.28207324
426,45185.52458952488,2907.725776314178,121465022.19711144,69341999.28207324
427,44213.30795845286,2000.138523743155,70024436.83320186,69341999.28207324
428,44135.260072536985,2010.3333688135742,70339767.69092466,69341999.28207324
429,46441.56937642531,3925.3721699458765,178814704.9758721,69341999.28207324
430,44218.00407922821,2052.3917801844814,72363027.44574907,69341999.28207324
431,44134.34852511916,1988.5363635775932,69380390.15519367,69341999.28207324
432,45346.04589543133,3061.9607429398775,129397774.25335422,69341999.28207324
433,44129.11080443523,2113.6879479806094,74892583.60234925,69341999.28207324
434,44309.059189278436,2142.075359447429,76581967.38335222,69341999.28207324
435,44320.023264547315,2192.3072347818165,78897398.34315218,69341999.28207324
436,45189.028661733086,3024.3237180215447,127613291.1831431,69341999.28207324
437,44437.6413312365,2114.6643716286444,75594642.58185354,69341999.28207324
438,44296.05693501839,2087.588443182664,74092898.48276237,69341999.28207324
439,44352.17260686682,2029.4892769852831,71579496.40266861,69341999.28207324
440,45350.67341238445,3012.0230175184392,127065482.92899342,69341999.28207324
441,45334.74792479191,3082.6047880206474,130418688.41700499,69341999.28207324
442,44355.100965627586,2085.514114261856,74097283.90502116,69341999.28207324
443,45411.94223368625,3098.1150480846727,130852767.57458916,69341999.28207324
444,47499.25098830236,4981.384972555819,259237516.35572714,69341999.28207324
445,46261.12190856306,4103.064825702876,187836999.88636222,69341999.28207324
446,44348.23629201665,2030.352003476431,71585355.97814517,69341999.28207324
447,44105.90832184635,2032.5657076459938,71277812.55068246,69278820.32192132
448,49474.10659160799,7086.974006972652,378213328.3435547,69278820.32192132
449,44100.61267612997,2075.3803369652933,73191939.89011197,69278820.32192132
450,44268.826904925016,2061.954377582112,72899216.08864741,69278820.3219213
451,45440.74866461759,3182.0271674006835,134731514.09697253,69278820.3219213
452,45216.921288149206,2959.5980319455703,123579046.7582941,69069031.08789274
453,44090.42260905016,2203.9249994146585,78963591.23209688,69069031.08789274
454,45257.568725695615,3051.2846664066797,128167149.96174732,69069031.08789274
455,43971.60951779131,1988.5363635775932,69124560.03196329,69069031.08789273
456,44211.37259481715,2101.027365226391,74548211.38745989,69069031.08789273
457,44131.40995275059,2041.223411788375,71755454.33775823,69069031.08789273
458,45381.57942411378,3254.650065712089,138038114.32381836,69069031.08789273
459,46384.71716998692,4223.512480239281,194152588.80181083,69069031.08789273
460,46255.656224096136,4025.5069715237587,184446811.45312315,69069031.08789273
461,45117.183309792264,3022.527686880688,127653509.89791663,68719825.61809391
462,44004.34011198445,2072.3973459004865,72599236.03298017,68719825.61809391
463,43971.97940950806,1988.5363635775932,68775652.35378401,68719825.61809391
464,45003.85048921377,2963.823322328847,123651881.04834409,68719825.61809391
465,45018.62665111555,3001.0652094177626,124773770.20385504,68719825.61809391
466,44149.830390944226,2141.984943556051,76036705.93280192,68719825.61809391
467,45155.07134175016,3029.395244516326,126720403.73456201,68719825.61809391
468,45250.59264870833,3274.193335170566,138483083.06823486,68719825.61809391
469,45473.451549950616,3273.9184528441824,139776635.41734904,68719825.61809391
470,45093.66689340774,3027.5487991534774,128083030.7898871,68719825.61809391
471,44010.44655250366,2046.5132363151984,71454918.8468161,68719825.61809391
472,44054.868101357555,2022.2956936112375,70464451.84553118,68719825.61809391
473,44083.34840170628,2003.6920728101607,69661177.51481274,68414267.1918808
474,43973.48597633561,2206.0575829793374,78840094.6513992,68414267.1918808
475,44692.41071505637,3047.6757340492923,127343239.89759281,68414267.1918808
476,43608.15185391231,2058.814932248451,71611702.3903003,68414267.1918808
477,45790.63845457232,4026.6721116085073,201974061.38682693,68138018.27872548
478,44431.80095315216,2906.9309766197807,119601692.68076244,68138018.27872548
479,43552.312074783935,2059.416738233454,71591477.35620216,68138018.27872548
480,46670.37286312523,4051.6925694693323,195621501.96449476,68138018.27872548
481,43592.34651505342,2131.633909757637,74825656.35847281,68138018.27872548
482,44606.54655840429,2983.168795777496,123871145.47745542,68138018.27872548
483,44432.56624940464,2995.025697014175,124161430.59602752,68138018.27872548
484,43530.27628412206,2006.3680272925617,69221973.68375656,68138018.27872546
485,43397.0168542224,2023.270299322897,69743906.10267985,68138018.27872546
486,43430.907168218946,2005.0711185087762,69005606.28592984,68138018.27872546
487,45530.836214320945,3901.5634088196834,174966324.30339196,68138018.27872546
488,43512.99762963945,2045.1869359115876,70916921.60640293,68138018.27872546
489,44508.88637711627,3078.0559310840536,127544916.99836996,68138018.27872546
490,44579.436725780164,3035.522285423614,125313061.34163216,68138018.27872546
491,44459.176660149285,3033.1844510096275,125592691.75742364,68138018.27872546
492,43606.80043834072,2083.0561154502316,72678112.74138246,68138018.27872546
493,43412.43371995015,1988.5363635775932,68245520.54648226,68138018.27872546
494,43405.23375145499,1992.1941490227607,68394983.23208618,68138018.27872546
495,43507.284211889615,2159.84415508971,75940906.51463448,68138018.27872546
496,43518.33782192295,2099.8497049890216,73264271.10942258,68138018.27872546
497,45721.28956588473,4123.272896241347,186030352.76380748,68138018.27872546
498,43478.10903327522,2033.01778383387,70304167.62479906,68138018.27872546
499,43424.45847901605,2011.423306993593,69265660.25146599,68138018.27872546
500,44754.67561441874,3231.704556144915,134997292.45029512,68138018.27872546
501,44429.06892691532,2957.0794357792224,122290295.65525988,68138018.27872546
502,43444.14277602821,2061.163425078117,71506630.77233562,68138018.27872546
503,44509.03999934693,3208.8296962166505,134457848.71280712,68138018.27872546
504,43574.33634252692,2093.696038790547,73139373.68885356,68138018.27872546
505,44513.79935714518,3019.2619889911703,125370195.23017442,68138018.27872546
506,43387.33410467547,2031.191141932292,70054894.08500183,68138018.27872546
507,43508.82433180154,2045.9473203239063,70894370.28640172,68138018.27872546
508,43420.05878692238,2006.911838623038,69058390.57964914,68138018.27872546
509,43372.98939166524,2041.9190210397933,70498610.79340127,68138018.27872546
510,44630.029319164125,3095.263045710834,128951273.48661752,68138018.27872546
511,45670.159216226915,4003.0562173074054,181429168.39879227,68138018.27872546
512,43837.024281618986,2175.414455660598,77246637.01012334,68138018.27872546
513,43439.59541182916,1997.113174632385,68668167.99714573,68138018.27872546
514,43344.43784020185,2033.0965993423379,70070050.2362659,68138018.27872546
515,46741.62224520225,5140.879414227992,244223662.7778545,68138018.27872546
516,43449.37395482453,2057.144384549654,71302835.04174712,68138018.27872546
517,44583.17008519873,3159.0828235872964,131983901.5172371,68138018.27872546
518,44595.63612936359,3120.2337353588664,130012927.53811006,68138018.27872546
519,43381.589056332705,2016.873513431005,69429694.44546844,68138018.27872546
520,43592.72232563821,1998.8001686074517,68978622.44177958,68138018.27872546
521,43451.757450863355,2019.5343144825797,69678356.06445548,68138018.27872546
522,43366.798360258224,2028.8640875337271,69923643.88117118,68138018.27872546
523,43409.8847114138,2003.6883321986043,68906463.23877506,68138018.27872546
524,44395.336385261486,3024.6395094717664,124829735.62784782,68138018.27872546
525,43441.1786788947,1988.5363635775932,68290708.39978053,68138018.27872546
526,43608.87405211023,2032.8794558845298,70541361.21683767,68138018.27872546
527,43600.67253785744,2015.0446211257538,69717360.03907342,68138018.27872546
528,44571.16034319845,3078.8641913242905,128126482.69799955,68138018.27872546
529,43619.74634256615,2131.0801563776577,74881385.76442643,68138018.27872546
530,44567.51757037774,3074.907342232224,127455181.48497105,68138018.27872546
531,44635.67606687237,3096.424007846822,130218814.45487289,68138018.27872546
532,43555.10025234495,1988.5363635775932,68469796.19595751,68138018.27872546
533,45606.71249952165,4113.601794608656,185701402.663461,68138018.27872546
534,44454.85893213029,3015.813737428016,125031609.01206744,68138018.27872546
535,45559.049537250954,4004.981817186201,180222603.81124756,68138018.27872546
536,45460.48653290041,3897.7900894133645,174423223.0857689,68138018.27872546
537,43395.521706103755,1988.5363635775932,68218934.40307729,68138018.27872546
538,44613.63890879958,2983.2131882304193,125632570.60141948,68138018.27872546
539,43615.38958925822,2201.7135778352495,78032443.42666921,68138018.27872546
540,43745.767158756804,2088.051256642183,73211310.67556234,68138018.27872546
541,44563.01215614563,2992.141569404126,124790078.79365253,68138018.27872546
542,44547.36425571721,2953.2978030041677,121793046.20698126,68138018.27872546
543,43640.17608839857,2198.2379331858847,77954874.58596048,67956041.81241538
544,43456.386924250604,2158.861006170578,75808412.48542774,67956041.81241538
545,45610.2148578515,4134.370347173195,186550672.3930241,67956041.81241538
546,43271.86306198237,2018.4147030284155,69316129.19417593,67956041.81241538
547,45472.763492199636,4032.443473215707,181335658.48671597,67956041.81241538
548,44666.31329868118,3064.0951153652427,128423760.69990078,67956041.81241538
549,43293.1864712941,1988.5363635775932,68058060.64476916,67956041.81241538
550,43361.93447088038,2055.9955479850423,71098678.27124864,67956041.81241538
551,43507.4026261294,2017.1952682044678,69627858.6726902,67946182.98815165
552,44699.592188412695,3015.2746641777508,125717783.46281095,67946182.98815165
553,43629.47461633862,2031.4799903985866,70131975.39431414,67946182.98815165
554,45804.179571895555,4103.810461668895,185945427.7471993,67946182.98815165
555,43543.52478929304,2032.8794558845298,70077025.00052209,67946182.98815165
556,46944.58155263423,4164.450262857429,202241935.24704617,67946182.98815165
557,43488.14903789299,1988.5363635775932,68091054.19276437,67946182.98815165
558,46690.51107778883,4939.603585223651,250531266.24390784,67946182.98815165
559,43548.45687286897,1988.5363635775932,68113229.62151134,67946182.98815165
560,45711.33821529299,3986.301221691735,179234272.05887976,67946182.98815165
561,45674.854000874315,2980.062385975262,135593136.75170618,67946182.98815165
562,45625.80511763145,4024.7157328125018,182053918.19387785,67946182.98815165
563,43513.38681396707,1988.5363635775932,68058377.27664416,67946182.98815165
564,44628.85006101397,3015.8309718723026,125586198.88592553,67946182.98815165
565,43547.62167270739,2024.4460377589821,69694466.10565111,67946182.98815165
566,43593.066743634976,2104.336080926633,73323386.26860093,67946182.98815165
567,44145.31078547329,2299.0617868639215,82914649.62228814,67946182.98815165
568,43630.21013007215,2022.2956936112375,69747691.74451847,67946182.98815165
569,43573.543153988474,2047.5991710445262,70850502.07143009,67946182.98815165
570,43553.727219929526,2003.4161400952828,68776853.52122125,67946182.98815165
571,43512.66507866986,1988.5363635775932,68057248.42557675,67946182.98815165
572,43761.97088678821,2096.2424549986154,73302560.65326402,67946182.98815165
573,45756.992447758676,3009.327865199214,137234177.2497417,67946182.98815165
574,43678.946539349505,2043.2057764271492,70717366.95915346,67946182.98815165
575,43563.40389161311,2049.7515778499915,70895648.15333134,67946182.98815165
576,44511.166106650504,2980.4547460415424,123317296.54828194,67946182.98815165
577,43433.238176421124,2054.99958649072,70820290.86815496,67814537.8139278
578,43548.22334842496,2143.67938482341,75076311.49466924,67814537.8139278
579,43386.04612065834,2016.0191249058,69154398.37385164,67814537.8139278
580,43677.678266391275,2036.5078979443297,70429612.19972262,67814537.8139278
581,43551.31498352773,2040.0886036983713,70381238.74920213,67814537.8139278
582,44442.71841112862,2989.320781614808,123667833.24518228,67814537.8139278
583,43427.28029216756,2054.837652627425,70808607.54220963,67814537.8139278
584,44585.83631182006,3048.7614671317106,126877059.09633398,67814537.8139278
585,44507.13950380733,2957.0794357792224,122115839.70659074,67814537.8139278
586,43470.64644970689,2061.5874071803864,71246662.71636763,67814537.8139278
587,44593.23159423882,3195.79686498167,133151186.12794533,67814537.8139278
588,43501.52819678302,2120.32605116506,73845530.12008408,67160434.77327697
589,43054.55700728652,2036.5793412378857,69404404.13667783,67160434.77327695
590,45237.59149344364,3983.7694190327065,176659977.88299406,67160434.77327695
591,43242.22903304465,2196.921736003775,76939814.95814486,67160434.77327695
592,44103.8457611439,3099.6918680237477,128676374.34615621,67160434.77327695
593,43016.67198466586,1988.5363635775932,67281476.01184455,67160434.77327695
594,44179.58594963566,3103.888319827985,127898104.83923462,67160434.77327695
595,45197.41986177073,3960.179615491577,176709982.43121797,67160434.77327695
596,44130.80980729594,3064.6452877838688,127555653.27351017,67160434.77327695
597,42968.346346783466,1988.5363635775932,67205890.89342579,67160434.77327695
598,43010.957040584355,2057.038099832119,70264080.34803364,67160434.77327695
599,43003.57685809553,1988.9351346474919,67278176.74124065,67160434.77327695
600,44014.881119545265,2987.262583505033,122469615.06276374,67160434.77327695
601,44014.88111954527,3065.7042124184954,126091064.9026115,67160434.77327695
602,46248.071577770344,5029.810058159021,253555527.39638743,67160434.77327695
603,43082.46039009058,2041.223411788375,69711528.85475564,67160434.77327695
604,44050.20426727274,2987.262583505033,122524863.25856408,67160434.77327695
605,42939.28380050708,2027.6746948301377,68875134.8160505,67160434.77327695
606,43158.291387386176,2022.2956936112375,68992613.80581293,67160434.77327695
607,44035.66128436064,2947.3606844107326,120109958.48262534,67160434.77327695
608,44077.06426416118,3039.7389559133712,125051390.75208423,67160434.77327695
609,43025.86181766164,2052.0453031240286,70059234.48953511,67160434.77327695
610,43353.31841738188,2250.189387200313,79657726.25334868,67160434.77327695
611,44181.63855939931,3031.3643887597764,125148466.00929034,67160434.77327695
612,43072.39430627043,1988.5363635775932,67368630.1284089,67160434.77327695
613,44148.24922395844,3077.7627428563014,126737089.20181914,67160434.77327695
614,44349.97818556454,3019.1973859816985,125321698.24203452,67160434.77327695
615,44233.27277001579,3054.3584566606205,126337230.07433741,67160434.77327695
616,44257.39376440567,3152.166846139501,130486429.29873464,67160434.77327695
617,43107.73513894067,2170.658071733381,75389687.3407163,67160434.77327695
618,45287.59619019054,4035.698504250574,180305102.72597104,67160434.77327695
619,44171.82740780365,2977.3030670106255,121759619.87100157,67160434.77327695
620,44138.631671205745,3034.609583201219,124583242.03178144,67160434.77327695
621,44091.17830693696,3056.0234514039903,125436269.99980588,67160434.77327695
622,44014.88111954527,2972.944171147829,121700784.23154216,67160434.77327695
623,44051.90528608643,2934.808050231256,119703252.21397717,67160434.77327695
624,43134.227895924065,2083.907981832505,71606445.86765432,67160434.77327695
625,43066.256392034076,1993.925684557753,67594876.80639866,67160434.77327695
626,44429.95166547313,2966.7472812518945,122831168.19117472,67160434.77327695
627,43021.18191871679,1998.0749277359723,67705920.92326511,67160434.77327695
628,43092.04274026505,2024.8168652740926,68983384.66412747,67160434.77327695
629,44433.45783082179,3260.9708045069683,133439191.6081136,49807020.765253596
630,44249.519610823496,3050.1925947744867,108175607.94908027,49807020.765253596
631,44316.854883784676,3118.11500595859,110687610.739755,49807020.765253596
632,43264.03207057259,2043.832208583572,54086169.12125554,49807020.765253596
633,44310.0385072823,3289.683735975831,118748185.56033544,49807020.765253596
634,43174.17291049634,2166.0065987319845,59616559.28661023,49807020.765253596
635,42988.70587628304,1988.5363635775932,49864347.43995715,49807020.765253596
636,44185.98827108921,3135.1477130333574,114630401.33713731,49807020.765253596
637,44197.67180297196,3001.735803372412,107635637.89321871,49807020.765253596
638,43051.372616359535,1988.5363635775932,49919914.932826445,49807020.765253596
639,43069.50689575124,1988.5363635775932,49958071.8270057,49807020.765253596
640,44091.53697504165,3060.6500353351644,108822888.13141069,49807020.765253596
641,43099.67661101788,2059.428488711623,53101042.00820654,49807020.765253596
642,43136.407731561325,1986.0103151221574,51662611.32447426,48693691.07924055
643,43214.294174431474,2133.0302916158275,56607412.89257064,48693691.07924055
644,44060.89062566374,2951.178964411383,102945229.34084952,48693691.079240546
645,43087.349949249605,2017.8517463859923,51277512.28487799,48693691.079240546
646,46205.92704027076,3994.709433518999,172720097.34250432,48693691.079240546
647,43096.56886219366,2043.83530826863,52434842.98728715,48693691.079240546
648,43149.90104250436,1978.2434522089188,49616439.85903983,48693691.079240546
649,45490.966959531564,4131.529101892886,168588054.30212837,48693691.079240546
650,44021.7413147709,2964.528147406112,104009411.50247368,48693691.079240546
651,44177.46703283161,2984.445292498241,105761508.11876984,48693691.079240546
652,43997.07724824133,2909.0756782582234,100209378.78898028,48693691.079240546
653,43173.07851030874,2118.297245845487,55821785.6742131,48693691.079240546
654,43210.15079988623,2069.405529305294,56094519.33915144,48693691.079240546
655,45202.925799963516,4070.5404784913235,163809675.42470598,48693691.079240546
656,42988.00812401426,1963.275879023237,48777640.173497714,48693691.079240546
657,43096.16945079705,1964.9533480098676,48956725.205838025,48693691.079240546
658,43030.09122070654,1963.275879023237,48825391.028618075,48693691.079240546
659,42985.68057329046,1980.95763671124,49546464.7721555,48693691.079240546
660,43112.89115991004,2049.0643160411573,54407729.527992785,48693691.079240546
661,44163.4237125045,3019.8444011931915,106437392.66121896,48693691.079240546
662,42923.83266922024,1963.275879023237,50439142.0854183,48693691.079240546
663,43180.16216366922,1975.9946347507055,53165620.53756684,48693691.079240546
664,43260.33394864206,2077.105190647144,54119887.905047,48693691.079240546
665,43111.59709697605,2128.1979058763145,56812315.38549243,48693691.079240546
666,44232.941933564405,3166.6554096919317,113848505.72004393,48693691.079240546
667,43054.62562543453,2010.2626186840648,51627933.28821762,48693691.079240546
668,43080.40259454268,2068.697673226977,55316171.04961149,48693691.079240546
669,43049.504973151124,2024.8647349456055,52233937.30607934,48693691.079240546
670,44169.334319302645,2967.3830460981376,103570211.61306086,48693691.079240546
671,42966.524505155794,1963.275879023237,48736475.35226231,48693691.079240546
672,42969.418735490086,1963.275879023237,48756547.163050205,48671158.50170589
673,44070.836558310446,3007.674987475856,106420699.68636465,48671158.50170589
674,45334.02248439697,4245.92138516533,171984777.72299165,48671158.50170589
675,44134.8800960153,3039.411385619589,107275291.73850396,48671158.50170589
676,43266.93350489465,2055.3096097721614,53169045.70715092,48671158.50170589
677,42940.69462434292,2008.4567058333716,50661948.33423035,48671158.50170589
678,44249.19727483221,3162.5759281470464,114521594.14413956,48671158.50170589
679,42970.26243375564,1963.275879023237,48757504.49073781,48671158.50170589
680,43198.15790199234,2059.2197190448196,53237623.241815165,48671158.50170589
681,43196.22596289677,2026.082084690046,53563038.57721188,48671158.50170589
682,45183.98302840932,3983.9904054704703,158983658.45126733,48671158.50170589
683,44078.91685266085,3000.0916835935814,105488971.55363235,48671158.50170589
684,47299.82722110897,5073.754017347264,232612021.73905796,48671158.50170589
685,44137.89246592908,2960.1416068722615,103831227.80658703,48671158.50170589
686,45133.55691306697,3055.934616139127,120255189.40695651,48671158.50170589
687,43159.98432334183,2085.4654553130054,56046623.89374199,48671158.50170589
688,43014.73624727068,1980.95763671124,51032318.649770044,48671158.50170589
689,43232.47421646624,2099.8262565689315,55061794.466820225,48671158.50170589
690,42988.50208757214,1963.275879023237,48761495.84900385,48608437.07343506
691,43090.0426322588,1999.429935405685,50957958.036493875,48608437.07343506
692,42988.09667019479,1970.8906684907074,48948261.765943065,48608437.07343506
693,44100.249683266076,2977.4748330240063,105381299.80799934,48608437.07343506
694,43112.43301166537,1978.934967515193,49438598.84187259,48608437.07343506
695,43425.75867284977,2105.187933258875,57164184.11766161,48608437.07343506
696,44103.776882215265,2930.0914794865703,100771478.42079654,44823182.16535791
697,43306.87508854487,2089.386290932285,55221479.2894611,44823182.1653579
698,45200.42782206087,3950.177145119588,153878830.30254227,44823182.1653579
699,44163.54933596273,2998.134135683988,102414239.40534961,44823182.1653579
700,43202.369452624036,1981.3336228656808,45839579.5597916,44823182.1653579
701,46189.03730466003,4012.04386334753,169696184.9163433,44823182.1653579
702,43038.73778146497,1963.275879023237,44878060.15969977,44823182.1653579
703,44465.82251446795,3074.4818115264457,105562764.51221195,44823182.1653579
704,44140.11197339415,3095.3077816150203,106601138.21805595,44823182.165357895
705,44521.38807874767,3167.7332296178147,112781002.02210769,44823182.165357895
706,45265.457584293814,3943.0932123832304,153119119.6855181,40430371.80884598
707,43348.41197550016,1989.082623890678,42639520.641594626,40430371.80884598
708,43100.56305232865,1963.275879023237,40439737.926334105,40430371.80884598
709,43211.94883472337,2052.5233642658727,48561201.837057054,40430371.80884598
710,44418.92665111759,3089.569262886175,103085751.05886169,40430371.80884598
711,44386.101897044515,3024.2489988774923,101885996.6397609,40430371.80884598
712,43170.25628483035,1963.275879023237,41974636.28098608,40430371.80884598
713,43323.84558644522,2101.9611059576528,46749577.01860355,40430371.80884598
714,43293.94874037771,1986.9677505397362,44686052.611793414,40430371.80884598
715,43291.52880731582,2089.971084879733,47846960.25911893,40430371.80884598
716,43204.925014834866,1971.7571166981004,40904419.051782206,40430371.80884598
717,44261.72006743673,2952.0250466900634,94741495.28711195,40430371.808845975
718,43173.646239157126,1993.1339602177788,44083946.51137445,40430371.808845975
719,44454.95419998195,3081.6711622568096,101131887.83762124,40430371.808845975
720,43442.69172933325,2042.0728094975632,44307785.97029471,40430371.808845975
721,44341.18251205474,3080.260070796527,104486268.3892481,40430371.808845975
722,44325.36194919701,2987.395026613366,97200974.58656278,40278861.82215661
723,44300.20042029953,3078.0136060217515,105047192.73034567,40278861.82215661
724,44131.11185081723,3040.5087819305927,100949271.49755251,40278861.82215661
725,42947.67760624663,1963.275879023237,42593904.49013795,40278861.82215661
726,44377.398157385236,3036.575524896846,100902636.10772276,40278861.82215661
727,45242.467084998454,4006.066631437433,159647843.65077117,40278861.82215661
728,43224.5097488408,2124.716993009484,55617837.59332035,40278861.82215661
729,43040.63858912604,1963.275879023237,42534205.54792338,40278861.82215661
730,43058.96464619403,1980.95763671124,41172439.8465335,40278861.82215661
731,43064.20033646281,2027.1712134647992,43186004.712176904,40278861.82215661
732,45132.70332830118,3957.6372327868366,149426925.2651334,40278861.82215661
733,43247.712402074285,2130.748624908846,49550770.60149978,40278861.82215661
734,43197.37352428216,2028.5069242119348,43446188.25508913,40278861.82215661
735,44231.14549711427,3020.3652341663155,98912755.20256749,40278861.82215661
736,44089.20701428128,3041.395577294667,103331947.23969261,40278861.82215661
737,44146.29355580869,2979.488535537507,99639642.93664828,40278861.82215661
738,44139.62947443592,2953.4981185339357,95633075.23799236,40278861.82215661
739,46423.853196528056,5086.051173013135,214496982.8209974,40278861.82215661
740,43236.82658990506,2178.622942768344,50033020.658523284,40278861.82215661
741,43120.50454463399,2020.6591808234102,44525490.8319271,40278861.82215661
742,43023.01289286217,1995.9458389586775,43347222.47259851,40278861.82215661
743,43087.16527217522,1963.275879023237,40427167.26182696,40278861.82215661
744,47786.923905802585,6172.342404432925,270650657.0791645,40278861.82215661
745,46430.08345811579,5069.600413669782,211534760.43636364,40278861.82215661
746,42947.0622298324,1963.275879023237,40295713.519374765,40278861.82215661
747,44455.3881386217,3189.607308668546,107188487.78287797,40278861.82215661
748,44161.968404128005,3014.253792285791,97309157.15918109,40278861.82215661
749,43130.05163113437,2045.6346143871372,45405719.55677865,40278861.82215661
750,45279.21643303467,4058.5674303447277,155406694.27380162,40278861.82215661
751,43074.25386869286,2027.6782462306269,43221265.37033766,40278861.82215661
752,44258.89689911658,3106.33234787397,106454868.71306106,40278861.82215661
753,43008.205606214484,2030.5140905595665,48867208.94014318,40278861.82215661
754,43190.88152688803,2139.4571299182667,51073785.09449228,40278861.82215661
755,45141.90602116582,4056.8814146046907,153893727.80259067,40278861.82215661
756,44012.090827908665,2958.3672410431177,99521339.63470764,40278861.82215661
757,44277.10534620072,2992.6825666211153,96380992.43378325,40278861.82215661
758,42958.16428289756,1963.275879023237,40306130.184137456,40278861.82215661
759,44079.224851939885,3039.3256931942524,101516854.97894111,40278861.82215661
760,43052.11196753039,2060.153355397435,46168133.133918434,40278861.82215661
761,42978.081732537874,1963.275879023237,40324818.024540775,40278861.82215661
762,45212.20659587766,4049.558087476089,156335913.92180538,40278861.82215661
763,43268.83027183106,2085.2466355326587,49087312.49727364,40278861.82215661
764,45080.296374697544,3991.17828519054,152279775.622613,40278861.82215661
765,43032.54918068486,1976.6677369455272,42426108.620129384,40278861.82215661
766,45252.051657829885,3934.820543133648,148689935.43456754,40278861.82215661
767,43410.45570902602,2199.6334777426346,54804070.79734443,40278861.82215661
768,44141.65793454803,3105.3188288137394,103796102.01659513,40278861.82215661
769,43997.79285466821,2988.4778710233113,97891124.83812325,40278861.82215661
770,43117.23916078925,2003.8293388130496,42235599.48723763,40278861.82215661
771,43016.75785962195,2008.249846171632,44969768.44527982,40278861.82215661
772,44111.810573818555,2995.7814736688683,96463056.52250357,40278861.82215661
773,44122.57842721187,3075.012951506275,102473322.41275612,40278861.82215661
774,45232.21100859803,3969.2781431291587,150533659.74931517,40278861.82215661
775,43012.650121282764,1987.21615341019,43701237.679365836,40278861.82215661
776,44127.14386589238,2948.6605075904263,94267456.73097794,40278861.82215661
777,45188.050496639844,3968.289582825838,153444468.64807743,40278861.82215661
778,43025.67695149207,2009.8312715470734,44987230.87448911,40278861.82215661
779,43225.65799821455,2040.390769976296,43948286.8862263,40278861.82215661
780,43093.93229849176,2018.4889756894543,42871682.92559003,40278861.82215661
781,44192.04865396083,3103.643784507431,101349212.94379123,40278861.82215661
782,42929.10173662117,1963.275879023237,40278861.82215661,40278861.82215661
783,42996.58715434272,2063.194883066262,49586422.70688203,40278861.82215661
784,43123.633107159614,2077.012230905857,47933722.178145155,40278861.82215661
785,43238.032027386835,2016.8595463850968,42969370.20328842,40278861.82215661
786,43074.72026382851,2036.119949965912,48008162.318151735,40278861.82215661
787,43166.9892463166,2068.895760707433,47755276.97903417,40278861.82215661
788,43978.93656811457,2976.656297387147,95406216.49666099,40278861.82215661
789,45238.12153787383,3963.8915607054464,150426812.84072298,40278861.82215661
790,44048.83611915052,2981.1937674578344,96209300.45652105,40278861.82215661
791,44288.99462267575,3031.7668391740735,101044078.84733148,40278861.82215661
792,43051.238550587106,1974.6369124017583,43462394.19558458,40278861.82215661
793,44114.9535922029,2957.8629978505896,96481703.70680778,40278861.82215661
794,43095.046122044776,2030.3245115941886,45651335.07636289,40278861.82215661
795,44132.87166632952,3113.282812641548,104218032.76612018,40278861.82215661
796,43273.034362147664,2069.648199235384,46140809.52594878,40278861.82215661
797,44198.06311623191,2980.1956489212694,95866733.66172504,40278861.82215661
798,43136.13150177039,1983.633591193641,43890532.595776685,40278861.82215661
799,42929.10173662117,1963.275879023237,40278861.82215661,40278861.82215661
800,44266.18525714937,3087.218680186358,107754334.29397765,40278861.82215661
801,45210.14215964822,4000.4883345027556,151211022.6331961,40278861.82215661
802,44008.71800429969,2967.6699326613407,96676798.48415783,40278861.82215661
803,43137.652177602686,1989.2819706952564,43749200.96545318,40278861.82215661
804,43084.54518763239,1964.120724808865,40461501.93091776,40278861.82215661
805,43128.92831346519,2103.127278399127,46582440.74618043,40278861.82215661
806,43084.111387184064,2019.7656211415328,44442981.13477436,40278861.82215661
807,43285.56019753205,2061.4546554228796,47289708.939130485,40278861.82215661
808,43172.799967948165,2009.8312715470734,45299443.80679703,40278861.82215661
809,45126.061818474765,4010.099690411777,151973122.60777932,40278861.82215661
810,43023.01289286216,1995.9458389586775,41800148.11823124,40278861.82215661
811,43159.626611425556,2172.275857614345,54441744.69616697,40278861.82215661
812,43067.453731796435,2051.4516621819307,45800155.55685627,40278861.82215661
813,43144.06050083788,2052.2012806599423,46828844.51491415,40278861.82215661
814,43030.388853274766,2058.659363200249,44565234.42789338,40278861.82215661
815,43251.487708163,2064.851109496977,45038151.05812136,40278861.82215661
816,44191.438929726486,2939.783894701857,98373318.84110227,40278861.82215661
817,43164.152303261755,2025.921162438667,44690220.41876156,40278861.82215661
818,42970.922067582535,1963.275879023237,40318100.36347258,40278861.82215661
819,42950.048277164475,2017.1705168846954,45090869.54651728,40278861.82215661
820,44105.208252536344,3015.079650509645,100716311.10197043,40278861.82215661
821,43079.74367752047,2004.1497935639768,44856693.91855172,37631969.88941289
822,42924.442931887505,1904.2395542573588,37740389.27669448,37631969.88941289
823,42878.82609362099,1904.2395542573588,37751817.167221844,37631969.88941289
824,42846.983964960134,1961.718449075072,42736903.59791566,37631969.88941289
825,42905.45295962057,1906.9853038437366,37841536.01995437,37631969.88941289
826,42877.39624296277,1904.2395542573588,40659134.55286368,37631969.88941289
827,43170.64467558589,2062.6035281746003,44883852.2470107,37631969.88941289
828,43994.570016885125,2837.886198340505,88297464.90441985,37631969.88941288
829,42906.2906738705,2026.5384713465824,44521307.496796235,37631969.88941288
830,43057.57441434004,2013.2959447273515,44960688.982259326,37631969.88941288
831,44073.13213198528,2926.595549863322,92951978.9825246,37631969.88941288
832,43045.55118091132,1919.5676100421065,38514765.77513382,37631969.88941288
833,45401.004547965524,4061.5755429878604,158604619.79129753,37631969.88941288
834,44072.95385515395,2980.776753463736,96829714.1679002,37631969.88941288
835,44421.88820891993,3020.776525821052,100561058.64756458,37631969.88941288
836,43214.098850166345,2089.973178930788,46186796.31803555,37631969.88941288
837,42873.094027080646,1920.2240722311603,39241454.153551415,37631969.88941288
838,42972.90520564663,1998.3960169945653,41920499.43107374,37631969.88941288
839,42958.750537247186,1990.5396471270592,43688866.481690146,37631969.88941288
840,42916.90233155439,1946.7342600938737,41160411.536450386,34681497.409901105
841,44983.269915965866,3863.4350729709063,146367007.3045957,34681497.409901105
842,44005.69464162844,2889.211060773064,91283426.89061081,34681497.409901105
843,44058.77889081645,2935.448764001888,94396668.57331197,34681497.409901105
844,44085.031352285296,3005.339475158621,96795994.19830057,34681497.409901105
845,43053.05581253764,1992.282749207449,41721618.98094251,34681497.409901105
846,43880.23235176128,2856.000306373899,90257131.95195684,34681497.409901105
847,42932.36943532925,1890.671828521691,38685793.35311614,34681497.409901105
848,44117.20032655755,2890.476922372095,91851230.96377316,34681497.409901105
849,43093.03873766865,1911.1525706738491,40993036.72742744,34681497.409901105
850,43027.67308968732,1984.3969639432562,41449068.94527586,34681497.409901105
851,43135.38253064461,2062.3040973934526,47042285.41371767,34681497.409901105
852,42908.338316506444,1849.5380113231836,38344747.070601285,34681497.409901105
853,44145.29419621812,2962.044192606529,96223780.91425839,34681497.409901105
854,42888.32487794331,1865.7839382155885,38457803.98743781,34681497.409901105
855,42915.30013323677,1936.3550107882043,39214426.18387063,34681497.409901105
856,42801.130960514885,1916.2240256089044,40715357.23162963,34681497.409901105
857,44030.90345217416,3004.3460212334926,99494968.22084062,34681497.409901105
858,44023.32614710979,2929.89347317735,101073985.33943102,34681497.409901105
859,43971.08970230915,2894.8689010856256,92320411.96244399,34681497.409901105
860,42873.31646578529,1894.993851085423,38841953.05246327,34681497.409901105
861,43002.12330397169,1876.5120849897426,38922851.77946144,34681497.409901105
862,42962.23881399092,1894.9713212899576,37461950.7188148,34681497.409901105
863,45192.16927068892,4071.094950514512,160812552.81889954,34681497.409901105
864,42854.04399723924,1843.7893619277147,35140143.573033854,34681497.409901105
865,43068.656850274725,2062.175502028904,44932528.41205467,34681497.409901105
866,44958.117608977875,3920.0451755826534,147875902.52462584,34681497.409901105
867,43252.20600768928,1998.52051091205,43102591.228131786,34681497.409901105
868,43158.12934088062,2127.9557077873783,53010235.64124946,34681497.409901105
869,42957.96228645161,1918.482428183551,40857701.920047514,34681497.409901105
870,44053.459004492164,2959.3103011956323,95036271.37973766,34681497.409901105
871,42895.96788026618,1878.1109903112279,39640999.641859844,34681497.409901105
872,44014.09284370441,2842.6120012079723,90443679.38278405,34681497.409901105
873,43903.38899332797,2855.216914505567,90964816.78555939,34681497.409901105
874,43000.975342905156,1881.1038009698161,39412895.01058906,34681497.409901105
875,42901.99478166175,1910.0403294682378,38033808.6745054,34681497.409901105
876,42872.68439508608,1878.4161465714471,36615525.582649164,34681497.409901105
877,44156.02942538971,2956.533383993218,94795121.17404386,34681497.409901105
878,44029.81710721339,2974.807252797591,103665856.58620945,34681497.409901105
879,44108.33093388074,2956.671742447338,98058453.84780079,34681497.409901105
880,43954.267286007314,2871.6681728518042,92208734.16952261,34681497.409901105
881,44983.06364745051,3942.482958719306,149762832.9294383,34681497.409901105
882,45600.651337958305,4040.5660503651,156771621.59499815,34681497.409901105
883,45060.17317947082,3830.7817851934697,143174459.48485243,34681497.409901105
884,44057.60951580513,2988.5528921539085,98599633.20309483,34681497.409901105
885,45173.929667293414,3911.048665617255,147356956.7726626,34681497.409901105
886,42801.130960514885,1922.9522984899988,41871603.348638915,34681497.409901105
887,42970.83605064302,1985.032241288165,42897097.9321467,34681497.409901105
888,43030.25806641033,1950.334127961793,40683597.650392205,34681497.409901105
889,43030.19082417405,1912.6979195468175,39793975.15858141,34681497.409901105
890,42801.130960514885,1890.2469550568464,39673843.439037636,34681497.409901105
891,42934.52732288987,1874.9957664478425,39058831.37719868,34681497.409901105
892,43020.053612614254,1940.5828395012654,41758779.47148355,34681497.409901105
893,43921.64853198665,2906.921170808405,95449367.29698405,34681497.409901105
894,43316.054542898004,1975.2995478931261,41311204.68833849,34681497.409901105
895,44017.59525844442,2920.377552538431,93132933.6476011,34681497.409901105
896,44341.524264701366,3099.1233928563574,103572297.50848582,34681497.409901105
897,42864.063296884335,1896.1465563250301,37374863.06448939,34681497.409901105
898,45292.9103330976,4026.5676743383265,155734252.6687501,34681497.409901105
899,44223.50169336092,3022.0054854294744,98169988.7508687,34681497.409901105
900,42863.17498101436,1865.3919105472626,38313392.05513096,34681497.409901105
901,43937.750352126066,2830.995985533368,87925248.8197128,34681497.409901105
902,42902.543194403035,1931.931039145251,43852944.79152243,34681497.409901105
903,43207.10139939973,2066.7291130412027,46751390.75216468,34681497.409901105
904,44320.435308444554,2990.7539202240005,96607771.1902272,34681497.409901105
905,42801.130960514885,1869.750166427024,38796557.70462262,34681497.409901105
906,45037.34135791085,3932.3138289248213,152424425.78878948,34681497.409901105
907,44113.284082647544,2881.8690094194653,93416881.18203223,34681497.409901105
908,42815.086345293385,1842.780651872869,35013810.5652221,34681497.409901105
909,43007.8464869469,2023.213376745241,45497633.48581661,34681497.409901105
910,45078.44496768942,4093.3806029556886,159295737.47154644,34681497.409901105
911,42892.723257256264,1835.3051029169576,34755714.093687646,34681497.409901105
912,43041.11465880405,2035.4236901194708,46084647.51568486,34681497.409901105
913,45125.110257743756,2946.0541193700424,106181521.45540743,34681497.409901105
914,42980.58198977281,1933.376414343807,39111064.73313533,34681497.409901105
915,42883.3913806058,1856.017549963181,35651706.834998295,34681497.409901105
916,44088.37252130934,2983.630474371741,97539171.77077119,34681497.409901105
917,45003.064304801075,3917.2448307019367,150851180.54570585,34681497.409901105
918,42929.018526357744,1975.202456147244,43109735.08311065,34681497.409901105
919,45080.14370683091,4049.407012118326,156002594.2499836,34681497.409901105
920,44055.59749669789,2970.72352884058,99639549.66907348,34681497.409901105
921,44957.7332390719,2961.186401162162,109456489.4404351,34681497.409901105
922,44089.13653482495,2981.567502482195,97266606.1832285,34681497.409901105
923,42928.100808218995,1857.7627497549493,36933616.35742789,34681497.409901105
924,42929.08931783672,1891.5302175018146,37230668.741922066,34681497.409901105
925,44232.49269129934,2957.0384329547583,94959137.35812487,34681497.409901105
926,44024.148943292705,2940.40022378357,93916707.6340514,34681497.409901105
927,43925.687163775416,2848.7454435609984,89822490.0052377,34681497.409901105
928,44262.55703552313,3023.448604384169,98208387.94158807,34681497.409901105
929,43997.62419889489,2929.076470050514,99082125.9746634,34681497.409901105
930,47234.458546322705,4909.4467606957205,214042102.7887907,34681497.409901105
931,45045.0023455645,3962.887575409698,154847834.30428725,34681497.409901105
932,42801.130960514885,1835.3051029169576,34681497.409901105,34681497.409901105
933,42977.4405753452,1956.3816702350457,42704967.59141291,34681497.409901105
934,44304.440715650075,3039.077182925989,103019404.39082333,34681497.409901105
935,43989.619235804,2927.4045271170667,93548271.13266775,34681497.409901105
936,44978.44449110795,3912.835783926118,147227773.99810687,34681497.409901105
937,42958.18275430289,1900.9092672778147,38538652.14917217,34681497.409901105
938,43059.05771928868,1949.4340577591272,39870295.66697685,34681497.409901105
939,43942.8803114893,2901.7603386302444,92188528.85190342,34681497.409901105
940,43047.164823892075,2081.448967454595,49570358.54932242,34681497.409901105
941,42879.5978711901,1835.3051029169576,34738864.90435638,34681497.409901105
942,45197.067345737494,3916.2093476281866,149277629.53346953,34681497.409901105
943,42875.6606227825,1993.67377370961,46761985.57405265,34681497.409901105
944,43048.24625196601,1960.2486919864805,42653971.29187783,34681497.409901105
945,43274.4149119495,2114.416369495874,50002566.45082004,34681497.409901105
946,45200.05145586142,4097.652484151962,162518109.5989223,34681497.409901105
947,43080.49106961578,2006.0244743793196,43922870.36853606,34681497.409901105
948,44258.655813842066,3060.5782471219945,100074837.60829572,34681497.409901105
949,42937.54008763248,1962.5427883311509,42772749.11156246,34681497.409901105
950,44212.69021566336,2897.963271711759,93338370.72184399,34681497.409901105
951,42947.01460346101,1874.950143780256,36521469.07508887,34681497.409901105
952,43025.38393130277,2005.4923130857537,42301807.49575381,34681497.409901105
953,45051.3615820805,3862.8330508172703,148068252.51649085,34681497.409901105
954,45281.349299375564,3997.5000484155594,154553546.7837683,34681497.409901105
955,43957.54537820326,2797.841195752336,87395996.42963588,34681497.409901105
956,43002.12292987444,1893.84939675785,39949889.43563141,34681497.409901105
957,44147.09498131917,2966.715987265223,98348978.00099239,34681497.409901105
958,43074.31352606685,2026.297745630562,48486504.70237649,34681497.409901105
959,42959.28015773865,1865.1017913393353,36955363.75049551,34681497.409901105
960,45312.70767475829,4145.276566530501,162645082.31858185,34681497.409901105
961,42886.012394205376,1888.325707548871,37042123.1451565,34681497.409901105
962,42871.10439772772,1843.1066767945613,36531749.267473884,34681497.409901105
963,42918.8248865696,1921.835932730855,38488636.88824822,34681497.409901105
964,44965.5319949118,4008.1277315515254,156829191.191136,34681497.409901105
965,44998.003630063045,2850.8299416889995,104174805.57096732,34681497.409901105
966,43103.96168787521,2003.0292410426077,42341037.84343141,34681497.409901105
967,42878.69762020323,1835.3051029169576,34744349.20485852,34681497.409901105
968,45034.6840147954,3922.1982467736975,147369678.9602396,34681497.409901105
969,43240.4408574695,2049.3195642029727,44581345.244084045,34681497.409901105
970,43066.42675806092,1925.8151961425688,40968908.276706,34681497.409901105
971,43020.2927778434,1977.0668618540294,43641197.36606128,34681497.409901105
972,42899.7024908655,1843.3746808605258,35112424.81570277,34681497.409901105
973,43046.907542516274,1996.5668196868396,47128888.08525658,34681497.409901105
974,42887.7470106033,1835.3051029169576,34751681.87113808,34681497.409901105
975,43873.08174498292,2809.1526597522707,87497069.00422588,34681497.409901105
976,43911.90648372656,2852.4962341656897,91876829.64484212,34681497.409901105
977,43087.115374455265,1936.8078665426121,39313502.64776234,34619771.59050493
978,42996.378543960804,1964.2469032162583,43066391.56809348,34619771.59050493
979,42951.5766361556,2002.3136668624563,45910739.10858506,34619771.59050493
980,42923.61393014953,1921.767916546913,38521624.020986915,34619771.59050493
981,42899.15021199094,1915.7515708073188,38184500.62220843,34619771.59050493
982,43941.04726732067,2868.6988126007095,90887369.479431,34619771.59050493
983,44003.92700743234,2846.941537071095,90583783.46022977,34619771.59050493
984,42876.47594054791,1916.2283133676951,38183263.48650867,34619771.59050493
985,42917.15280390846,1835.3051029169576,34542319.4076332,33532135.147988047
986,45756.181442017165,3949.0657350272027,152104312.70307618,33532135.147988047
987,43686.04653917091,1866.94742874404,34960477.95105626,33532135.147988047
988,43628.149183216214,1960.0240775447771,41727261.35090154,33532135.147988047
989,44882.135441253966,3019.390017588111,98065894.1624077,33532135.147988047
990,43706.83169516667,1982.0996734947244,46367226.32426158,33532135.147988047
991,43717.93523329387,1861.7247121140306,35037206.51929416,33532135.147988047
992,44988.904395415695,2975.0247852126313,98618636.35515833,33156663.33612621
993,44862.38100885579,2860.000895325212,89312102.80587797,33156663.33612621
994,45056.20275717962,2970.175316086201,97637932.42383273,33156663.33612621
995,43800.56663664462,1953.2141555701642,38556701.21456537,33156663.33612621
996,43937.14542286437,2006.8773476687784,41118685.281304754,33156663.33612621
997,45783.90435586737,3897.4162669017287,149103164.80474067,33156663.33612621
998,43881.89091899711,1971.9853657252825,42324509.52349319,33156663.33612621
999,44814.26467915658,3043.352170301381,98946543.34525536,33156663.33612621
1000,43902.22909805407,1941.3872214930257,38143474.949595004,33156663.33612621
1001,43755.548402253335,1881.5302130760115,35905715.39605329,33156663.33612621
1002,43895.47422512564,1943.5024986399621,39198393.937536426,33156663.3361262
1003,45017.59948071338,3007.3617858687876,98085565.15365142,33156663.3361262
1004,44025.53382930609,2136.9158572582955,49581059.72788205,33156663.3361262
1005,43813.66716446814,1911.2336269985433,41899999.856682114,33156663.3361262
1006,43763.71943540317,1914.6772064470701,39425755.55194144,33156663.3361262
1007,44640.35299700165,2819.1713011846505,87178569.82476592,33156663.3361262
1008,43687.42768611169,1914.718630944129,36760247.33680493,33156663.3361262
1009,43658.118013533574,1841.3693720148663,33482657.67550232,33156663.3361262
1010,44669.5663159869,2879.4689617319536,92289258.35165666,33156663.3361262
1011,44873.80351835168,2879.6382364032943,92401865.13229589,33156663.3361262
1012,44881.73342253182,2925.34046757496,93103437.78395651,33156663.3361262
1013,44706.670587131106,2865.6361253771083,90325214.36083068,32923293.105790872
1014,45492.13743630088,2874.9812178851303,103380783.45604494,32923293.105790872
1015,44521.07587792261,2907.65805962736,92950202.07033709,32923293.105790872
1016,43807.03352325641,2054.5287586133572,44186780.63668566,32923293.105790872
1017,43326.492813400575,1902.207956135011,38726489.28990756,32923293.105790872
1018,43444.47114781026,1965.620119688653,43371450.704235055,32923293.105790872
1019,44851.57131555363,3212.7346255412513,108293408.28661695,32923293.10579087
1020,45718.07333306144,4055.2087118238583,162811308.2019511,32923293.10579087
1021,43366.2507815383,1869.6323556337004,34494250.645962074,32923293.10579087
1022,44635.52489029125,2984.1840908286895,100599037.74750993,32923293.10579087
1023,43405.56620973834,1906.9278793863439,40256316.767561726,32923293.10579087
1024,44819.91335602616,2876.872456622324,90645952.58886237,32923293.10579087
1025,43473.59078403392,1874.6067847388101,36583415.34369206,32923293.10579087
1026,43437.16434775918,1909.2469185475697,38089721.20093445,32923293.10579087
1027,43349.18212737764,2074.591254641697,51646075.308327176,32923293.10579087
1028,43764.12076053656,2012.6216269453503,41548487.095799744,32923293.10579087
1029,43434.96418684647,1884.5899373060688,35246703.12453593,32923293.10579087
1030,43587.22059585988,1982.6320235700532,39726737.86018499,32923293.10579087
1031,43329.79079843083,1888.8416961971684,37812873.077844,32923293.10579087
1032,44431.6221877203,2968.5608070697745,99198105.1499097,32923293.10579087
1033,43531.625328729904,1910.55798219683,36442529.21266876,32923293.10579087
1034,44296.6496417315,2918.66701235341,95643258.3692566,32923293.10579087
1035,43351.63428139016,1915.3025415333154,39882341.79556177,32923293.10579087
1036,44436.32582567414,2962.7532830133227,94107754.73424108,32923293.10579087
1037,43691.582989811795,2070.021886901196,44614244.34846068,32923293.10579087
1038,43328.417162325655,1835.3051029169576,32962977.139445834,32923293.10579087
1039,44309.878709033794,2870.971521841124,91388457.5014328,32923293.10579087
1040,44348.78674312871,2831.97125549315,87560790.66878827,32923293.10579087
1041,43370.84927413824,2021.56824829326,45658031.49315313,32923293.10579087
1042,43445.54900015031,1984.4143550442368,42695265.51651504,32923293.10579087
1043,44632.73747249174,3053.822517071704,98855501.49928384,32923293.10579087
1044,44446.778146878234,2851.332644176059,89676504.84994845,32923293.10579087
1045,43497.87108190004,1916.1850788958207,36655280.957926646,32923293.10579087
1046,44351.85152418881,2844.050438922014,88246333.08475044,32923293.10579087
1047,43460.421811945016,1867.6977821868713,35231080.842621624,32923293.10579087
1048,43648.77401384356,2032.6246757867855,41957408.08718358,32923293.10579087
1049,43705.3833077705,1927.9014546210663,37367686.30792723,32923293.10579087
1050,44431.229321185245,2897.5242601951163,95084172.36297283,32923293.10579087
1051,43430.3714747585,1972.1864656658777,39321478.96208405,32923293.10579087
1052,43363.76071750843,1952.39274305896,40431314.85979188,32923293.10579087
1053,44538.19527972325,2967.674376713793,95067572.8961374,32923293.10579087
1054,44611.04658907723,2925.6601040774526,91590035.5524125,32923293.10579087
1055,43418.53134372716,1912.538074291541,40680965.72693882,32923293.10579087
1056,45447.349592092854,3784.873319086433,140108958.91333705,32923293.10579087
1057,45412.35403814607,3947.1557752687177,150284070.48552173,32923293.10579087
1058,44489.91528355509,2979.170443618385,95264673.26470698,32923293.10579087
1059,44673.37353560233,2949.1994600097096,96518330.34204534,32923293.10579087
1060,44526.470659663886,2895.195765282532,90649181.90014969,32923293.10579087
1061,44342.25009336443,2952.6987197727735,95389869.073182,32923293.10579087
1062,44404.01281289386,2829.9502429438153,87442204.06635085,32923293.10579087
1063,43364.828248932004,1835.3051029169576,32990677.61626988,32923293.10579087
1064,43534.29275923675,1944.8916325144414,40824915.82911092,32923293.10579087
1065,43426.99884790396,1936.1222891274451,40145216.99791874,32923293.10579087
1066,45504.34480225838,3911.4894364543698,149923568.6352312,32923293.10579087
1067,43315.43386219851,1905.9986269353983,38525526.49934266,32923293.10579087
1068,44590.659461753516,3012.2638757729064,98808399.57551815,32923293.10579087
1069,43389.896133231916,1918.5290460403296,38722702.7493613,32923293.10579087
1070,44418.57605619503,2991.1436475779747,97539011.93405442,32923293.10579087
1071,45543.08303994735,3906.6580420014493,145370632.24198875,32923293.10579087
1072,43388.822353424795,1865.7839382155885,34556462.651928544,32923293.10579087
1073,43371.54909938446,2003.3497714986188,46645489.55772729,32923293.10579087
1074,43780.44438505707,2047.9608948170292,42791440.69134928,32923293.10579087
1075,45586.76142354149,3923.1399238186277,149631299.4092247,32923293.10579087
1076,45609.930194162975,3979.6150144306725,155132987.16223583,32923293.10579087
1077,43539.72727423658,1979.7439561527433,42037369.4974125,32923293.10579087
1078,43420.923572208754,1954.7336783750538,43587443.590410754,32923293.10579087
1079,44559.050186260836,3045.5958050412783,100862366.6682624,32923293.10579087
1080,44504.0798508687,2946.412427482057,93113250.94960552,32923293.10579087
1081,43371.70023003401,1937.4085330026214,41919378.456931904,32923293.10579087
1082,45482.61503744421,3916.149394938852,150369228.62510797,32923293.10579087
1083,43452.195122402,1888.2489962724408,35377231.561258905,32923293.10579087
1084,44355.355596397014,2856.000306373899,89988272.98785011,32923293.10579087
1085,44441.997598357804,2945.512569791337,98290697.75594798,32923293.10579087
1086,43458.38166650656,1880.772140463026,35089101.56441448,32923293.10579087
1087,44484.464835716666,2947.8771547166425,98832303.20366117,32923293.10579087
1088,43374.65607820806,1897.2073372537827,38573052.209569775,32923293.10579087
1089,44421.82496140165,2851.332644176059,88693040.57460758,32923293.10579087
1090,44461.532151466374,2966.614855635721,94414067.5973108,32923293.10579087
1091,43276.254205150624,1869.8707898753498,37232458.06474988,32923293.10579087
1092,43420.52003444773,1894.12941195335,37966448.0915943,32923293.10579087
1093,43484.454695041066,1912.2394053336466,36452918.96645864,32923293.10579087
1094,44415.79906481586,2856.8942107869084,93395024.08815494,32923293.10579087
1095,43385.79253415284,1874.9602597927012,35008984.57878754,32923293.10579087
1096,43500.30780263025,1979.4219902534926,39471725.105989315,32923293.10579087
1097,44630.7292310442,3021.836792889001,96856242.85145192,32923293.10579087
1098,43276.254205150624,1835.3051029169576,32923293.105790865,32923293.10579087
1099,44427.73048239118,2923.3160134068453,91631319.18087292,32923293.10579087
1100,43452.07504508925,1891.7078153221676,35753416.94895183,32923293.10579087
1101,43366.317101030974,1865.366399958035,36848944.941569805,32923293.10579087
1102,43338.340247241795,1848.9470263132134,35259526.41588105,32923293.10579087
1103,43467.54368565831,1930.4186691266245,37278835.63953997,32923293.10579087
1104,43326.56534081858,1835.3051029169576,32952378.65665543,32923293.10579087
1105,43401.98062780294,1952.9136521906025,41012912.5797013,32923293.10579087
1106,43574.30836403613,1944.2984738593193,37996211.681891456,32923293.10579087
1107,44586.25262006279,2905.94724778111,91754015.38885103,32923293.10579087
1108,43352.97790134748,1902.366165425105,38724183.16552889,32923293.10579087
1109,44418.31474710193,2851.332644176059,88690370.10748014,32923293.10579087
1110,44493.872916418535,2949.6793839415227,94890427.47679615,32923293.10579087
1111,43604.402495324124,1967.5202724060043,42138827.3882117,32923293.10579087
1112,44550.37880223326,2955.6384103456876,95623119.95596418,32923293.10579087
1113,43425.07973927162,1902.3004708280448,36233397.75926205,32923293.10579087
1114,43476.73844445815,1911.0782446751705,36428519.716526054,32923293.10579087
1115,44514.65681025855,2879.564581214589,89816745.16071668,32923293.10579087
1116,44351.85152418881,2869.6413495536112,89711081.55656806,32923293.10579087
1117,44528.832897713975,2940.8877787038446,96380813.48190317,32923293.10579087
1118,44563.61304252093,3016.273831621712,100742601.49454224,32914950.419399485
1119,43505.58044156101,1955.5692869935076,40959629.86837568,32914950.419399485
1120,43666.499788359244,2037.1218399765924,47389246.47272981,32914950.419399485
1121,43424.039348518905,1903.3448561893215,36085798.08777425,32914950.419399485
1122,43365.95152310976,1966.48206765088,41409478.06861642,32914950.419399485
1123,44581.19432238774,2876.3779789026285,88486709.57562687,32914950.419399485
1124,44510.60135501872,2912.00018120951,91375144.31038679,32914950.419399485
1125,43362.13113039943,1914.0981842035162,36419026.11031213,32914950.419399485
1126,43394.376212036455,1856.673094648256,36803299.928481,32914950.419399485
1127,45726.83449501904,3901.6625203605167,146917164.43631718,32914950.419399485
1128,45587.878664982796,4004.1525616496087,152208727.34115705,32914950.419399485
1129,44522.78156374686,2908.913308614414,94256426.26969913,32914950.419399485
1130,45406.905374131646,3876.6556228239106,144723102.303214,32914950.419399485
1131,43554.59984843303,1944.5679360072668,39018816.86754078,32914950.419399485
1132,44395.00050594462,2857.962536021597,88751057.85566768,32914950.419399485
1133,43350.06099251345,1896.420657570484,35675434.62638102,32914950.419399485
1134,45465.30860930652,3890.971078401196,145721338.236049,32914950.419399485
1135,43353.66227200992,1927.2624412244404,37038843.54521481,32914950.419399485
1136,44352.820092085225,2960.910249886592,98520549.8648828,32914950.419399485
1137,44411.820673540744,2903.331077965274,92256219.15406673,32914950.419399485
1138,44537.797261854845,3008.8534745755233,98364945.981439,32914950.419399485
1139,43347.19241934313,1835.4824987862273,32985007.03303908,32914950.419399485
1140,43481.28148957452,1883.1004824224074,38087631.92343597,32914950.419399485
1141,43344.75021790982,1911.0782446751705,37091817.97796081,32781261.883895967
1142,43353.378092050334,1926.1218025641908,39770311.87983738,32781261.883895967
1143,43447.84648158029,1993.790291999952,40012865.04083147,32781261.883895967
1144,44305.37668641996,2924.4525571515933,93992005.26661617,32781261.883895967
1145,46487.23406413304,4951.081822821446,207104161.83462614,32781261.883895967
1146,44274.191321434555,2963.387642648843,95182922.9430876,32781261.883895967
1147,44288.16781643152,2927.671169731681,91864304.48493168,32781261.883895967
1148,43089.56026648411,1835.3051029169576,33834528.656051084,32781261.883895967
1149,43338.714231427904,1928.657321890989,37085886.73053515,32781261.883895967
1150,43183.28663135985,1975.002066573864,45237648.89890669,32781261.883895967
1151,43203.202194565405,1918.5290460403296,36524802.77383914,32781261.883895967
1152,46364.70429938352,4940.185127321034,202071000.09084457,32781261.883895967
1153,44212.826772400076,2901.067925133208,90532372.50832821,32781261.883895967
1154,43206.17879420465,1851.4253362739069,33570186.76991661,32781261.883895967
1155,43209.952645460864,1952.7246706019196,43243189.70282426,32781261.883895967
1156,43181.779772858434,1886.9927474311276,35117561.67316489,32781261.883895967
1157,43089.56026648411,1835.3051029169576,32781261.883895975,32781261.883895967
1158,46416.56169896735,3980.383932630998,167120289.42206863,32781261.883895967
1159,43481.49675812681,1977.9131774988177,41183194.81360701,32781261.883895967
1160,43378.45250858956,1962.4998821319211,41046277.93102486,32781261.883895967
1161,43323.73758437614,1950.881866285389,38031773.83171589,32781261.883895967
1162,44384.88829710231,2940.6178858745266,93110554.48932347,32781261.883895967
1163,43141.53289483397,1875.0787395217417,36305631.33575749,32781261.883895967
1164,44254.541715717154,2909.7144636394314,95000205.4680427,32781261.883895967
1165,43089.56026648411,1835.3051029169576,32781261.88389597,32781261.883895967
1166,44479.44299859784,2970.601672326292,93878633.3268697,32781261.883895963
1167,43259.29604758427,1853.2064592168826,33960115.82424964,32781261.883895963
1168,44602.84100624315,3082.5199308245137,101885015.8832346,32781261.883895963
1169,43208.405251588774,1919.2401864633107,37579211.73402936,32781261.883895963
1170,44342.31398586585,2915.916816904876,93109944.41946128,32781261.883895963
1171,43188.58540116763,1877.167605023217,37512326.84751654,32781261.883895963
1172,44446.95610702383,3064.2852742900473,104974076.81711268,32781261.883895963
1173,43373.01506281953,2033.0967864686263,44268885.65825341,32781261.883895963
1174,43334.10693576374,1917.1968209840136,39436744.983705066,32781261.883895963
1175,43204.39774790568,1835.3051029169576,32859371.82289531,32781261.883895963
1176,44267.01717649798,2912.406442823122,91018448.19419977,32781261.883895963
1177,43258.31405648944,1936.3550107882043,39072218.736383095,32781261.883895963
1178,43179.67818675707,1893.7484699544434,38099775.09341009,32781261.883895963
1179,44474.520035296344,2961.626376479859,93398339.81780034,32781261.883895963
1180,43132.713258102725,1849.9456926413754,35953962.69312918,32781261.883895963
1181,45418.554328357546,3853.129671891728,144301701.46715483,32781261.883895963
1182,44499.59126178229,3038.818272322169,99082460.25980529,32781261.883895963
1183,43243.232716567625,1960.931584502452,43693764.362996385,32781261.883895963
1184,43246.72397977872,1860.9746569557913,34009816.35747474,32781261.883895963
1185,43376.824516095396,1927.3579701790236,37065629.45260502,32781261.883895963
1186,43229.29913140887,1890.4693779178087,35327867.63628582,32781261.883895963
1187,43376.26129682108,1924.9019204288234,41528978.888414145,32781261.883895963
1188,44264.24917079008,2930.8123614846118,94659553.03435794,32781261.883895963
1189,44280.652147938104,2971.0152847400923,96737726.57120766,32781261.883895963
1190,43040.75717712579,1857.226927160949,41071488.44732833,32781261.883895963
1191,43089.560266484106,1835.3051029169576,32781261.88389597,32781261.883895963
1192,43328.358590684846,1863.7612690195415,34262384.85132434,32781261.883895963
1193,43154.39804176093,1874.427299049663,37388309.90016665,32781261.883895963
1194,44228.980737701946,2845.305053635847,88032085.3863558,32781261.883895963
1195,43563.59421814941,2039.4499443925197,42190365.59952502,32781261.883895963
1196,44181.246582875916,2879.426001332143,94507913.3627867,32781261.883895963
1197,43203.076681032726,1908.082823264731,38863400.248684846,32781261.883895963
1198,44636.01864303387,3160.8333083627754,106940608.01021004,32781261.883895963
1199,44237.79202498116,2869.5212230483958,91630373.94707471,32781261.883895963
1200,44198.21414025784,2819.578416136409,89133508.98395088,32781261.883895963
1201,44400.869961449105,3110.3659065827514,105938029.46768436,32781261.883895963
1202,44309.09687209374,2985.2848384880017,98846989.30213173,32781261.883895963
1203,45363.81435946064,3010.6486672251926,111023466.51174417,32781261.883895963
1204,43245.94915292532,1935.2209344161615,41819895.550129816,32781261.883895963
1205,43198.15177620841,1863.7612690195415,34115828.886723354,32781261.883895963
1206,44441.869782541195,3070.6241618463455,97681081.25749221,32781261.883895963
1207,43486.56221148607,2002.3889976137962,42820576.18574013,32781261.883895963
1208,44412.6625204255,2970.601267317107,94702706.37679091,32781261.883895963
1209,45574.91552595696,4025.782887440083,156387946.2819411,32781261.883895963
1210,43279.247993418525,1891.443565235401,35397561.63732226,32781261.883895963
1211,43181.055823346986,1934.2351893722612,39844299.12331413,32781261.883895963
1212,46420.23385732486,4846.761631402989,202117674.46515393,32781261.883895963
1213,43166.18874948508,1890.671828521691,35267713.10697524,32781261.883895963
1214,44269.228756224235,2875.593220144807,89452521.49039546,32781261.883895963
1215,43226.63739501677,1860.8920340128795,35053329.628723085,32781261.883895963
1216,44462.65982867944,3046.302029128412,98101833.94402763,32781261.883895963
1217,44231.13687367049,2842.5466114469705,91407678.7596473,32781261.883895963
1218,43324.18110770243,1882.4741207562122,35026108.17628525,32781261.883895963
1219,43305.809341440945,1953.1804815728296,42752803.34354246,32781261.883895963
1220,43150.43780440336,1891.0175365975324,37001253.42704113,32781261.883895963
1221,43204.294319264045,1901.1586700187956,35769441.61160724,32781261.883895963
1222,43216.24543167601,1846.6377233517676,33370641.298395347,32781261.883895963
1223,43159.63369937992,1850.3784791803932,33494639.26440487,32781261.883895963
1224,44340.718060265644,2924.9219955587496,94228897.33876815,32781261.883895963
1225,43493.93057062326,2016.919621558423,42963268.5179227,32781261.883895963
1226,43294.13592082637,1895.2611221691936,35586626.06106193,31765230.543116182
1227,44097.497094457,2893.809466596303,91475272.59397386,31765230.543116182
1228,42934.01891650538,1814.3962733032208,33525106.611004192,31765230.54311618
1229,45250.45875254374,3928.357053114607,149604223.1582218,31765230.54311618
1230,44151.57860989329,2941.4471031987246,95131102.26852319,31765230.54311618
1231,43029.45227745158,1851.5914222312526,34513315.96445368,31765230.54311618
1232,43023.309625994574,1814.3962733032208,31831293.307419665,31765230.54311618
1233,43032.80016481733,1841.1581438170629,33009176.079980146,31765230.54311618
1234,44177.59315590835,2980.4177936635656,98209229.00333083,31765230.54311618
1235,47468.87393037296,5979.111036834573,263902245.6206366,31765230.54311618
1236,44044.43228038629,2878.9652104521433,89734362.96961072,31765230.54311618
1237,44183.4515846287,2918.8602695807867,93505327.95435274,31765230.54311618
1238,43013.66643948517,1866.9604246498614,39758150.92498003,31765230.54311618
1239,44200.38687183571,2973.6722137602237,92542807.72253715,31765230.54311618
1240,43083.16692669961,1847.4762244274802,36195151.53410368,31765230.54311618
1241,44197.742206548,2867.93840530835,88965564.26752175,31765230.54311618
1242,44055.60230726231,2861.506267263969,90913609.54717998,31765230.54311618
1243,43201.80606489706,1905.8552602569591,35962449.25288686,31765230.54311618
1244,44471.78374219006,2887.855934818227,90825013.42545798,31765230.54311618
1245,44101.68450981654,2926.6490658760476,91440466.87513927,31765230.54311618
1246,44318.60677781678,3014.131339270817,96415200.91698144,31765230.54311618
1247,43133.32339354027,1940.76337106488,37462081.86011474,31765230.54311618
1248,44149.543866773,2878.5979104441685,89509032.24014251,31765230.54311618
1249,43063.28846580502,1894.5152790639204,35404272.50106823,31765230.54311618
1250,43207.63778218414,1902.1881218712247,35848170.789491594,31765230.54311618
1251,44438.574262503746,3031.5818980378294,100905050.35129637,31765230.54311618
1252,45204.02531253067,3862.8392132855615,143610159.82044876,31765230.54311618
1253,42995.20343737105,1835.4680677758256,32728088.11762006,31765230.54311618
1254,43184.67918157462,2011.7844109963353,43084350.2273773,31765230.54311618
1255,42925.213153434386,1814.3962733032208,32816226.600843303,31765230.54311618
1256,44099.018587659026,2821.294884419225,86443913.8511692,31765230.54311618
1257,43264.163195890585,2006.4706902484563,45159145.53678488,31765230.54311618
1258,42934.11370264978,1814.3962733032208,34275801.93821571,31765230.54311618
1259,44070.0628301802,2835.115938996819,86873605.0913395,31765230.54311618
1260,43020.12117195793,1882.7946305417609,39024185.31945744,31765230.54311618
1261,44436.07290033609,3007.7778375361195,94747774.9271585,31765230.54311618
1262,44152.57870663083,2859.0448889533345,92709815.93272713,31765230.54311618
1263,43116.92104688039,1928.1069336871856,38724273.80823173,31765230.54311618
1264,43190.73514618447,1917.537064135841,36501168.66756338,31765230.54311618
1265,42980.24824890363,1876.350976380226,39957842.80406149,31765230.54311618
1266,43267.7014777298,1957.7764494211792,38399735.54574996,31765230.54311618
1267,43161.519733945395,1906.4459399468608,37618242.830556735,31765230.54311618
1268,44038.067942934584,2802.055477373656,89996251.11135545,31765230.54311618
1269,43279.33584204896,1912.1903704880272,41731272.399048895,31765230.54311618
1270,44060.58188263497,2908.5367433427377,90743997.24694487,31765230.54311618
1271,44065.71717207492,2911.6505897912252,91381490.75670943,31765230.54311618
1272,44316.41255472992,2941.831715672247,92215974.69642901,31765230.54311618
1273,43064.727309341404,1869.7765865736067,36595679.24318094,31765230.54311618
1274,43278.6654274296,1969.4600208565644,38944949.63791625,31765230.54311618
1275,45277.65061761988,4085.2655199699702,156343430.18385306,31765230.54311618
1276,44347.47775623648,3024.654375359472,97349122.92807853,31765230.54311618
1277,43198.37775627944,1864.1829797340251,37640068.05596679,31765230.54311618
1278,43142.85308479301,1907.5921020805222,36051064.301140174,31765230.54311618
1279,44038.75955810557,2836.48085766608,86434787.17310779,31765230.54311618
1280,44045.99009428934,2840.2618421140737,88086438.46432021,31765230.54311618
1281,45194.18755656269,3896.1779733142043,144169117.6399926,31765230.54311618
1282,43084.66510475391,1932.3171961323073,41585322.21271644,31765230.54311618
1283,44084.52679340939,2870.5063988669053,88760362.69647607,31765230.54311618
1284,43244.92366066394,1986.0933129573557,42419789.92491461,31765230.54311618
1285,43008.83292535898,1871.6374985711307,35042660.121435665,31765230.54311618
1286,43090.0766676813,1974.7472466685551,44382107.373420455,31765230.54311618
1287,44274.940300268485,3088.520629016301,102320597.30262126,31765230.54311618
1288,43001.8310127863,1868.6503314032423,34181486.252528176,31765230.54311618
1289,43034.87445710537,1880.2888746562135,37214454.91483279,31765230.54311618
1290,44054.57946249187,2815.1304409701816,86687598.17544912,31765230.54311618
1291,43155.25471277412,1900.8152851067084,35736093.24090829,31765230.54311618
1292,44363.326553315346,2952.952803549776,95072266.36152887,31765230.54311618
1293,44259.42033321235,2903.5198310006544,95071688.062306,31765230.54311618
1294,43035.126384083196,1932.4008109014526,39650004.16562507,31765230.54311618
1295,44005.451252345054,2868.4271397839266,89355083.5566369,31765230.54311618
1296,43380.68405477154,1977.131386582631,39339268.437953286,31765230.54311618
1297,44220.93433203489,2951.195879220314,97715404.12294249,31765230.54311618
1298,44198.71826374346,2917.329870761896,92259259.1403088,31765230.54311618
1299,43159.62278495008,1935.7888295412522,41485306.375872836,31765230.54311618
1300,43354.55846499056,1899.5598491183846,35814260.35370166,31765230.54311618
1301,44106.65113469802,2904.3511317030707,92150411.7821252,31765230.54311618
1302,43012.349037153894,1835.314478842694,33787136.64846179,31765230.54311618
1303,43091.07248200314,1863.0105707876478,34259319.08306637,31765230.54311618
1304,43031.27085194937,1849.6419460456266,35116350.944466785,31765230.54311618
1305,43218.48244489031,2103.397198142876,49466149.40895818,31765230.54311618
1306,45467.75371368456,4087.5495345459176,154957837.590635,31765230.54311618
1307,44144.97977450123,2849.7693018785258,89714648.37370625,31765230.54311618
1308,45330.06664487475,4072.3651098259033,157243493.2381275,31765230.54311618
1309,43140.05635849765,1852.9761053917216,35458903.77159784,31765230.54311618
1310,43084.45565751812,1849.165330226698,35870941.60789406,31765230.54311618
1311,43161.83773041009,2010.5938777312763,40501298.085122064,31765230.54311618
1312,42978.77232069293,1814.3962733032208,32053528.594593585,31765230.54311618
1313,44211.06138245257,2932.561981038366,94390751.17773819,31765230.54311618
1314,44239.97094300827,2937.204597679157,94627525.70836458,31765230.54311618
1315,43060.46805018698,1848.127921053539,34437900.602752596,31765230.54311618
1316,43174.238900635115,2021.834706415547,48256518.30940771,31765230.54311618
1317,45193.96589688033,3860.622905607611,143347530.83572087,31765230.54311618
1318,43051.33688908643,1842.0740873605166,34749613.418994054,31765230.54311618
1319,45142.11010259123,3930.3076673114383,148927140.87971193,31765230.54311618
1320,45401.35377825076,3974.143375152148,149084024.0309035,31765230.54311618
1321,43070.45553986238,1988.8480947403816,44837345.08736245,31765230.54311618
1322,44138.89896318031,2832.971665571764,87131872.36581603,31765230.54311618
1323,42989.32031367848,1845.2339031999247,34808815.84870019,31765230.54311618
1324,43263.74049550886,2036.9678661860987,41839270.94486851,31765230.54311618
1325,45217.027261119234,3953.4981188518095,147506613.15677556,31765230.54311618
1326,43044.79679162184,1851.3633654290356,34500083.11002602,31765230.54311618
1327,45408.10729833452,3946.566824763379,148235188.02163306,31765230.54311618
1328,45108.59095291351,2859.1048906253673,100809386.36436625,31765230.54311618
1329,44046.76422827734,2879.4664923154337,92498038.31286068,31765230.54311618
1330,42989.32031367848,1900.9561699977319,41148677.66631633,31765230.54311618
1331,43138.200910596715,1913.6369146540346,36290477.37808553,31765230.54311618
1332,43042.70317993242,1934.5377403668542,38781371.50723018,31765230.54311618
1333,44264.7211871083,2951.2716402911,93034482.44473504,31765230.54311618
1334,43326.616850628976,1936.2751444568676,39045675.300653465,31765230.54311618
1335,43298.01441095722,2010.4325934448414,43599605.41535049,31765230.54311618
1336,44124.56462757882,2888.3824333024772,89634646.28048901,31765230.54311618
1337,43118.589862978115,1960.1488730668818,41126591.55227435,31765230.54311618
1338,44169.30776164723,2983.795781728894,97323959.89957963,31765230.54311618
1339,44368.811856417895,2847.6210944987965,88141562.84879465,31765230.54311618
1340,43058.015518151704,2046.9787071953317,49990623.47681105,31765230.54311618
1341,44131.69430118527,2913.1110429465757,92118176.71907726,31765230.54311618
1342,43148.88342432083,1911.5210130100756,36162578.85455991,31765230.54311618
1343,45516.598201625806,4091.392392874573,158829373.73622498,31765230.54311618
1344,43080.64059216506,1835.1544815575442,32773430.120636784,31765230.54311618
1345,42975.927087340744,1814.3962733032208,31787119.98882112,31765230.54311618
1346,44113.74769111437,2957.27261126966,96910112.53780931,31765230.54311618
1347,46299.981045126966,4924.34579622664,200542360.4887777,31765230.54311618
1348,44168.32347702079,2889.2804082889043,90306044.77938406,31765230.54311618
1349,44206.75252769339,3000.29837762307,94862312.24182814,31765230.54311618
1350,43226.0485222267,1872.1327682655294,34792451.29709735,31765230.54311618
1351,43034.324117154305,1814.3962733032208,31839442.506116487,31765230.54311618
1352,43165.456523002416,1911.987832780815,36465164.60405277,31765230.54311618
1353,43221.29211773844,1897.6223448077471,37963727.16417647,31765230.54311618
1354,44009.616235543566,2874.565075823029,89418386.0129292,31765230.54311618
1355,45072.276068362364,3929.9708405561933,147710026.95969597,31765230.54311618
1356,42954.72151192314,1814.3962733032208,31780547.597817373,31765230.54311618
1357,43017.92931815145,1911.4018922115913,43132323.74482244,31765230.54311618
1358,43147.958056917545,1849.2177943205268,33450041.356912363,31765230.54311618
1359,44091.799084552746,2931.744778228095,94620653.68026009,31765230.54311618
1360,44080.96103213028,2875.714589787157,92807570.69142404,31765230.54311618
1361,42998.85583435117,1864.4508518902644,36653859.467513956,31765230.54311618
1362,43254.2280066803,2201.185294231186,54508230.89166913,31765230.54311618
1363,43997.31689054912,2837.581520953897,87360886.63582908,31765230.54311618
1364,43043.69954378294,1872.1995899451692,34655826.7796024,31765230.54311618
1365,44009.616235543566,2886.424131327236,96584238.81786375,31765230.54311618
1366,42988.575193255565,1814.3962733032208,33565470.70344831,31765230.54311618
1367,43136.21708348219,1917.6412839272903,36411895.717332795,31765230.54311618
1368,42993.58553062804,1863.9378445363952,38243736.31650289,31765230.54311618
1369,45161.83808723083,3760.1809212739754,138285212.5711771,31765230.54311618
1370,44074.02567865882,2906.5109929989426,93470017.83659463,31765230.54311618
1371,44155.243770266716,2870.804639321887,92703852.06592894,31765230.54311618
1372,43275.22384757398,1927.1235172954268,38727813.416178346,31765230.54311618
1373,43107.252245866315,1867.6324826251123,34259336.30481955,31765230.54311618
1374,43034.52270860993,1816.5697792075061,31934547.75469901,31765230.54311618
1375,43015.29029991408,1853.6779454617456,36045431.798473194,31765230.54311618
1376,43284.94911352853,2033.454376425621,41647589.033898756,31765230.54311618
1377,45340.6494288541,4041.21423480007,156261796.17469454,31765230.54311618
1378,44119.625932823204,2909.9245236226056,90673722.5196983,31765230.54311618
1379,43476.98909362007,2080.3775270131714,44050716.253043786,31765230.54311618
1380,43044.73402064499,1893.6746780724857,35338658.09206718,31765230.54311618
1381,45057.35953109943,3883.4020025336185,146473759.96930075,31765230.54311618
1382,43112.01422704767,1889.4117216193808,36209121.80565576,31765230.54311618
1383,42934.018916505374,1853.5482130896248,38720753.567416415,31765230.54311618
1384,43034.555153191905,1909.1037252840354,41409865.93975209,31765230.54311618
1385,44166.36186470186,2966.1171856953406,93888159.06576392,31765230.54311618
1386,45163.96228088474,3921.7874318174713,152623561.97798666,31765230.54311618
1387,43487.06018897189,2032.812408959026,44333453.37153663,31765230.54311618
1388,43085.29499108401,1968.7301424482794,41088929.17335062,31765230.54311618
1389,44172.58115140202,2897.0226213997444,92702142.1896254,31765230.54311618
1390,44169.11144359454,2864.1028719243377,91728627.88225727,31765230.54311618
1391,43111.24699962133,1939.5832917980356,38416762.33164177,31765230.54311618
1392,45159.21774831246,3946.4122712614035,146981473.8501882,31765230.54311618
1393,42984.72588699582,1830.6028170244329,32504265.36516712,31765230.54311618
1394,43031.05761176448,1869.267183420327,35955629.20633579,31765230.54311618
1395,42919.44061964477,1814.3962733032208,31960176.43895473,31765230.54311618
1396,43111.94433861362,1971.8280893158728,41536649.36765883,31765230.54311618
1397,44103.34105761942,2874.410584964967,91497777.77017918,31765230.54311618
1398,42977.41987633264,1814.3962733032208,31797341.24529355,31765230.54311618
1399,44169.29515512982,2947.6903806896735,93595558.53979786,31765230.54311618
1400,43023.53810152269,1865.5696123643024,34294257.080827616,31765230.54311618
1401,44180.856224176794,2930.826130721051,91747920.27010612,31765230.54311618
1402,43104.30052912216,1902.8692180967514,35760331.62631681,31765230.54311618
1403,45202.99473326301,3886.832643056223,143532233.02011743,31765230.54311618
1404,43037.05475854899,1888.3160706413685,37314752.83238947,31765230.54311618
1405,44048.4361059192,2886.020135803953,91977941.60688978,31765230.54311618
1406,44164.04861301473,2815.011383422803,85657710.61665499,31765230.54311618
1407,42934.018916505374,1858.2814047373806,36510991.74488445,31765230.54311618
1408,45278.93246074729,3979.6521788731493,148956281.10167596,31765230.54311618
1409,44159.70369903809,2885.9565089535504,89703477.05024873,31765230.54311618
1410,43089.25475940098,1968.0619518697263,45310317.66119029,31765230.54311618
1411,43005.67617384311,1853.505657285095,33520708.592385363,31765230.54311618
1412,43120.11894606912,1896.3328664461737,35503630.05703768,31765230.54311618
1413,43207.108986268286,1919.499075331071,39081915.41710615,31765230.54311618
1414,46212.146170017615,4935.775687005716,204813630.8102907,31765230.54311618
1415,45435.5345622367,3032.5314346505447,109016308.82641809,31765230.54311618
1416,44011.95369768677,2868.372405319635,89281624.54021737,31765230.54311618
1417,43079.32057180054,1994.6830102544457,42567915.86022455,31765230.54311618
1418,43073.56717243285,1876.1512741797128,36260593.007200606,31765230.54311618
1419,43067.910262894075,1942.7544885358657,39197762.90746431,31765230.54311618
1420,44135.450988763325,2919.359188860625,89925554.58235838,31765230.54311618
1421,42990.52315014923,1814.3962733032208,31797872.58843126,31765230.54311618
1422,43166.35082855633,1903.4204735211704,35835991.22856293,31765230.54311618
1423,44118.34325240619,2912.7395018732796,93293497.37965354,31765230.54311618
1424,43063.59410079591,1842.3418931813835,35866025.17906502,31765230.54311618
1425,43268.63504565194,2029.8211921332932,43121450.559349276,31765230.54311618
1426,44006.55145448346,2813.1533088407864,89400378.3691413,31765230.54311618
1427,43240.81041480384,1969.0895537509289,38825978.36558591,31765230.54311618
1428,44244.06649053161,3119.0661380400325,104869223.14214699,31765230.54311618
1429,42934.018916505374,1894.126867288936,39809857.58003185,31765230.54311618
1430,44085.125805131414,2865.48538686041,92265386.65381093,31765230.54311618
1431,42934.11370264978,1814.3962733032208,31773363.540558208,31765230.54311618
1432,42988.38065462741,1861.981074781428,34899486.688590266,31765230.54311618
1433,43334.4141899104,2012.2830247861991,40873644.927270345,31765230.54311618
1434,43004.263344859435,1843.41244249622,33083364.695196837,31765230.54311618
1435,42973.41946264341,1871.028616427379,36917449.94073052,31765230.54311618
1436,45217.394150692606,3849.331232497521,142410061.63933045,31765230.54311618
1437,44405.02301164712,2968.107886250843,97372532.05043122,31765230.54311618
1438,44097.788599125626,2798.678914159866,85805408.43531363,31765230.54311618
1439,44028.799769492114,2887.120362511426,90083612.55319913,31765230.54311618
1440,43033.77033396436,1879.226904164494,37458109.9026141,31765230.54311618
1441,44179.52292686198,2940.5238085361643,94130305.5001612,31765230.54311618
1442,45336.9025291392,4042.2071818448,155512801.0994468,31765230.54311618
1443,43095.76378662312,1939.915753889844,40131928.357832834,31765230.54311618
1444,44245.845117689205,2964.8669850686883,94935090.86178634,31765230.54311618
1445,45069.75888050881,3829.541688572962,144583711.36938405,31765230.54311618
1446,43198.22786726066,1956.5551594252222,38183709.07654305,31765230.54311618
1447,44312.449068985006,2962.1426386159446,92762816.29996793,31765230.54311618
1448,43344.81593309071,2017.4642882388187,44832834.72491514,31765230.54311618
1449,43171.333802881585,1878.7326848895682,34762811.09382908,31765230.54311618
1450,45260.6093365783,3957.57888093606,148405517.23172188,31765230.54311618
1451,43999.34883882401,2842.664652239133,87496240.84533827,31765230.54311618
1452,45279.78980697326,3943.229744488291,152640382.93129545,31765230.54311618
1453,43086.16820606071,1889.8957936059796,36228003.63907076,31765230.54311618
1454,43034.803918290956,1881.0250935509673,39089080.35614405,31765230.54311618
1455,43199.09991962241,1916.4907938991923,36427553.21533533,31765230.54311618
1456,43216.766090057085,1891.9140357255878,38386498.79501665,31765230.54311618
1457,42925.213153434386,1814.3962733032208,31766761.829326294,31765230.54311618
1458,42990.82843657207,2047.7681971573481,49653496.3362142,31765230.54311618
1459,43261.374323174176,2001.820600517915,40291473.298330635,31765230.54311618
1460,44376.952761649096,3039.1125757804734,96555700.57159722,31765230.54311618
1461,45100.69503382211,3891.1245532879534,147680931.74706528,31765230.54311618
1462,43039.552067581666,1896.3328664461737,35444021.72001545,31765230.54311618
1463,44287.453103372856,2991.6547537634283,97133990.67884012,31765230.54311618
1464,43006.27750492602,1869.7136050840195,36704188.53118623,31765230.54311618
1465,44009.616235543566,2878.9652104521433,89717721.49455394,31765230.54311618
1466,44143.97509148704,2775.084033110209,85029852.24275765,31765230.54311618
1467,43060.95690143766,1872.6781139999573,34395388.46016097,31765230.54311618
1468,43033.89198982123,1909.8436631206155,36028164.873891026,31765230.54311618
1469,43264.9808814611,1924.5157496809747,37170952.57581681,31765230.54311618
1470,44554.42499885533,3058.982191955942,98048633.16325636,31765230.54311618
1471,44133.930556074316,2939.0487078289416,94889784.84936112,31765230.54311618
1472,43322.799407026454,1932.906103364913,42668050.66227773,31765230.54311618
1473,46217.77774225797,3959.0144467044856,162016293.27326077,31765230.54311618
1474,43137.91123747559,1867.104217020214,34219657.050963685,31765230.54311618
1475,44199.90067388375,2872.831560374079,91540430.25304106,31765230.54311618
1476,43265.69634320185,1959.6109239178463,38406131.80626278,31765230.54311618
1477,44230.71863681254,2948.9529659325503,93421012.38552186,31765230.54311618
1478,43035.126384083196,1896.3328664461737,35440747.32688415,31765230.54311618
1479,42976.80235548456,1842.3974158273809,34121099.2062428,31765230.54311618
1480,45381.99167314965,4007.4070567522454,150648090.6180931,31765230.54311618
1481,43096.461888008904,1885.9435592264585,35304526.17279266,27576624.645000167
1482,42899.37612745403,1755.1309570627684,29214405.487385172,27576624.645000167
1483,44120.17378812784,2860.9502883325395,88579361.78006898,27576624.645000167
1484,44177.60299627857,2860.1879094057667,88334839.63744168,27576624.645000167
1485,44138.69811554277,2913.3022396467886,93574655.89339738,27576624.645000167
1486,42850.61325846989,1898.5775310041456,40522548.02620779,27576624.645000167
1487,43074.401289614805,1885.4816785275566,37507096.51864247,27576624.645000167
1488,42964.8364311893,1786.2061014073238,30616676.984085925,27576624.645000167
1489,44259.825826100794,2899.5337219236253,92670135.90938255,27576624.645000167
1490,43065.14110023082,1836.1577684882964,32874370.87893786,27576624.645000167
1491,42963.41716160552,1848.2244278112025,36135880.56971231,27576624.645000167
1492,44282.0032345767,3011.9867347589948,96126337.60905233,27576624.645000167
1493,42980.337818504995,1814.890219526044,35713151.27023552,27576624.645000167
1494,43038.47575514802,1830.581620093244,32617781.652190845,27576624.645000167
1495,43267.148525415556,1947.011949994733,38199202.97798373,27576624.645000167
1496,44292.39831400843,3001.9827963840735,97722150.48639731,27576624.645000167
1497,43008.34633998205,1805.276487254538,31458048.350229926,27576624.645000167
1498,42939.00841803639,1809.8266970040463,31656015.040997714,27576624.645000167
1499,42906.85379189623,1755.5679179183887,29235890.937049173,27576624.645000167
