,per_it_avg_total_length,per_it_avg_max_path_length,per_it_avg_fitness,per_it_best_fitness
0,59816.45293414772,6935.854175072904,415306834.2364351,308641979.67048866
1,61759.27350860407,5785.4031065718045,363453118.87025684,305577093.48418045
2,64416.46769415459,6690.960214471552,456807138.1728385,304143281.0654407
3,61107.22843034882,5884.6297379089565,366833543.6162486,299707068.1773715
4,59996.85551891533,5784.685554470838,353683217.585904,294968079.1451539
5,60296.69579081292,6479.100903318712,403142666.36051667,290474722.55848944
6,57311.45808020723,5052.737756037737,289578735.97380084,277888824.44034946
7,58647.38288922105,5539.175512737329,332346737.080849,249562206.91015783
8,59477.71385861414,5923.522876830792,365617365.68271506,248029399.63146138
9,58064.13548718371,5130.976549345423,304731734.1846743,246177791.35267982
10,56701.568764233656,4421.707507675669,250795407.96940383,245028184.7499437
11,56457.944624614705,4356.176329463803,245940031.38287196,245028184.74994364
12,60782.56548182522,7564.995432086651,481522195.678969,243340507.95409924
13,55926.095137629076,4351.096330897892,243339827.35478434,243333701.96095014
14,57067.4501721449,5120.2125918559705,299664315.41857535,242407031.17638895
15,57778.14040398289,5889.010087777303,353295713.8469393,229020577.1597751
16,55903.763651981906,4965.040676918567,285890242.63716394,195090278.78353116
17,55098.96473308424,3590.7558023165802,197838233.14615378,184224942.76889804
18,56107.824665250046,4472.108379865692,260250171.40717188,169204592.0091605
19,56408.94408154291,4072.4912760945203,239061041.96436292,167552404.82276678
20,57080.109473508644,4882.566822815383,293978047.914577,167552404.82276678
21,57961.6184565673,5872.2685347390725,360390516.5817403,166708150.77493915
22,54584.34490843987,3081.5969890904225,168207841.90231588,166261794.03247508
23,56734.903896542615,4913.678316721829,293845628.57956547,166261794.03247508
24,56712.72877858098,5041.664303595925,302312027.03197473,165013742.63573238
25,55684.10505153514,4159.370735788586,240215715.61490256,164810212.28975707
26,56167.74937507227,4966.910681372703,295532998.09319025,157643268.1467605
27,54604.54664182018,4126.0207159922575,234548922.25814396,155381556.26553893
28,54415.59530315178,4023.554921882809,228031949.7119136,153351653.97190574
29,56298.13051107273,5948.1928246746365,356332814.97780526,151786071.8729457
30,55692.243845909485,5621.2995363036525,333983502.1235442,151326384.52142698
31,54764.714481920426,4697.635147252829,272145469.5423977,151003153.07859263
32,52182.98122172821,3037.558464838886,158549029.74240938,149684960.20393637
33,55425.4965711171,4977.027478763865,301085369.5602375,149684960.20393637
34,53192.46166064761,3989.8013701801674,221541142.7025929,148033133.01730525
35,51253.14573608861,2928.014860817869,150122594.8491554,138692669.48093876
36,52358.46384058636,3719.8444989002573,203388911.2366676,138554508.9101695
37,51018.50895885345,2821.091763687843,143921723.10086358,137948791.07533783
38,52137.2343472319,3747.7158992199816,205165286.6005754,132708807.44950375
39,52927.132377228816,3753.638925509248,207114134.3809703,130981951.34201851
40,56556.827166306844,6490.6551865377,397887633.11221635,130981951.34201851
41,52236.550681245855,3728.19757276944,203891230.6580436,129344000.0401492
42,52665.23572335298,4500.96319416187,252392594.49186483,129344000.0401492
43,51481.9750218822,3791.443483312444,203821028.93940812,129344000.0401492
44,56347.924922435006,6484.676579404869,393241235.58466184,129344000.0401492
45,50615.721289103305,2683.8444713049844,135942993.09623915,129085744.80325542
46,50622.011515882295,2709.1913371763603,137110567.96050864,128452129.07956867
47,51598.274141009046,3592.499124277275,195192572.9357796,128452129.07956867
48,50488.99892267931,2847.631900861168,143960338.48507312,128452129.07956867
49,50036.41826509502,2593.9666060620684,129798762.07732913,126366602.69558167
50,50419.14534046367,3573.4264956774778,189838328.8230847,125849282.90682787
51,52285.00263846824,5185.288904445836,289077691.9142449,125356532.88951004
52,50053.217216050005,3539.1563591327613,185240751.59494886,124758495.89602011
53,51085.93769063738,4671.416319093694,255779907.7230064,124183182.19989489
54,49455.47963684606,3627.470880424061,186199190.79215103,124183182.19989489
55,49623.20967606113,3657.1398392640003,190278691.14811546,124183182.19989488
56,50712.43220296688,3738.7308008695936,207269343.58565193,124183182.19989488
57,50501.137729534115,4513.354763574298,244207928.5955452,123413274.83937585
58,49664.25833088211,3700.1685060710356,192849946.10714903,123413274.83937581
59,49623.92274150595,3442.655909961296,177447175.76889977,123413274.83937581
60,49445.64157306575,3861.620265905024,199283705.9175838,123413274.83937581
61,48551.56053179008,2739.936136620796,132990333.44912574,123413274.83937581
62,53661.286821127556,5578.80454500404,337217131.8307382,123413274.83937581
63,50305.83667790077,4501.497830399143,241410558.9583068,123151239.67520463
64,50407.03984454101,4424.55843352315,238282998.43259087,123151239.67520463
65,50244.23090945857,4498.285498970431,242067735.26484632,123151239.67520463
66,51533.135832668864,5543.19990567832,310005007.3831627,121723790.93757826
67,47633.20643499061,2721.9347954446152,129661014.072873,121723790.93757826
68,49586.036789877544,4628.859892721017,246126575.40717515,121723790.93757826
69,48779.38671754308,3617.6874991043333,185105489.84551916,121723790.93757826
70,48872.89360243665,3697.1033388777532,190905061.89041662,121723790.93757826
71,49483.960889207374,4461.418972507147,235323919.93550673,121573297.35010919
72,50759.78741089596,3562.788741331378,208826932.0397694,121573297.35010919
73,51043.51649198101,5479.143763499485,299938332.5480442,121573297.35010916
74,48815.64212766785,3516.588655667332,181637395.10167646,121573297.35010916
75,47234.35703291117,2569.6752985830976,121376960.51192662,120760943.88103074
76,50393.30123144729,5357.3995040571945,292197379.3273442,120760943.88103074
77,50317.14933296128,4567.05549190148,255370177.36992472,120760943.8810307
78,49487.37374035631,4486.090400482631,238136887.16353378,120760943.8810307
79,48371.12872060464,3625.679641343008,185432859.3289276,120760943.8810307
80,50484.70005176234,5450.288684944041,296034513.9051746,120472809.51650633
81,50453.113324509104,5567.666736528836,323687744.1289786,119988964.90672947
82,48181.22142252404,3560.830377346024,180378565.98157507,119988964.90672944
83,50132.548118832856,4566.8012838902705,253038448.76304793,119988964.90672944
84,47039.31578870575,2858.6890124591823,134853782.33343452,119988964.90672944
85,48098.24863333404,3562.026630239239,180091026.00671,119988964.90672944
86,49333.37138645252,4764.757448127811,271366394.9293233,119988964.90672944
87,47889.52807780087,3751.987349734695,189157784.33428633,119988964.90672944
88,50306.12482357797,5543.2938550952085,299557691.7382561,119988964.90672944
89,49131.98369657203,4767.778892605482,249601001.27496332,119988964.90672944
90,51313.4163871178,6318.672703104144,367035392.1001405,119988964.90672944
91,50011.92919570631,5395.512321222588,311309275.1441861,119988964.90672944
92,48318.77271657797,3536.0996652144336,180105019.8774972,119662121.32888035
93,47693.50421777996,3684.79697562843,184427106.82652134,119051711.30139019
94,46878.7747246713,2853.162899350084,133959456.41308734,119051711.30139019
95,46720.43834964074,2763.694092700209,129233841.50118193,119051711.30139019
96,47421.67004503302,3646.3162813064155,181818072.15971297,119051711.30139019
97,46644.52612703788,2738.582551828172,127924063.02287884,119051711.30139019
98,47109.70739019307,2793.6194337041807,131836115.5370967,119051711.30139019
99,46614.765343713414,2781.691780879514,129716801.76313284,119051711.30139019
100,47627.55174824333,3581.333475320135,179476990.60402042,118477797.48293784
101,47774.254141337165,3680.4705187075842,184612498.07005703,118477797.48293784
102,48687.623928989095,4450.911666787249,231724738.6956006,118477797.48293783
103,48380.58320755905,4512.782927404334,235163785.47101545,118416409.84188974
104,47593.235697669,3578.566324063352,178311263.6515371,118416409.84188974
105,48890.6065282082,4821.440080509458,252042329.0479907,118416409.84188974
106,47810.35936941114,3668.5090892026938,185927729.7808844,118416409.84188974
107,47306.24036748555,3551.7553078475657,176862849.27400416,118416409.84188974
108,48441.265921183236,4769.444679692364,247392726.0321424,118416409.84188974
109,46370.57074096885,2673.703071533992,124053746.96953407,118416409.84188974
110,49823.35317928374,5459.43591257248,292137651.11540616,118416409.84188974
111,47992.935162582515,3933.0088704935115,197461289.32364556,118416409.84188974
112,48688.692026642784,4572.3379813164565,240723797.23627815,118416409.84188974
113,48395.125135170514,4395.113107409459,228828795.90925056,118416409.84188974
114,48535.28001240663,4344.109393130734,225560232.75731188,118225701.02419518
115,49640.823515029886,5525.821502848815,297462362.7293962,118225701.02419518
116,46462.57949525155,2944.694320382879,137064069.573821,118225701.02419518
117,48645.42368537166,4562.605473178742,236948667.25698668,115497643.6645136
118,47743.66502944971,3724.1244647145913,186403304.39574626,115205123.63164572
119,46687.21259101102,2837.9985678716057,132725891.89451921,113921244.59627602
120,48247.735362162115,3641.319699735738,185353381.49977177,113921244.59627602
121,49546.1703524038,4450.979015720899,236606714.3887066,113921244.59627602
122,48278.04650249446,3322.775798806437,167544780.63593665,113921244.59627602
123,49231.81818957029,4431.688188611886,233233439.32110333,113921244.59627602
124,50622.924734658984,5240.583428534976,284255207.8870851,113921244.59627602
125,49622.62920116416,4370.092217848516,231506752.12128964,113921244.59627602
126,50318.329108327875,5303.1565026879525,287848919.754999,113921244.59627602
127,48178.51547664912,3436.8464650860283,175020832.5333689,113921244.59627602
128,49683.44713559072,3753.475602628644,205588058.61255458,113921244.59627602
129,49590.769845784336,4572.730965712553,243527062.1586275,113921244.59627602
130,48832.71331739884,3632.2406338864953,186224016.7501046,113921244.59627602
131,49772.17697426113,4389.14025762392,235443603.8572895,113921244.59627602
132,49277.12709983862,4552.725147461864,242139094.63085574,113921244.59627602
133,57792.956912914524,9836.743959754112,651310302.0881953,113921244.59627602
134,49820.965919657065,4667.7138490293055,246732515.884506,113921244.59627602
135,47308.81058859604,2470.1455831836347,116869559.01098874,113921244.59627602
136,49726.77555197668,4420.598618205583,234947034.93843704,113921244.59627602
137,48363.072197609144,3617.5945539780646,184247200.16879258,112487224.99412869
138,49957.08587027477,5574.406797238192,317830426.5637981,112487224.99412869
139,46735.79714254897,2593.692841318051,121241321.2690855,112487224.99412869
140,46893.56171345165,2772.8825180641916,130409953.18721688,112237528.38075647
141,49670.257660867566,4522.786844690873,249223992.60974866,111309197.07179593
142,47716.029470451605,3428.9364700955,172602035.06647235,111269657.29621822
143,47632.28479799437,3519.322577763508,177077429.60206074,111269657.29621822
144,49128.134877860415,4558.101768983595,239218778.2083811,111269657.29621822
145,48684.46663346871,4463.094080770041,234910243.0171577,111269657.29621822
146,51795.79631699696,5298.481704367053,329823011.5526454,111269657.2962182
147,46615.48417535102,2543.9182647701264,118581148.64712317,111269657.2962182
148,48547.486612091205,4207.829808463701,219300093.88607302,109398528.3970979
149,48389.35829741153,3469.037656115824,187705733.7308256,109398528.3970979
150,47959.201959042366,3752.6030895858253,191549379.04412603,109398528.3970979
151,49571.45817380881,5449.774119422747,292604620.67928797,109398528.3970979
152,46491.91390982612,2562.449393773597,119111519.74350815,109398528.3970979
153,47519.042606516115,3588.172018906366,179458098.03372163,109398528.3970979
154,48554.335850024174,4423.20651112621,230397803.59545463,109398528.3970979
155,47371.41852164065,3452.2031047666724,173726849.26085573,109398528.3970979
156,47353.75023969567,3387.5860510308644,169463403.3294646,109398528.3970979
157,49573.1639415622,5307.640959627032,284317773.69192964,109398528.3970979
158,48708.53394465662,4540.644750388897,234853813.196464,109254915.93169883
159,51327.32636019745,6349.143512481496,350195129.68739396,109254915.93169883
160,48207.91212866592,3506.8737534727748,178390116.7001999,109254915.93169883
161,50254.40179610668,5513.761142707798,316812208.57605994,109254915.93169883
162,48444.76471535028,3388.1355275597743,174310198.0470775,109254915.93169883
163,49554.85108967137,4462.598152021315,236993107.1653152,108996912.1025348
164,50270.0549639394,5332.887786388235,308724433.7498854,107513162.28031005
165,52218.04288909943,7176.554161773798,418367241.3628134,107513162.28031005
166,46458.38274499121,2402.9196010348446,111678670.99312237,107101941.8950049
167,48435.38449081562,4467.955237967916,251514932.868848,107101941.8950049
168,50598.99581283205,4626.4016096741525,266220623.56173047,107101941.8950049
169,46179.478137966114,2463.0219003553366,113740688.00530013,102331566.9142058
170,47384.03357320186,3324.3716662688994,166759507.10055098,102331566.9142058
171,47504.19579822822,3331.5633681143613,166770262.6099226,101521622.19805709
172,47243.27583032821,3539.1096122916774,175820881.05848333,101521622.19805709
173,48273.2897008428,4394.330107606123,229140663.6598516,101521622.19805709
174,45807.68990125412,2431.7701613232675,111471236.50513387,101521622.19805709
175,46842.426565509115,3433.8242461456275,170004363.37459466,101521622.19805709
176,47162.866631473305,3284.2675201874445,163292631.13954645,100550206.30166885
177,47341.68813897267,4257.225935317426,216866028.20972577,100550206.30166885
178,47777.247122685694,4400.551851340313,245793031.16804433,100550206.30166885
179,47573.4495714303,4470.118871156913,230206352.15294075,98060670.34033097
180,46793.86609401853,3421.0043601187704,169936392.2606814,98060670.34033096
181,51711.58145469631,6960.156475979382,389596569.6404937,98060670.34033096
182,45477.00093842561,2363.3329959597645,107576489.64822073,98060670.34033096
183,46720.81976016238,3388.0979749660787,167219073.30134097,98060670.34033096
184,50714.854367832064,7169.450714040868,388941524.4873784,98060670.34033096
185,48043.505577819116,4338.379906436949,227748086.09592205,98060670.34033096
186,47880.87156253128,4469.018256476063,229628278.38513097,98060670.34033096
187,47598.842642390926,4306.766966724387,222066586.4837132,98060670.34033096
188,47704.24663038877,4020.3187982027202,207658638.22047,98060670.34033096
189,46454.067234435686,3233.4798548537738,161083853.2642941,98060670.34033096
190,47828.7019484313,4539.203639962872,234712340.3786729,98060670.34033096
191,45740.48812779049,2423.23339399726,110985189.8607049,98060670.34033096
192,47463.36818784049,4180.271451026054,213743326.21889657,98060670.34033096
193,47548.52571829941,4398.566278653694,225568992.38024467,98060670.34033096
194,47511.06617408714,4281.469432146305,220255987.55966014,98060670.34033096
195,45406.664147702664,2192.9301215811684,99610942.49626963,98060670.34033096
196,51898.96924053568,7182.237695822836,422265767.1312858,98060670.34033096
197,46944.26623353606,3460.2696140943676,171738479.60619396,98060670.34033096
198,46506.45243023663,3295.832090478768,164533243.7290577,97733685.7733748
199,47462.81860645446,4517.784333608175,231251968.84747776,97733685.7733748
200,47794.89182158196,4440.14654937045,228721130.63512152,97733685.7733748
201,48727.15998787534,5253.488134234283,276276248.7794075,97733685.7733748
202,46036.67488341725,3145.5578763725925,152215950.84701985,97733685.7733748
203,45336.7996803391,2350.5165084323808,106647996.0065971,97733685.7733748
204,54095.87107556219,7128.008135325033,457386216.72553265,97733685.7733748
205,46508.09312464802,3392.464038052351,167333262.38494292,97733685.7733748
206,46268.37312815173,3236.830749691087,158813927.939635,97311883.16489637
207,47298.081889026325,4504.024247386401,229855257.66906372,97311883.16489637
208,47201.21040370849,3169.252071485283,168353996.71409482,96917274.88761911
209,44992.00996299825,2386.9332673424674,107438596.50908259,96814127.50865108
210,46957.900305651885,4072.866481552276,206882094.0751552,96814127.50865108
211,44732.639941098285,2236.856172804799,100084969.66710743,96005742.24310419
212,48943.67437001092,6199.219095125321,329640320.6171633,96005742.24310419
213,50056.23756517334,6283.942733273821,364454333.8166455,96005742.24310419
214,46752.14883618469,4274.462540338213,216278502.8395957,96005742.24310419
215,50205.96939900161,5501.756267479995,312457136.2021154,95586548.12002046
216,46854.512559822644,4126.868077496589,210349372.88191527,95586548.12002046
217,45509.6258407746,3414.483423165867,164788058.75245902,95586548.12002046
218,46665.80699674814,4337.054278127422,218218265.24059564,95586548.12002046
219,45235.912295269496,3241.5910733969986,155826514.70893738,95586548.12002046
220,44275.526331074696,2419.4682154734646,107219875.87228157,95586548.12002046
221,47685.657502800146,4262.196587591126,227141127.93317834,95586548.12002046
222,45666.71863205612,3317.7561446283116,159628255.42893553,95586548.12002046
223,47694.63953979283,4183.449836898993,221127808.33481842,95586548.12002046
224,46584.956025489504,4308.523344831559,215725812.81985912,95586548.12002046
225,47569.42049242642,5138.766646335144,266233374.15610543,95586548.12002046
226,46682.00003772513,4138.952850883641,207388374.2008281,95586548.12002046
227,47512.771141837075,5327.720850496532,294047868.5955434,95586548.12002046
228,47053.092983791495,4489.787915998016,227556755.76037472,95586548.12002046
229,47924.697792457664,4424.8722440958845,235964074.02840614,95586548.12002046
230,47060.01511426436,4670.633531344697,238136341.04798013,95586548.12002046
231,47380.12996829352,4332.827594963154,230299610.36230963,95586548.12002046
232,46566.28442203002,4328.805839495977,220189321.05116385,95586548.12002046
233,46463.1353005668,3449.656016434681,179132358.8833485,95586548.12002046
234,47779.833484214774,5301.772672914256,276825718.89423025,95586548.12002046
235,46686.644548117176,4355.793855699957,220304629.97249898,95586548.12002046
236,46799.594967870515,4310.627034526488,217315840.084697,95586548.12002046
237,51996.234314018766,9050.444466231844,532662788.72929937,95586548.12002046
238,45553.85948941527,3346.304984275339,162255111.85329816,95586548.12002046
239,44471.168165995776,2307.3364789577686,102692965.53398009,95586548.12002046
240,46464.13700498434,4067.285806437035,204807884.51750982,95586548.12002046
241,44239.722786387516,2344.0235383230847,103712574.9545309,95586548.12002046
242,47929.74353021867,5181.058901433831,268171978.5649994,95586548.12002046
243,47790.23013686872,5345.276329804722,275808868.8324543,95586548.12002046
244,48745.537083609495,6383.695677798814,357982775.6066604,95586548.12002046
245,45397.35818742357,3238.353265483559,156258862.1555491,95586548.12002046
246,44562.38347111047,2445.9213092133514,109184792.09289734,95480603.85847296
247,46854.78799918692,4427.631798615491,243876969.67512995,95480603.85847293
248,46858.42384004209,4437.328069727928,222981344.47951427,95480603.85847293
249,48029.587372987895,5288.772731506089,274327511.4232732,95000173.7175496
250,47792.065397088096,5433.597006278241,282168058.48589444,95000173.7175496
251,45684.08646127775,3022.7253490642142,147694419.27201968,95000173.7175496
252,46603.091442430465,4024.289701272291,201782639.28986213,95000173.7175496
253,47395.653430690094,5040.87428172549,280445224.3590253,95000173.7175496
254,46556.439615528994,4114.329196545121,207957146.24832916,95000173.7175496
255,47613.09800823282,4318.251903286351,229796765.30676788,95000173.7175496
256,47954.6189524912,5251.588068703135,275268624.4278995,95000173.7175496
257,47789.28630263732,5082.607606662945,263712861.61424413,94663960.6279285
258,49628.464122434765,6209.391980471547,338979706.6542109,94663960.6279285
259,45481.63074623984,3554.02927842561,171779143.60537848,94663960.6279285
260,47446.474966000846,5237.066921722349,289482936.06544125,94663960.62792848
261,44354.53935716172,2376.7297420823293,105502576.36432779,94663960.62792848
262,44660.69568337039,2520.0817289007086,112641972.2665663,94663960.62792848
263,45441.236876817464,3581.518131556563,171572835.79079756,94663960.62792848
264,50789.2949733646,7180.9016416442,446319408.94442284,94663960.62792848
265,44249.569730148025,2434.149542602524,107721592.49649282,94663960.62792848
266,47363.490763514936,5221.901738987569,288603840.7909869,94621002.600187
267,45466.59436660746,3344.6752047966183,161258033.09673852,94621002.600187
268,49644.28549986061,6347.300872312412,346532888.4471567,94621002.600187
269,46521.17294003195,4200.254418809007,211315378.51718947,94621002.600187
270,44567.411738510666,2469.5002403079725,110123272.37141915,89482661.28846133
271,47363.16701227937,5141.634078823559,286214016.0424981,89482661.2884613
272,45184.524114334345,3272.5713358713174,156773405.0826605,88928095.66707848
273,47422.73687785868,5053.311621132301,259632768.56060705,88908808.49033031
274,47624.50849088391,4279.691277083583,227898636.1013214,88908808.49033031
275,46298.159827752905,4113.627152315991,206177896.0534231,88852627.8411546
276,44273.19937019319,2223.991442153335,98555794.87127538,88852627.84115459
277,46555.842147590636,4316.801312063746,216506633.9159091,88852627.84115459
278,45304.5375897675,3175.803109911869,152744306.2098288,88852627.84115459
279,46277.60725867785,4198.60046598298,210971876.05749148,88749956.8328884
280,47478.014517098054,4260.637225107096,227839759.95734543,88202730.99982087
281,46114.0877140117,4140.491377397724,207906516.2976655,88202730.99982087
282,47104.185879541554,4270.475903761291,223890745.91933924,88202730.99982087
283,46237.846415070744,4259.63987908687,213271238.64598572,88202730.99982087
284,46177.128053725464,4200.954902879273,209379682.88584206,88202730.99982087
285,44141.388956951894,2406.7448034036597,106274899.06142642,88202730.99982087
286,45492.682548635275,3412.458494700134,165060701.9216891,88202730.99982087
287,47269.026103510536,4343.163255989444,229357055.0179639,88202730.99982087
288,45375.44387898675,3221.5124918665642,157050369.10923016,88202730.99982087
289,44984.84081277628,3201.520955117453,153729733.95678264,88202730.99982087
290,43936.196000460375,2345.277180749595,103135298.41491848,84086856.0518755
291,45039.80230932616,3184.712552254866,154765112.41485927,83413358.11054057
292,44703.14750605923,3351.4230742963177,159221369.29191214,83413358.11054057
293,44476.46038829271,2985.7779680828125,142394438.39690068,83413358.11054057
294,47191.938937914514,4281.925882680205,225862485.72704926,83413358.11054057
295,46634.33799435503,4862.066381944271,248317714.3573801,83413358.11054057
296,44738.276306272935,3058.2764236324383,147292282.13256913,83413358.11054057
297,45155.20223559965,3456.974020627435,164741878.23290703,83413358.11054057
298,49165.817830004366,7166.886582721726,398250510.1183837,83184809.8469088
299,45895.88333688253,4267.288517039921,211372914.23061806,83184809.8469088
300,51187.349446877706,7971.861228362376,466642391.74784076,83184809.8469088
301,49199.15995974617,7127.335841931117,416524630.66797435,83184809.8469088
302,46527.93304648346,4820.070123550408,246058646.40452576,83184809.8469088
303,45641.21338673106,4165.454129231393,207714307.17885464,83184809.8469088
304,44556.73919147226,3161.476992196621,150178313.1006283,83184809.8469088
305,45647.174863667606,4312.361065294138,214330453.47581714,83184809.8469088
306,45877.00141164582,4362.536673117438,215506060.8278411,83184809.8469088
307,45366.961949337725,3917.4487697615755,193437433.59415966,82755157.78434327
308,45702.13890331716,3294.542090592734,169641676.1464097,82755157.78434326
309,43516.90859439014,2215.0911180762987,96469779.3912978,82755157.78434326
310,43370.55641006174,2169.334232926318,94290831.62004408,81458072.31206752
311,44407.92402174526,3280.0895404309895,154468264.78136355,80311661.90563636
312,45404.26153555706,3090.8751372977613,158977244.8838374,80311661.90563636
313,44734.44000398793,3120.588702637985,148000087.49724132,80077906.12949163
314,43582.33674534883,2436.4831540742043,106460866.22588286,80077906.12949163
315,44231.44209752405,2977.0583759125157,140328202.82553408,79720701.5903629
316,45345.471734734005,4122.010742437765,203151013.71420965,79689963.04833011
317,48420.27856567785,7075.441573308597,388130206.5120438,79689963.04833011
318,43981.85121694889,3107.08647907017,145581996.80045146,79689963.0483301
319,45308.04302812157,4206.333267846543,206308632.10835743,79689963.0483301
320,45425.81064116082,4215.720050330272,207296178.9083104,79689963.0483301
321,46001.58253034918,5085.3161457176775,256197486.10920754,79689963.0483301
322,44341.4507585526,3188.540037049555,150368926.61503062,79689963.0483301
323,43067.34372958126,2000.533125903506,86316844.96124712,79689963.0483301
324,45309.472911474935,3965.2580257226045,199437064.8077529,79689963.0483301
325,44464.86889183666,3377.2443851680014,159799519.8693276,79689963.0483301
326,45290.078174376504,4221.623165227575,208559052.82103634,79689963.0483301
327,44332.64547826983,3331.4234733060503,157117760.8800589,79689963.0483301
328,47211.44020971446,5215.357206532382,274501539.8014527,79689963.0483301
329,44987.36384927752,4079.4213570473935,200727877.63164276,79689963.0483301
330,44666.67449863316,3107.4680613418836,147522660.96000397,79689963.0483301
331,44997.24499979341,3800.656877617979,186863071.18423098,79689963.0483301
332,48632.41980616267,7172.840241990203,398865335.7550305,79689963.0483301
333,43796.20439366336,3194.2046069163075,149069027.1832808,79689963.0483301
334,45146.03979197002,4340.038263912038,213861714.8885529,79689963.0483301
335,43095.58772767985,2317.155107636879,99923516.04744834,79689963.0483301
336,48507.45733889305,5979.655538337666,322534905.60882634,79689963.0483301
337,44287.270641500145,3440.7285494633056,161877781.07085487,79689963.0483301
338,47312.60266280613,5212.678640389815,275461508.7085585,79689963.0483301
339,46278.554462766144,5194.662029980263,262093859.59856614,79689963.0483301
340,45375.66372309419,4326.938026555372,213903269.6547931,79200999.72240908
341,44712.95017695888,3986.2631899005546,195119214.92172614,79200999.72240908
342,45633.88986412132,4031.5440819209193,209127619.11300474,79200999.72240908
343,45401.057151357236,4245.402412692075,210566344.0864391,79200999.72240908
344,44946.08071635616,4166.027802784348,204882379.7906155,79200999.72240908
345,43869.88727246398,3023.2280522558694,140518629.3805888,79200999.72240908
346,46883.37679979675,6203.458880169866,334601992.77751887,79200999.72240908
347,45763.664409471756,4068.198336423313,212896164.04667026,79200999.72240908
348,43856.9428150358,3107.003844993039,146431281.17390612,79200999.72240908
349,43714.93293359609,3149.527074113415,147837062.3315929,79200999.72240908
350,44869.01671387276,4087.879038532701,199257576.63388258,79200999.72240908
351,45012.76586698063,4278.135473822592,208248822.383725,79200999.72240908
352,43914.487089698276,2910.3248701418656,137318308.03072026,79200999.72240908
353,43862.78990746192,3073.4244126549347,146313871.5970996,79200999.72240908
354,43720.53419605724,3263.4008315541187,153238403.2926179,79200999.72240908
355,43836.91709625993,3240.004851905318,151054049.0639555,79200999.72240908
356,42589.26405807045,2246.1259924625424,95739161.3500196,79200999.72240908
357,42503.69719519358,1968.2969163767443,83748500.15873072,78998152.62072669
358,45518.843210447565,4939.433699460249,266325286.24185318,78998152.62072669
359,42743.56564534394,2089.6346013862944,89421710.26744106,78465505.77843328
360,42528.11285611017,2266.0132611732033,96568519.88834037,78465505.77843328
361,44459.46578520187,4162.539690436372,201501897.78486657,78465505.77843328
362,42630.11206356659,2307.7440249511724,98554027.45942745,78465505.77843328
363,44663.86734732067,4114.997145057942,201397489.64424175,78465505.77843328
364,45295.36961669718,4067.80067139754,208567742.26929837,78197392.78989738
365,43422.43143482235,3122.52752726127,144177063.52733687,78197392.78989737
366,47595.91654425482,5095.014736957802,280737476.16725385,77862458.83588634
367,44020.7817319742,4360.513618434459,209242799.9616093,77862458.83588634
368,45460.526776791274,4250.321309617844,219757678.70974177,77862458.83588634
369,45216.05184348064,4268.024037707262,217736311.78679523,77862458.83588634
370,44082.69592571484,4005.197089913557,194299218.72360212,77862458.83588634
371,46308.4283212933,6111.83511301348,327253883.107915,77862458.83588633
372,43172.305751685235,3144.1705356405264,145865008.05152425,77512734.95869294
373,44259.14760941839,4022.2248348610424,195159437.83545,77512734.95869294
374,42835.693774775646,3125.5574143401436,144046896.2134857,77512734.95869294
375,44126.71517363688,4143.696505526468,200754603.86654994,77512734.95869294
376,42756.11918053508,3071.9110480462214,140966131.0427618,77512734.95869294
377,47466.30815926281,5196.003844019984,283834090.40688485,77512734.95869294
378,42025.9017120125,2166.843256192859,91184005.78349592,77512734.95869294
379,43183.46557652297,3129.3775461406976,146179025.52364945,77512734.95869294
380,42994.30282788364,3010.259218256376,139681750.70809424,77480345.75961637
381,43166.46370026628,3423.600178385738,156499449.00942627,77480345.75961637
382,44428.660931063256,4166.394007520228,205395407.1141716,77480345.75961637
383,44036.17061321353,4141.515963260458,198768271.82133526,77480345.75961637
384,45496.76234907063,5160.203899450349,260476609.8680864,77480345.75961637
385,41574.34455972487,1962.732203930064,81651516.16695301,77480345.75961637
386,42898.589953648,3191.8290791608742,145775536.39088166,77480345.75961637
387,46162.966929641916,6281.170888641411,314910907.0986401,77480345.75961637
388,42347.97850516313,2326.8895891173925,98787060.31696065,77480345.75961637
389,43882.608049121285,3983.083715495965,191728233.6933312,77480345.75961637
390,44967.166364856195,5136.212919041739,273939740.03400135,77480345.75961637
391,42823.48640655644,2985.8461912568932,136916856.18739527,77480345.75961637
392,44265.00916984807,4143.905058535859,199897854.1784654,77480345.75961637
393,42827.451622312794,3055.255662398319,140165995.77793306,77480345.75961636
394,45986.39167493764,5539.835002738402,292178460.73753595,77480345.75961636
395,42840.58807171858,3121.6569879349913,144015506.44030222,77480345.75961636
396,42770.22757588867,3189.848263121075,145670808.80610275,77480345.75961636
397,42732.19229819176,3110.675416560858,142567832.43009737,77480345.75961636
398,44749.28088769543,4792.30453207484,256653578.25657386,77480345.75961636
399,42069.48640463137,2308.7865255731135,97310786.17072387,77480345.75961636
400,44157.907387585365,3094.273855075581,156705776.84706715,77480345.75961636
401,46457.70003827732,5129.722976057443,269131445.7591565,77480345.75961636
402,44018.471248817434,3987.5912599922185,192588743.7123869,77480345.75961636
403,45245.485852769954,4065.9111720778355,211443968.03423426,77480345.75961636
404,43883.16926538461,4012.0163379676733,193284017.069234,77480345.75961636
405,41732.69239861714,2036.8175432614175,85088072.51908511,77480345.75961636
406,43338.71709206957,3369.7935936792296,156497147.4711079,77480345.75961636
407,41867.7651420062,2456.6679012850554,103082914.89354506,77480345.75961636
408,43058.21393300946,3175.5724023805806,145859602.8962825,77480345.75961636
409,41573.89764965036,2111.446640325639,87818019.43463014,77480345.75961636
410,42813.9990038979,2967.810798690492,136067778.137755,77480345.75961636
411,43278.46196554863,3260.5740121466793,150638116.97435084,77480345.75961636
412,42913.66064677542,3124.1849026718996,144002506.26972586,77480345.75961636
413,42817.72586323919,3240.484181326539,149243185.16282207,77480345.75961636
414,42138.13599528503,2380.8664024963327,100466301.96377873,77480345.75961636
415,43919.84859675218,4137.404967195541,198038959.99715957,77480345.75961636
416,41864.14348384949,2112.160807365158,88676984.58270386,77480345.75961636
417,46054.26596727054,5978.617221508718,300217027.6021577,77480345.75961636
418,43987.8302819298,3990.056200740936,191662089.04143673,77480345.75961636
419,41944.963302951895,2551.69208645408,107154746.59586218,77480345.75961636
420,47420.780953605405,5966.718714751347,348322838.2220835,77480345.75961636
421,42835.76617617296,3123.0204036853706,141820554.3318588,77480345.75961636
422,44973.60335914528,4988.195124292938,266384922.1761492,77467908.19625899
423,44125.00199279479,4117.577036978522,196824646.9518006,77467908.19625899
424,41961.69406866012,2189.8125491213304,92507368.9103786,77467908.19625899
425,44405.022981988135,4115.480295279211,198857699.75969034,77467908.19625899
426,45271.13217296047,5101.982951337345,252271453.50064325,77467908.19625899
427,42959.63801884355,3218.0344640571498,147950135.11414048,77467908.19625899
428,44065.192710445546,4060.209778779371,195309764.28728288,77467908.19625899
429,44095.02641735804,4141.058697426021,217908259.4287122,77467908.19625899
430,46927.94490920875,6397.029487421283,324030968.28678954,77467908.19625899
431,42102.030650310124,2328.9017870879734,98277892.70605026,77467908.19625899
432,42799.233926062756,2968.9101280496607,137769082.1494212,77467908.19625899
433,46153.557220003175,6074.729064075652,323296518.30859625,77467908.19625899
434,42895.33589504668,3145.187017153309,143206386.26207694,77467908.19625899
435,43824.7040259551,3906.879251231352,187570729.3924785,77467908.19625899
436,42865.72990617055,3081.719345730453,142526291.81084532,77467908.19625899
437,41700.74063568914,1969.839626245363,82218399.8530494,77467908.19625899
438,46332.63676334811,6239.390141406981,333845732.0350653,77467908.19625899
439,42007.38841482582,2245.9268090674746,94488518.88264701,77467908.19625899
440,46195.472647475784,6060.453571918202,306730534.7753985,77467908.19625899
441,45806.48853097663,5742.135507331719,287565313.1732982,77467908.19625899
442,44160.136019244215,4259.79067721796,204321145.15950793,77467908.19625899
443,42759.300951254496,3177.813110058866,146171897.20702314,77467908.19625899
444,43999.84752235214,4177.761451928317,200550693.32801107,77467908.19625899
445,45356.24580992661,5124.615565290337,256590651.20420185,77467908.19625899
446,43706.32320625038,3990.0641177173457,191669999.39982557,77467908.19625899
447,44949.85482738053,5047.558561223804,249942476.27737206,77467908.19625899
448,42889.91708971781,3100.7157791008976,141668219.5715976,77467908.19625899
449,42888.93737250906,3015.771830001845,138738682.12678626,77467908.19625899
450,46747.90450935364,6331.720982989064,320583798.8660612,77467908.19625899
451,44612.20308884575,4391.545112045735,213710184.4478321,77467908.19625899
452,42759.52797698818,3165.8913489237166,144769597.95031008,77467908.19625899
453,42922.574616263824,3140.569251077045,144317140.45383397,77467908.19625899
454,42715.886942838806,3122.0382929978673,142452541.21395487,76799687.27860153
455,43644.61579432738,3971.9476114592762,190424630.40285414,76799687.27860153
456,44019.827116121734,4102.6619610738,198171268.4052089,76799687.27860153
457,43844.34989314336,4301.485230487745,204973399.2578961,76684120.06755221
458,44911.0756737154,4977.407298639781,245188388.3679742,76684120.06755221
459,41706.54111042939,2175.215552074621,90791228.76476985,76684120.06755221
460,45999.47555670793,4100.255650935835,222391435.71583897,76684120.06755221
461,42694.52541933343,3130.5564419327106,143461298.00878316,76684120.06755221
462,41765.40955927809,1995.4180573613467,83565494.38080171,76677441.3523569
463,45080.65505045336,5117.449016050676,252875538.21290183,76677441.3523569
464,43722.533740094994,4059.632830246935,194508166.42802095,76677441.35235688
465,41843.26975580276,2443.486494364697,102710456.00521664,76571251.91046457
466,46046.8613739715,5014.9395628836155,262214007.31157798,76571251.91046457
467,42848.6808476603,3236.1090592716555,149204376.5323139,76571251.91046457
468,43178.45965051401,3268.7966201679014,151216117.4481257,76571251.91046457
469,45900.000683145154,5041.485603757072,262036782.29972067,76571251.91046457
470,44024.3699549255,4024.3839290816954,195111417.6884001,76571251.91046457
471,41403.79542714266,1899.5526069224793,78647890.25473008,76571251.91046457
472,45708.313352703,6006.089404153807,299371553.90712535,76571251.91046457
473,47297.68138009704,7018.857719701713,362046209.12590784,76571251.91046457
474,43688.84926655272,4000.062355745601,191834753.90701178,76571251.91046457
475,43671.522709730976,4036.2131033653022,192454240.31229165,76571251.91046457
476,42684.44201264919,3018.7729487913844,137596688.71812075,76571251.91046457
477,44017.82685673793,4002.1171206080967,192230949.0050958,76571251.91046457
478,43430.333275926605,4030.0974825452404,192562883.00429985,76379867.50803128
479,42626.45725049068,3339.8078266799116,152433149.93187824,76379867.50803128
480,42794.98077940378,3193.147988348669,145580209.74789718,76379867.50803128
481,44988.08356047483,5094.280464166646,271022446.87878376,76379867.50803128
482,42440.653036647425,3198.8749556038374,145381347.74902833,76379867.50803128
483,45884.75986492599,5162.013679216845,267752219.81959838,76379867.50803128
484,43470.1228228177,4003.2587809217557,192058539.3547271,76379867.50803128
485,43612.058441236455,4049.223592405725,193770822.60805908,76379867.50803128
486,43538.09994676158,4031.8943177437804,192816579.8952754,76030269.16720954
487,44897.996881955274,5354.027226196707,263221094.6151418,76030269.16720954
488,42825.13066605091,3335.0370056770544,152297047.8627205,76030269.16720954
489,43833.64348853397,4235.710305825332,204517739.1660746,76030269.16720954
490,43331.979625236534,4082.0865216879733,195330247.53462237,75951123.9515791
491,43795.229208496086,4263.987271832919,202914626.59006858,75951123.9515791
492,41084.7751309352,2024.9820305672433,83291472.86426021,75951123.9515791
493,42245.80602353862,2907.751265214125,131651544.41483645,75951123.95157908
494,42085.596523827226,2918.957984118882,131862862.05950722,75951123.95157906
495,42300.962954461575,2903.031834891025,132705352.343749,75951123.95157906
496,42413.74329429728,3227.837916472802,146234020.72385377,75951123.95157906
497,43444.60827608018,3865.59265334914,185882661.38801444,75951123.95157906
498,42537.81728875635,3190.6982984317688,146550124.53250003,75951123.95157906
499,41597.64212100582,2365.2688957761584,98592811.0157831,75951123.95157906
500,42696.16024402054,3152.0862992816724,144759403.92980236,75951123.95157906
501,42566.11635848584,3200.9673641044305,145893357.63524088,75951123.95157906
502,44509.18590061141,5247.029496616125,254793819.7815756,75951123.95157906
503,45202.18801055767,5949.853134175974,312408800.5794283,75951123.95157906
504,43671.5176793469,4235.620720250653,201879556.35608,75951123.95157906
505,42436.1747485081,3185.6660359739244,144397905.92847696,75951123.95157906
506,43446.06151918674,4147.768624435709,218008302.63458657,75951123.95157906
507,42441.861431347344,3262.8127143965858,148457392.773727,75951123.95157906
508,46684.334142552965,6113.584491047719,316704529.30093545,75951123.95157906
509,44413.125013641686,5184.612069638482,253303771.45673418,75951123.95157906
510,43188.48816092906,4026.0842797121245,210737283.97414082,75951123.95157906
511,41411.94122956683,2254.423366840746,93604255.9464269,75951123.95157906
512,41196.51266263555,2173.921520224168,89697015.55247615,75951123.95157906
513,44308.93049975626,4210.931828616168,210527175.40413386,75951123.95157906
514,42933.878397861845,3923.653023908531,184391688.41709188,75951123.95157906
515,41006.77479672047,2056.493475595926,84348424.54190126,75951123.95157906
516,41510.073677478824,2269.0185476774254,94525720.64711115,75951123.95157906
517,45567.99879401073,6173.2062788838975,308766492.67763025,75951123.95157906
518,44760.68414012371,4417.704392042915,224210267.69563627,75951123.95157906
519,45551.02274886791,5168.136034377953,293081981.411958,75951123.95157906
520,41296.922246616174,2040.2668730357916,84363835.07194784,75951123.95157906
521,41246.23440613706,2161.9017465138686,89259147.9339982,75951123.95157906
522,44492.44357178682,4068.5500855883583,238283402.22181264,75951123.95157906
523,43724.196019777024,4325.433289509143,205376182.10073972,75951123.95157906
524,43942.07673295159,4286.236308947584,226275831.0172584,75951123.95157906
525,43780.65912691282,4212.51541947667,202668340.83952063,75951123.95157906
526,45484.7703097053,5110.555842365871,261517636.8684295,75951123.95157906
527,51332.479938438904,9013.551953291555,531162283.1737479,75951123.95157906
528,41159.4840096003,1884.162254118448,77571486.5561744,75951123.95157906
529,42105.060603997925,3219.4465720143526,144477647.92968994,75951123.95157906
530,47879.53653533022,7100.091535406564,419309170.24522454,75951123.95157906
531,41359.25037161064,2053.627303899965,85050512.88666807,75951123.95157906
532,45731.06254922511,5066.489625869118,291127912.2653287,75951123.95157906
533,43593.6159941314,4276.67529357647,201858414.13334078,75951123.95157906
534,41217.14045759992,2012.0837272360454,82967514.80827038,75951123.95157906
535,45410.106770063794,6073.345447938451,299758815.694921,75951123.95157906
536,42534.31468501635,3206.4414386558465,145534813.26280874,75692716.29685575
537,43337.66320788626,3183.662828437501,158283444.69592884,75692716.29685575
538,43487.687930559594,4190.9631890220135,197969478.96507654,75692716.29685575
539,45228.76615176456,5982.608965349633,294780772.80165255,75692716.29685575
540,42511.480465442255,3372.5309637593105,152507535.84062847,75692716.29685575
541,45259.45689376036,5201.192478406191,264882950.1405457,75692716.29685575
542,45441.62579152417,6054.599373166544,319764692.15141773,75692716.29685575
543,42413.783736995494,3253.2387006098643,146607932.30927926,75692716.29685575
544,42181.78804550467,3154.907591574359,143011171.01597705,75692716.29685575
545,46639.25797657112,6887.964881455363,348775495.5117749,75692716.29685575
546,43321.19012428334,4061.688886233962,192390879.31684157,75692716.29685575
547,44741.01511637942,5155.614237711921,251124742.47883582,75692716.29685575
548,44453.92494262873,5109.8551604382355,251015686.7254877,75692716.29685575
549,42189.74238547966,3053.440622144389,139192209.75067776,75692716.29685575
550,46430.70282373154,6149.324665297933,318169568.96826893,75692716.29685575
551,44516.164677599,5107.250514656334,252228867.22522515,75692716.29685575
552,41258.56881197621,2208.4021902941513,91627429.7850134,75692716.29685575
553,43185.57366413444,3965.8538632387254,189682983.10589522,75688774.4410866
554,45415.020050159845,6017.738042082197,318409351.40379715,75688774.4410866
555,48408.84726671792,8069.012617917468,468004401.56635904,75688774.4410866
556,43547.65024996573,3254.877521937902,160866414.35682902,75688774.44108659
557,41303.91122085504,2269.0498977285665,93728187.06450489,75688774.44108659
558,42380.35990627646,3070.1073096445093,140371422.7592432,75688774.44108659
559,44504.960458855036,4951.5854603227035,241157299.96666938,75688774.44108659
560,45138.92254691933,5048.091432910426,255460844.07522303,75688774.44108659
561,42276.13279183865,3209.8357438632825,145473316.67186424,75688774.44108659
562,42096.966298814325,3291.5111532063456,148474384.33852518,75688774.44108659
563,44145.34072487142,4980.681174764306,241760934.78970033,75688774.44108659
564,45140.05732110065,4925.053058681987,253673422.2089669,75688774.44108659
565,43319.94644339016,4064.596939315396,194628361.28820345,75688774.44108659
566,45430.52457608467,5904.336105045925,294231980.30630934,75688774.44108659
567,42197.57000037551,3016.9896535865278,136555605.36284184,75688774.44108659
568,44431.30375993159,5033.8768987684525,245507838.4440623,75688774.44108659
569,41697.5135854286,2422.9427653294797,101163287.91731857,75688774.44108659
570,44552.36391493065,5208.599151863082,253320005.5204702,75688774.44108659
571,42605.01755712855,3225.841435504862,146030148.2376043,75688774.44108659
572,41334.46859848978,2287.20958435352,94916637.34727183,75688774.44108659
573,41164.125061394545,2160.0787778102344,89080052.6213957,75688774.44108659
574,42129.87669506404,3136.6955319356407,143830965.21567607,75688774.44108659
575,44467.99704269566,5147.429775356477,250290418.2179595,75688774.44108659
576,42068.05900750763,3083.8718354639955,137809382.2587962,75688774.44108659
577,44444.55985874303,4269.620300960703,213600205.29911247,75688774.44108659
578,41193.86370770689,2259.0532036282752,93229925.92340644,75688774.44108659
579,44450.94021930245,5150.034125402504,254719703.17063206,75688774.44108659
580,44205.91440523714,5032.605798408088,264191881.47622377,75688774.44108659
581,44332.66298855789,4871.612829835825,239402066.07600078,75688774.44108659
582,44610.446624894714,5156.26901320242,250357556.88965768,75688774.44108659
583,43192.68007472275,4166.2604681091125,199270304.21384835,75688774.44108659
584,43105.44184537765,3869.7909318593765,184791417.85730216,75688774.44108659
585,42170.70601668423,3343.838697809589,149366513.8587535,75688774.44108659
586,41162.401697900605,2076.063274023375,85578747.6818023,75688774.44108659
587,42221.020546084175,3014.6574974936075,138309855.19465166,75688774.44108659
588,43539.37982521445,4055.0788005633053,194287332.6479661,75688774.44108659
589,42109.59114951233,3130.353695679969,140772253.1267979,75688774.44108659
590,45444.47271472673,6250.293434983067,308270933.9179693,75688774.44108659
591,43215.96683713021,4263.5517388915105,200694216.62512058,75688774.44108659
592,42149.8420353089,3142.671289408826,141796095.78621176,75688774.44108659
593,43300.56704929762,4135.069802738597,195721352.08855328,75688774.44108659
594,42342.053975347866,3046.4055737840217,136950976.6349038,75688774.44108659
595,41313.05071141438,2420.357286965047,100198455.69926655,75688774.44108659
596,43460.63771516342,4025.819721702471,190229577.1796154,75688774.44108659
597,41175.23694843125,2089.091794495337,86192527.93030563,75410210.17693226
598,46190.64743231206,5102.501368485891,273567155.5772643,75410210.17693226
599,41072.968108207024,2254.4474767022575,92960047.30068657,75410210.17693226
600,45157.51263185255,5775.630983235198,283019426.2117913,75410210.17693226
601,43187.00473757625,4039.99168711599,191559974.20188695,75410210.17693226
602,45364.41907681737,4102.261075767607,224341807.69166765,75410210.17693226
603,44092.449531313665,5099.405927244242,245816306.94456425,75410210.17693226
604,43166.97686189757,3936.095894696584,187777069.455048,75410210.17693225
605,41939.78660562025,3079.834863339677,138459539.87732577,75410210.17693225
606,44092.933566900596,4981.03528545557,242946015.7454092,75410210.17693225
607,45175.6112629116,5823.421554405148,287320217.87127066,75410210.17693225
608,42212.15289286531,3302.793980837659,148860046.5333166,75410210.17693225
609,40776.89250121085,2005.6506761997687,81894309.02360031,74520522.22351
610,40467.265888515285,2119.3384661504365,85880553.74284396,74520522.22351
611,41982.223634344286,3111.554277045559,139044372.64665645,74520522.22351
612,43818.54575304955,4193.180855371358,210726370.79959306,74520522.22351
613,43897.50861032228,4115.880369585357,206444777.96843612,74520522.22351
614,42849.75314317662,3325.7457270784857,161854264.1612936,74520522.22351
615,43935.92035288123,4113.513210746163,205702204.89793295,74520522.22351
616,43804.17551105415,5180.5906551660255,248443807.47463593,74520522.22351
617,41534.81476862845,3262.8054546851154,145114159.33274877,74520522.22351
618,45339.25751092892,5151.963735984583,264726801.71938086,74520522.22351
619,45069.07376892808,5210.408144643277,264193527.45914406,74520522.22351
620,46932.07870631518,6673.433307326815,343121797.33524686,74520522.22351
621,42785.00044844292,3276.748799801405,162625586.1945464,74520522.22351
622,40656.87420334805,2233.6029613597857,90969114.48590736,74520522.22351
623,42663.761899791934,4012.2658299572417,189644155.22808066,74520522.22351
624,41699.20973523434,3069.3426037811178,137683634.30791152,74520522.22351
625,40890.01313804195,2524.3506869738903,103634347.7369767,74520522.22351
626,44082.08072626537,5203.240650298733,252173425.6381043,74520522.22351
627,41668.092061012765,3094.755662026478,139141242.00480923,74520522.22351
628,41452.038682570404,2987.6189349794504,133864899.4880851,74520522.22351
629,42786.703862915565,4066.3947863748836,192183879.32073206,74520522.22351
630,43626.19519242244,5193.840710112003,249907312.78139123,74520522.22351
631,41516.26614543887,3129.21433538751,139175878.59383184,74520522.22351
632,42480.345283237315,4137.801001744007,192121966.59194604,74520522.22351
633,43402.407499155495,4790.052078420747,227728564.17104775,74520522.22351
634,44047.49915721102,5290.769581694834,255247103.17114037,74520522.22351
635,42604.81079810724,4287.03555463638,199773549.80074865,74520522.22351
636,45863.41563920979,5110.641558533861,272258947.5518357,74520522.22351
637,46218.858795552944,7125.686131727341,354751282.76133615,74520522.22351
638,48196.35316197736,7130.202333683426,378985927.3709399,74520522.22351
639,44142.288262092865,5139.184012635594,248857902.67515498,74520522.22351
640,41702.437458998465,3173.5273304177526,141482820.05240613,74520522.22351
641,40638.92839135297,2158.886074454892,87822751.99670722,74520522.22351
642,43497.26293815731,4980.2930676441265,259068051.63021153,74520522.22351
643,45795.2519931718,6870.103336783072,359819442.1264516,74520522.22351
644,41459.35667205452,2948.3254012158523,131778423.66891822,74520522.22351
645,42344.865888541426,3933.3449880899702,203261334.7858216,74520522.22351
646,48241.19673385184,7008.199327739841,376022125.8106242,74520522.22351
647,46330.122102549576,6994.461581336017,370727737.09262335,74520522.22351
648,44816.85985890379,5861.056956900508,286907949.7766324,74520522.22351
649,42337.16382040588,3901.8356998077047,181223093.25497732,74520522.22351
650,41520.12118775903,3309.841517299803,147213807.75486368,74520522.22351
651,43476.73409228498,4047.8053428397143,200643806.1091327,74520522.22351
652,43853.22942556528,5021.884074869064,242741777.21328837,74520522.22351
653,44607.96803341127,4862.216636265583,243803175.39327955,74520522.22351
654,41810.997190134265,3274.3417551124667,147362496.90206644,74520522.22351
655,40556.339683891085,2147.952455609934,87317772.57887453,74520522.22351
656,41659.60685004518,3188.50836859255,140729506.5907566,74520522.22351
657,42495.520201103136,4118.037166776111,212987877.48303875,74520522.22351
658,41610.78267123847,3047.327492922551,136667360.84154007,74520522.22351
659,41769.880743243564,3221.824317356318,146705354.32487336,74520522.22351
660,41310.3392945651,3074.025648502514,136394375.06721506,74520522.22351
661,40406.83266978196,2069.1500114294313,83647266.10815942,74520522.22351
662,43652.91147911498,4281.028803219609,211138813.6854402,74520522.22351
663,42653.4293365039,3874.736992506929,181817494.97118893,74520522.22351
664,42610.39401049256,3943.759882004607,206532750.1780271,74520522.22351
665,43692.19685807869,5119.556030666234,244738866.47835732,74520522.22351
666,44877.82695251801,5303.750711935866,269496631.2314695,74520522.22351
667,44626.77617472649,5864.539690193354,305089173.41928023,74520522.22351
668,41235.82324733405,3097.443823938065,137192864.5875321,74520522.22351
669,42489.10158116167,4093.406811853788,192759602.3443904,74520522.22351
670,41999.79600587284,3207.5573829148716,142931957.3081251,74520522.22351
671,40604.86679239698,2209.4195191634926,90078372.1703279,74520522.22351
672,47995.81286827508,8128.294678278538,450317340.5037802,74520522.22351
673,40525.376279211705,2027.8913140383302,82303996.551491,74520522.22351
674,42457.62225150319,4086.8963696922947,189287250.08040357,74520522.22351
675,40765.159123955775,2418.6303049183157,98883339.05497988,74520522.22351
676,40366.109834047114,2013.3383808105123,81327834.8155659,74414332.78161769
677,46052.35077440698,6882.9441940891265,361345329.52341294,74414332.78161769
678,41475.9018421055,3212.079191363274,142501405.69570288,74414332.78161769
679,42973.21377571031,4112.486636598818,192714167.13132483,74414332.78161769
680,43013.67685436149,4189.071666511212,216554611.7491827,74414332.78161769
681,43715.85159884618,5273.920475413189,252738030.13102293,74414332.78161769
682,44193.087155434936,5191.7769675209365,272038050.2776237,74414332.78161769
683,41797.4947498275,3313.229415984473,148053042.32717124,74414332.78161769
684,42660.897103140785,4051.1466795876986,187668230.43270952,74414332.78161769
685,42437.05578419019,4033.0350768851545,188398942.90163836,74414332.78161769
686,40786.01574552596,2378.7941229182693,97483035.0344499,74414332.78161769
687,44623.84399572211,4820.898285832423,242276958.67233577,74414332.78161769
688,42490.38255379572,3856.2309047074677,180039535.59572262,74414332.78161769
689,45012.38635624508,4179.953858305918,221687724.0839662,74414332.78161769
690,41590.75337990005,3236.890696726628,142529505.95401677,74414332.78161769
691,43369.579574764364,4922.821829691413,233895756.8006917,74414332.78161769
692,47067.17572059498,5974.423753593544,316423560.36969393,74414332.78161769
693,46923.957289565624,7062.44912867136,364116994.3612935,74414332.78161769
694,41935.368202036385,3421.8392261156127,154512593.63827705,74414332.78161769
695,42335.06344031071,4106.673584893706,190944587.242047,74414332.78161769
696,42411.42458775436,4113.580592263535,191823169.63236243,74414332.78161769
697,42282.88124826231,3842.2921475294556,178105880.70838165,74414332.78161769
698,50027.21129632123,9728.034310191195,524717423.82429266,74414332.78161769
699,45859.405708937134,6812.303860054856,336250660.3475985,74414332.78161769
700,42575.04552565362,3978.4289022098455,185251730.9129862,74414332.78161769
701,40479.22757354516,2157.4246924826716,87369309.32065237,74414332.78161769
702,44946.16143519649,5148.528382153054,260501531.53111562,74414332.78161769
703,41823.950291408815,3188.200850855843,143105671.10637867,74396001.48400852
704,42823.94731575857,4226.996484742,198644126.35453242,74396001.48400852
705,43500.02854976615,4882.783528337792,233911552.60370153,74396001.48400852
706,44527.136404262885,6003.830307862304,290787871.1186886,74396001.48400852
707,40310.34559837794,2041.0652837429927,82347999.80891891,74396001.48400852
708,42718.00882436109,4126.118391111762,191844065.88188705,74396001.48400852
709,42975.74946776377,4413.110983195542,206761584.8959562,74396001.48400852
710,44687.67525720524,5137.357970100794,288859472.85550755,74396001.48400852
711,41601.121749073835,3111.3158843533333,139163593.80505276,74396001.48400852
712,43570.74608733923,4833.563610111109,230538813.41329202,74396001.48400852
713,43743.63811531785,5232.146746143647,251707042.58446217,74396001.48400852
714,43764.3328179747,5297.399365230208,250966190.4871722,74396001.48400852
715,43547.7608816738,4753.85816719242,228238385.9155817,74396001.48400852
716,40835.19659691618,2426.4003693887835,99321707.44197246,74396001.48400852
717,44794.557744154794,6004.605543784363,293028601.82386875,74396001.48400852
718,41416.93219805493,3125.994128375801,140033911.81415498,74396001.48400852
719,42659.41883568565,3977.7969485590656,183627208.48106116,74396001.48400852
720,41318.2008705475,3269.787683037364,143907737.302121,74396001.48400852
721,43843.740928560794,5018.233600347665,241417840.33925065,74396001.48400852
722,42195.899944313875,3973.8227800237282,184586130.10276437,74108421.92342138
723,40724.51249316633,2269.893104809881,92777925.37560388,74108421.92342138
724,44474.24841696039,5881.598514077539,286504682.6259279,74108421.92342138
725,42154.42874719321,3954.3316202522087,182012332.91520047,74108421.92342138
726,40126.75690669262,2130.6669235336335,85531698.51743373,74108421.92342138
727,41238.900648161754,3092.031678841209,137191243.37302622,74108421.92342138
728,43447.15352759757,5094.77139734789,242098322.4903853,74108421.92342138
729,44678.8049205,6127.664755283403,301445555.80406624,74108421.92342138
730,44569.04477270079,5901.051727431342,287739806.0624316,74108421.92342138
731,41306.64617229804,3057.6309304766282,135732481.5795967,74108421.92342138
732,44403.14385439826,5739.00534680962,280259610.0563233,74108421.92342138
733,41848.73972281906,3243.3639509037157,147728861.49996483,74108421.92342138
734,41635.2017510291,3313.987359695732,147030693.92816094,74108421.92342137
735,41726.31986446332,3199.5244822829454,144074618.08928627,74108421.92342137
736,43414.13514860855,4869.097864046127,233426787.54765487,74108421.92342137
737,40343.761481751964,2049.5035011169757,82808334.63167366,74108421.92342137
738,42497.65618517725,3906.034674163612,181155127.9703355,74108421.92342137
739,45528.1496626055,5995.471433616656,302433404.39345485,74108421.92342137
740,43498.43650996128,4125.965051213732,205775092.23905253,74108421.92342137
741,45562.54194456679,6982.134004669667,362861530.1290336,74108421.92342137
742,43277.85020055266,4915.661592139913,233926104.90629005,74108421.92342137
743,41551.23797420928,3060.8764325218226,135578986.44870645,74108421.92342137
744,48653.730704989684,7631.116133396276,405307584.35658026,74108421.92342137
745,47446.03332090276,6848.617661599803,422058988.2193515,74108421.92342137
746,45928.661233002305,6223.557363955736,314340704.9973668,74108421.92342137
747,42351.04418064369,3045.5843251032993,147514143.4769316,74108421.92342137
748,41445.30824961865,3012.491454593045,133567786.46866031,74108421.92342137
749,40373.120235118025,2233.282619514697,90412092.00646386,74108421.92342137
750,42374.67252339325,4217.028392256357,195780599.46145645,74108421.92342137
751,42544.545118005524,4009.4425850685243,184897031.26245767,74108421.92342137
752,43387.258905632945,4840.922933806263,232112938.2237754,74108421.92342137
753,40190.47591108243,2220.6575084700576,89458598.84587625,74108421.92342137
754,41420.80784173606,3197.7873347590453,141546052.37975094,74108421.92342137
755,41314.55122900785,3143.160463773051,139817824.51577255,74108421.92342137
756,44294.79079287153,5723.194641590288,276158216.3990752,74108421.92342137
757,44689.8758857466,6074.505453536268,296020775.40928566,74108421.92342137
758,44475.32071703867,5829.721145569734,284684902.55644786,74108421.92342137
759,42816.56328240824,3905.08703205821,181785389.4765377,74108421.92342137
760,43614.31717683404,5057.281329919098,241318342.0169073,74108421.92342137
761,43375.4448587689,4863.131651465126,231237473.64275724,74108421.92342137
762,42472.49172689362,4028.642667903549,188009726.8447791,74108421.92342137
763,43705.04732642006,4245.205411438352,209275928.36912462,74108421.92342137
764,46510.41476520777,6917.179365342023,355140294.221309,74108421.92342137
765,42542.46279817764,4234.078291075982,195673909.51295456,74108421.92342137
766,41253.25355518439,2961.457567542403,130363719.97921169,74108421.92342137
767,41289.64192000484,3012.9414031761376,133727004.57233909,74108421.92342137
768,43777.344670672566,5158.743107376507,247054696.5145,74108421.92342137
769,42445.43266693168,3861.1893026345147,180145257.49263963,74108421.92342137
770,42439.754511074345,3939.160095602412,181484633.62684327,74108421.92342137
771,43232.067210757414,4858.638552483571,230606756.01697072,74108421.92342137
772,47732.52981440344,6948.580620164668,390497337.50771725,74108421.92342137
773,40202.33991839719,2114.3184006723613,85102062.45560858,74108421.92342137
774,43308.71555611033,5058.367664592743,259383189.22987977,74108421.92342137
775,40314.79920376339,2227.856412516581,89925078.95552167,74108421.92342137
776,41589.37616171732,3251.187613817198,145241805.6025001,74108421.92342137
777,41697.24126719426,3184.3274545690106,144471479.0502828,74108421.92342137
778,40383.56787659595,2089.0241850719603,84529215.76827925,74108421.92342137
779,42288.445122819816,3969.08618387873,186251826.98766604,74108421.92342137
780,42643.924717010195,4122.161185423231,192263869.42055982,74108421.92342137
781,42439.91571894089,4136.760032920431,191957649.4091886,74108421.92342137
782,42326.511029284615,3178.651505321922,153115834.12007433,74108421.92342137
783,44317.11635573806,5060.931349072305,253805153.82229248,74108421.92342137
784,42521.563722918116,4150.674074538512,193541048.68161958,74108421.92342137
785,41400.41421429982,3026.3535573492018,133329382.97961254,74108421.92342137
786,42394.506164755774,4109.920128146312,189631357.09909853,74108421.92342137
787,43465.62225258754,5126.296173534909,244198633.49376684,74108421.92342137
788,41834.68076399485,3402.3188063058974,151110094.17857447,74108421.92342137
789,40288.84992339285,2077.5141741210646,83955864.58229783,74108421.92342137
790,41486.46778519263,3225.5238087739112,142742912.98099163,74108421.92342137
791,45425.363069853694,5762.7354660641695,325092978.2812175,74108421.92342137
792,42309.604042612045,3859.3187596053526,180104319.5174958,74108421.92342137
793,42790.34226057163,3302.0729355306125,161014357.80699423,74108421.92342137
794,40419.646001635454,2327.8588911703782,94214149.84257828,74108421.92342137
795,43473.68275605991,5026.704496970456,242100117.2035715,74108421.92342137
796,43726.19737352703,5087.235660624471,244823831.94390813,74108421.92342137
797,42143.10646572309,3371.9971593450164,150997954.76576316,74108421.92342137
798,41519.42985811473,3029.83499444581,133728781.81310149,74108421.92342137
799,41104.70086164374,3110.704988947817,137332850.59955397,74108421.92342137
800,41278.64411650265,3028.0302559720776,134455154.4850742,74108421.92342137
801,42547.81923277731,4180.225538191821,195801905.85416192,74108421.92342137
802,40516.235824181895,2149.443800826981,87401434.46321774,74108421.92342137
803,45675.191163200616,6741.781670788798,333352845.0917732,74108421.92342137
804,41130.28288038004,3165.5094321281913,139432742.60084116,74108421.92342137
805,41585.74589040202,3321.4656188745007,147406492.1452796,74108421.92342137
806,44798.44857341169,6067.550614549575,297415699.8618857,74108421.92342137
807,41502.36727773832,3154.2511590397094,139915599.64233083,74108421.92342137
808,41264.198052921514,2917.1963526330683,128624462.60509665,74108421.92342137
809,43345.33065412884,4137.729570619375,204268001.08302373,74108421.92342137
810,43591.27296192339,5079.400909693542,243024659.688659,74108421.92342137
811,43286.01687909819,4835.0837021326715,229235508.96224532,74108421.92342137
812,41525.54231333639,3047.1794659678358,135809916.96110454,74108421.92342137
813,42980.23224208998,3367.5027275812818,163535282.77063963,74108421.92342137
814,43608.12452744096,5255.639304539819,249086264.65330482,74108421.92342137
815,43404.00143502715,4093.454580623792,205123246.61365807,74108421.92342137
816,45073.709186508626,4534.41576231353,239576198.84412774,74108421.92342137
817,44230.8529986893,5893.652369883266,286224846.45999134,74108421.92342137
818,44754.124563012134,6167.736370064036,318519010.965618,74108421.92342137
819,43258.17463843919,4883.866148523518,232971978.73151866,74108421.92342137
820,42056.7564954351,3730.971201833221,171994476.51388776,74108421.92342137
821,41181.75185575072,3035.988023543295,134611570.90678257,74108421.92342137
822,41311.00616340415,3169.0487172534495,140407012.70186195,74108421.92342137
823,45407.337478635614,5994.153585044142,305456540.9352146,74108421.92342137
824,41751.322913051954,3058.6016404451684,136648030.13445503,74108421.92342137
825,42805.671072203935,3943.5099091041566,186487258.08756265,74108421.92342137
826,42336.77397793852,3932.1839435349584,183720971.76694518,74108421.92342137
827,40360.10271138548,2217.2741552742054,89649509.24725899,74108421.92342137
828,44853.10993758293,5956.184044246215,291537630.35774326,74108421.92342137
829,43492.76915468287,3930.3955368842057,193582007.818674,74108421.92342137
830,41128.049201514565,2940.3829971779624,131061713.8948907,74108421.92342137
831,41184.7438666046,3024.6269777075136,134229675.30477506,74108421.92342137
832,47507.62785764562,6674.190697899884,353258290.8227732,74108421.92342137
833,40490.7095149028,2283.339538132035,92769748.2624592,74108421.92342137
834,44469.98948693304,4984.402563329775,250308102.8194282,74108421.92342137
835,42443.67581573899,3945.9892375396057,182990471.8027807,74108421.92342137
836,42512.07387887314,4054.940980109515,190060002.22735843,74108421.92342137
837,42837.490999483125,4270.367917003516,218155562.87150902,74108421.92342137
838,42419.55560754701,3980.6438440590114,184626462.5089463,74108421.92342137
839,42670.49251769688,4276.405439058297,199691401.44393772,74108421.92342137
840,43483.99605283219,3980.8708568972097,197678139.79187447,74108421.92342137
841,41153.092715742496,3058.3446344977197,134580367.54410076,74108421.92342137
842,41456.08668841341,3190.230120226869,140854135.69929618,74108421.92342137
843,41680.010245309,3250.427859081803,145598512.2510946,74108421.92342137
844,42598.93522110784,4246.987261560409,197559229.8966492,74108421.92342137
845,42241.097123206906,3878.355113978255,179905076.71543416,74108421.92342137
846,45452.861173825586,5973.862084787446,321474779.9806288,74108421.92342137
847,41414.30847985847,3245.5891249920974,143162739.4017975,74108421.92342137
848,43488.49771018313,4844.473369320384,233415157.73073277,74108421.92342137
849,43538.606199294634,4967.681990405804,237400033.1239868,74108421.92342137
850,45824.676185201206,5961.898769414637,306634732.36812377,74108421.92342137
851,43860.11179905627,4910.851431847137,237080904.33998483,74108421.92342137
852,45664.387748021385,5880.343695940441,296356184.601459,74108421.92342137
853,41546.50010069144,2884.62846595311,129688283.91600688,74108421.92342137
854,42942.55890589018,4026.047319967368,190434605.70223436,74108421.92342137
855,42206.35873448868,3808.5227693813213,176577752.56893808,74108421.92342137
856,42509.00424467462,4131.588941341082,192777971.6534055,74108421.92342137
857,40582.420493269754,2364.4926674932394,96098715.7197842,74108421.92342137
858,41222.208431420106,3131.727613432536,138556417.60972774,74108421.92342137
859,41412.43180207694,3152.398184836634,141402035.4463032,74108421.92342137
860,42470.00628453743,4184.136030651648,194065859.18070605,74108421.92342137
861,41038.942197170945,2867.6724417015203,126239782.67743154,74108421.92342137
862,43189.47820202472,5081.655224647622,241722024.48410636,73820981.24858744
863,42283.05507751664,3992.6982563754113,183938632.66435832,73820981.24858741
864,42267.966190008425,3912.1658140288505,181563833.74557266,73820981.24858741
865,44218.00844488388,5030.434545336093,252161322.47165832,73820981.24858741
866,46000.19275842904,6628.769157834371,329362194.48929787,73820981.24858741
867,39992.65720623135,2147.5425273688334,85978858.99494724,73820981.24858741
868,39997.51454611531,2095.1860207715035,83913886.58815841,73820981.24858741
869,44329.280697521055,4918.95276633321,246263309.0407516,73820981.24858741
870,42941.93552427547,5068.60777269316,240035762.46008912,73820981.24858741
871,42437.690218345415,4138.978583469398,191548385.3823167,73820981.24858741
872,45190.07948962116,6811.801910119274,333795716.8248669,73820981.24858741
873,41262.80176438965,3219.7524903876047,141844264.33624664,73820981.24858741
874,43621.336776535994,5296.701517422212,256707600.60046571,73820981.24858741
875,41234.321397077954,3231.127207136753,143523529.36714563,73820981.24858741
876,42233.36177130141,4018.366974419023,185073353.4036862,73820981.24858741
877,42217.512858523245,4160.018622909786,193091719.34003815,73820981.24858741
878,45467.53619702976,6623.940887140758,322471637.29921484,73820981.24858741
879,41151.47058884221,2824.9386394058934,126482273.9693543,73820981.24858741
880,43256.9511721957,3997.3535971969263,198100606.37811527,73820981.24858741
881,40848.17658972026,3054.6614215560194,133469443.45609877,73820981.24858741
882,46367.58004330423,7621.084037452609,399696459.8947717,73820981.24858741
883,41118.56114387476,2861.747679534018,125944261.89537008,73820981.24858741
884,43264.12229020251,4992.857383768891,236978878.43369803,73820981.24858741
885,41234.70040968309,3166.1037274495416,140345815.78145835,73820981.24858741
886,43332.321034020126,4846.6478163822,230010619.61152738,73820981.24858741
887,44500.00858857409,6081.185522977916,315341994.18509024,73820981.24858741
888,45303.81988141847,4743.618998062993,248880940.04837155,73820981.24858741
889,43339.49828892646,5125.534932829104,242706936.55590352,73820981.24858741
890,42525.06334379201,3986.3781106424503,183519833.0589805,73820981.24858741
891,40999.20942062338,2900.888921184653,128282463.64500901,73820981.24858741
892,41167.53092465717,3148.905883669163,138858820.3889305,73820981.24858741
893,42389.88968261685,4109.298187234218,192344512.80486673,73820981.24858741
894,41283.245004414675,3238.942368536572,143275624.30761987,73820981.24858741
895,41090.148061273474,2980.6944307785307,132168165.15170917,73820981.24858741
896,44571.961586175246,4847.729187844032,243978483.16687244,73820981.24858741
897,44386.83266007637,4790.171523366141,240342666.69610843,73820981.24858741
898,46526.16955567892,6547.154805154189,333243906.5471439,73820981.24858741
899,43454.04612845568,5021.168606512316,241072562.4941749,73820981.24858741
900,41295.151674090666,3180.9564885395516,139944598.99065214,73820981.24858741
901,41374.16866462326,3219.976000205698,142587976.27565032,73820981.24858741
902,41435.96884724144,3151.941105903644,142715180.31425208,73820981.24858741
903,40903.22482015785,2908.3379578534746,127417915.96496446,73820981.24858741
904,43156.21137424483,3948.310121742407,224424597.8225116,73820981.24858741
905,40131.46580575321,2075.0841280247187,83386553.21860449,73820981.24858741
906,43300.29745322666,5039.588216264015,259230734.41925988,73820981.24858741
907,41210.069986122784,3194.0121158348165,141107607.90998822,73820981.24858741
908,42252.34031973688,4143.430684980911,192872677.34107313,73820981.24858741
909,41421.74304351523,3295.8720592576547,145989725.80305535,73489191.8360627
910,42187.20431249847,4080.2016789172167,189241650.10426795,73489191.8360627
911,40078.14980394162,2172.877063117103,87258302.60097574,73489191.8360627
912,41466.05172844378,3139.8156545128004,138385204.12903136,73489191.8360627
913,41982.36245795143,4013.05955710288,185965150.10675067,73158624.36659913
914,42715.27842803175,3257.1997899341104,156941080.574903,72386532.6703838
915,41612.59507020296,3053.087823323124,137367950.9849524,72386532.67038378
916,41851.56907212762,3101.031846744877,141079835.03330755,72386532.67038378
917,42825.828634503596,4375.082914772704,204155299.4976492,72386532.67038378
918,40488.49090969828,2078.9288910569594,84224587.90362112,72386532.67038378
919,41658.27220851568,3141.401687753467,140333764.6276281,72386532.67038378
920,44864.39102648358,5642.218119837701,275447156.5144002,72386532.67038378
921,42732.31319054752,3985.8569572142565,186028839.1043547,68195789.1260609
922,42566.11457537992,3044.500798261265,151170783.49845195,68195789.1260609
923,42952.16376402066,3998.4879598370294,185584566.4609527,68195789.1260609
924,42697.77766591077,4227.697228378455,198093354.06658852,68195789.1260609
925,42882.79682743776,3894.685551744836,184195875.61213145,68195789.1260609
926,41538.19517532897,2923.6161905811086,131958029.01606913,68195789.1260609
927,44191.92393944615,5077.9272055624615,248030303.7313889,68195789.1260609
928,43040.76835189839,3984.5341693585847,187293167.9351148,68195789.12606089
929,43824.78995857504,5065.765236089689,243506221.3753882,68195789.12606089
930,47059.95866946888,4987.216250744254,277097086.75604963,68195789.12606089
931,42607.52259293765,3902.3957054316315,182558758.18850702,68195789.12606089
932,45078.41891367867,5985.9109742158835,313118739.0446398,67571631.40424077
933,44644.708401892836,5082.77600425717,256456158.014304,67571631.40424077
934,41094.82377406382,2932.0792795511293,128965027.76811132,67571631.40424077
935,41341.416114947126,3178.1645981677484,141348840.01711696,67571631.40424077
936,44727.985383500716,5137.461978372498,262558201.48349637,67571631.40424077
937,43691.84676312002,5135.68970906333,267336975.3749323,67571631.40424077
938,43340.458601348735,4731.040984171699,228281762.0240143,67571631.40424077
939,45922.85991845737,6027.139755865451,308830176.81408775,67569143.60227193
940,45586.443226337564,5984.449354254575,305068004.37657386,67569143.60227193
941,43332.38499915776,4878.8030724288155,234956366.24779138,67569143.60227193
942,42193.00363457777,2945.393810184694,146049903.10783947,67569143.60227193
943,40430.44860572012,2093.2496993599343,84729495.74853233,67569143.60227193
944,43475.1873261928,4943.730637551337,237687338.40727466,67569143.60227193
945,40306.78091896405,2118.5800535973785,85581563.11605121,67569143.60227191
946,42300.46752682692,3075.5243061596384,151257975.7471436,67569143.60227191
947,43459.955437608376,3966.4653216057827,197010685.35713196,67569143.60227191
948,41294.01331205049,2731.68056841298,122299427.53869529,67409595.32276098
949,43363.305461579104,4028.025511796127,201791748.9611853,67409595.32276098
950,42341.29225723081,4067.482830693442,189891362.26643258,67409595.32276098
951,42521.63643192142,4024.898890842378,186796543.49868578,67409595.32276098
952,41648.130610174514,3251.5994030424927,145004141.7559895,67409595.32276098
953,42124.256706394444,3830.911310483482,178643262.87418586,67409595.32276098
954,42441.33838910252,4122.940346869943,193381651.06447762,67409595.32276098
955,43331.31369089892,4240.9463903074675,209199533.57287258,67409595.32276098
956,44628.66362582748,5810.581438156116,283573411.9642147,67409595.32276098
957,42163.56645852026,3858.27391088625,181239267.25035506,67409595.32276098
958,44452.4083042864,5035.530892772659,254105522.8278521,67409595.32276098
959,43493.556639465736,5249.924959162456,251700350.7847537,67409595.32276098
960,43219.43620550268,4942.996455841576,234956931.59439883,67409595.32276098
961,42460.922188314114,4197.370531606602,194784545.9379061,67409595.32276098
962,42011.0853975719,3911.3316228732087,182733334.1227942,67409595.32276098
963,40535.96158960504,2072.12359492439,84423597.45711918,67409595.32276098
964,42230.87480842689,3946.709306857147,183493169.05037916,67409595.32276098
965,45497.772968098616,5852.801089487915,299651431.58106476,67409595.32276098
966,40986.66915081444,2841.37484037938,124870750.51773521,67409595.32276098
967,45655.6671940468,4240.504678895575,285859242.82767594,67409595.32276098
968,40534.08654927182,2454.625030434427,99856230.13230094,67409595.32276098
969,42197.3239248701,3928.8191451512853,184814911.36774552,67409595.32276098
970,43881.83810630751,5104.804770411923,244766776.58834943,67409595.32276098
971,43442.52070965209,5103.2364992997045,242568899.4217825,67409595.32276098
972,44482.83751597591,5052.195367597676,254267517.28664604,67409595.32276098
973,43365.63173118686,4893.440421624999,237843738.60598645,67409595.32276098
974,41113.82121135506,2888.002839976941,130539315.5617837,67409595.32276098
975,40170.55019228872,2039.5072864214533,82114947.29424301,67409595.32276098
976,42679.504615312755,4099.266469816367,193896570.69060895,67409595.32276098
977,43405.57303317842,5127.668119067931,243647533.96550664,67409595.32276098
978,43658.01813518937,4201.424592709053,207926526.12841338,67409595.32276098
979,43782.29965348147,5185.104626990511,248401131.83123988,67409595.32276098
980,45450.425060621994,6068.235199942734,326754281.381921,67409595.32276098
981,43061.58069565847,3838.8616844617763,190262335.97911635,67409595.32276098
982,40231.906918644054,1901.749949483507,76701729.40780175,67409595.32276098
983,42448.02106583303,4062.635028646473,188778997.75379816,67220422.24512051
984,43560.96160055199,4071.638761901704,206402180.59640414,67220422.24512051
985,45353.8061382859,7081.740432616888,367078413.89034575,67220422.24512051
986,42374.11158263018,4231.909627691309,195243504.53736162,67220422.24512051
987,44393.70700577243,5209.911335964805,265599359.7171002,67220422.24512051
988,43069.07522082712,4950.179746649232,234648848.66923547,67220422.24512051
989,42318.063585614946,4039.980690928753,188906414.59206554,67220422.24512051
990,41926.79033365901,3813.872170026695,177683348.40208736,67220422.24512051
991,41232.37683644872,2981.889812358867,133370627.05021659,67220422.24512051
992,42764.49722771754,4148.0799062066835,196801841.9050613,67220422.24512051
993,41424.109752214266,3178.6926972022575,140471024.59596545,67220422.24512051
994,41524.98379521299,3255.382109326855,145892194.73694175,67220422.24512051
995,39824.32058659032,1877.717216789104,74823782.07433927,67220422.24512051
996,43245.306806123015,4827.2879300653185,230435609.12394032,67220422.24512051
997,41048.17896455727,3062.7308823003696,134720456.17778325,67220422.24512051
998,43329.19515926725,4047.9514584033413,198462282.19168767,67220422.24512051
999,44202.48170033688,3862.0278096448906,205237821.7704409,67220422.24512051
1000,42922.480989773736,4731.275986611823,224754504.7224339,67220422.24512051
1001,39979.48985158679,1951.3898694121756,78081436.38072184,67220422.24512051
1002,43098.740107090634,4851.799275564774,231883427.24353117,67220422.24512051
1003,44139.934292675396,5763.616512013301,298796695.8937813,67220422.24512051
1004,44163.83891078392,3997.4179580302502,211906184.72004837,67220422.24512051
1005,39949.705489954795,2026.5790395911808,81069467.19680193,67171739.8243054
1006,42061.60513293148,3975.086293109575,184195136.26871216,67171739.8243054
1007,39918.473574630756,2070.63936131773,82731496.38432184,67171739.82430539
1008,40996.09150959384,2892.475150727064,128755277.96069455,67171739.82430539
1009,43594.33070142745,5195.178946325054,246081213.64458084,67171739.82430539
1010,40849.67169965136,2887.906920034961,127493946.81826279,67171739.82430539
1011,42165.11950705715,3722.250149651484,172585853.4470009,67171739.82430539
1012,44252.977573284996,5011.220829572392,271753460.9268985,67171739.82430539
1013,41084.19949443601,3059.8548385384975,135137928.07883573,67171739.82430539
1014,41384.26233321331,3086.049898154458,139078423.37462643,67171739.82430539
1015,42020.6280056216,3896.1933514945463,180043629.63588375,67171739.82430539
1016,40028.592787113,2094.1455538176215,83981453.31724352,67171739.82430539
1017,44486.1226306884,4890.862329545249,246515764.5416072,67171739.82430539
1018,41039.281640165915,3332.972913334136,146133193.27199703,67171739.82430539
1019,41264.83729938157,3123.653992494048,139012215.40277588,67171739.82430539
1020,43162.466225176395,4814.5551911642815,229403667.73920998,67171739.82430539
1021,39829.13595158974,1912.212863273549,76193799.88112065,67171739.82430539
1022,43495.85085185024,4978.591986083363,237634159.21480426,67171739.82430539
1023,42343.84343714234,3961.02498038013,184512155.95308548,67171739.82430539
1024,39817.18801564572,1936.4048354732313,77124579.89084853,67171739.82430539
1025,40220.15266647899,1982.2093031914314,80018545.8445468,67171739.82430539
1026,43734.580830304956,5145.0951389101565,248101080.150318,67171739.82430539
1027,39772.310605835046,2010.016858895459,79973219.75934884,67171739.82430539
1028,42951.07001055119,3970.2170780661627,195838685.02248803,67171739.82430539
1029,43312.162793613395,4886.909235101348,233546110.03901243,67171739.82430539
1030,43178.1532355312,5081.372689281685,242536102.77841347,67171739.82430539
1031,41418.02542555997,3265.3435882204585,145920337.83198726,67171739.82430539
1032,41497.306053863365,3446.431628743333,152875730.3437944,67171739.82430539
1033,39971.946289402,1982.2828500629603,79361197.5915247,67171739.82430539
1034,43811.10124041963,5142.426331900444,263682174.69564503,67171739.82430539
1035,39636.03993589316,1952.012743952097,77387106.00899413,67171739.82430539
1036,43505.20122634978,4928.838883187718,236074645.04009452,67171739.82430539
1037,44393.63046535634,5157.298947918875,258680547.14042726,67171739.82430539
1038,42300.23312336153,4106.87105123154,188645868.68817607,67171739.82430539
1039,42801.25040255599,4464.597394963581,207605541.45914596,67171739.82430539
1040,41154.51582080942,3001.772409634106,132562674.4864035,67171739.82430539
1041,41064.81713699231,2969.591803940629,131878956.22969162,67171739.82430539
1042,42485.19201734357,3148.7599327961243,153419220.08127782,67171739.82430539
1043,43231.48243548053,4934.861968013885,234957457.91828698,67171739.82430539
1044,39984.82333601282,1935.9878606915197,77493862.8063471,67171739.82430539
1045,43263.94912229657,4896.101937772852,235627529.39184824,67171739.82430539
1046,41969.79177029149,4151.846860243737,190924481.47905093,67171739.82430539
1047,43105.60924595057,4921.2601200554,234825694.67593646,67171739.82430539
1048,40437.77567957671,2562.273878236515,104077111.6867915,67171739.82430539
1049,43942.954044014245,4932.9970088385335,238233460.75933594,67171739.82430539
1050,44496.03749119294,5173.084640632414,257856428.39996353,67171739.82430539
1051,40936.68340105811,2909.907959367232,129347963.29900184,67171739.82430539
1052,46535.90520628186,6961.9047355540115,378199458.07260215,67171739.82430539
1053,40916.7386726459,3077.1319067356317,136862617.50181508,67171739.82430539
1054,40984.10884068771,3036.26418796757,134147631.84737816,67171739.82430539
1055,41630.63597677454,3268.863109918671,148676526.52977479,67171739.82430539
1056,41153.599177097414,3066.032518208729,136175178.83303815,67171739.82430539
1057,40309.37872213608,2020.540606327838,81630310.53133431,67171739.82430539
1058,41396.81130198894,3187.6000112276756,143627683.22613683,67171739.82430539
1059,42335.50722495717,3991.3045826402995,186392187.0325197,67171739.82430539
1060,40981.81033600015,2988.8132132472265,133243348.7690527,67171739.82430539
1061,40869.16311603319,2698.453929536594,119260559.57380041,67171739.82430539
1062,43673.96737801125,4040.62661064981,204955420.90900642,67171739.82430539
1063,42326.86225878053,4254.782276347536,196980238.28328073,67171739.82430539
1064,46339.27678155579,7703.736824422199,384058492.2429598,67171739.82430539
1065,40910.621555295395,2976.4396705685585,131350418.47239876,67171739.82430539
1066,41116.21187202946,3127.925810945235,138454780.09412715,67171739.82430539
1067,41196.67101483322,3034.7712998376237,133418072.60296443,67171739.82430539
1068,40046.46081963212,1936.6332597992848,77642305.01396593,67171739.82430539
1069,41064.69664655341,3191.427319962911,141490018.04036552,67171739.82430539
1070,40056.51885866294,2094.861120709445,83989181.73595572,67171739.82430539
1071,44409.90257433076,6004.828543738406,314191066.9935574,67171739.82430539
1072,41369.70380594167,3012.7460521429066,133345367.42775626,67171739.82430539
1073,40133.08007073514,2018.9057379672518,81325790.38747878,67171739.82430539
1074,43316.48921162512,4001.867954635608,197921644.9269386,67171739.82430539
1075,42105.86222201468,3982.9608205366217,183907421.3715405,67171739.82430539
1076,42160.00164855154,3938.597779495649,183446213.93677998,67171739.82430539
1077,41048.20354519905,3144.493353584939,139452333.1098171,67171739.82430539
1078,44219.45549988849,5897.533125426375,305098028.95837814,67171739.82430539
1079,40268.754630423515,2143.2408320702025,86515546.89394523,67171739.82430539
1080,44352.7816677104,6065.2454825669165,296737343.02083737,67171739.82430539
1081,43432.7388197042,5087.310631419888,241378042.199929,67171739.82430539
1082,41072.75932611645,3185.7164427983766,140302668.94657686,67171739.82430539
1083,45217.996945574894,6105.749940114632,309470482.0522479,67171739.82430539
1084,42467.87472753263,3189.2993035361756,156597969.45675087,67171739.82430539
1085,45390.546010566206,6841.095524934889,359738851.73733616,67171739.82430539
1086,41234.64458106168,3085.957164989637,136496399.33664313,67171739.82430539
1087,41213.62704138759,3049.242280623013,134970743.21633813,67171739.82430539
1088,42200.74741385222,3052.9945905008785,146584909.22050366,67171739.82430539
1089,40264.76250834139,2190.3814123161906,88514194.54345769,67171739.82430539
1090,40855.875403758175,2940.0114962735543,129598568.40649292,67171739.82430539
1091,39783.89875390303,1880.3315825429163,74849066.88834912,67171739.82430539
1092,40811.98915903126,2952.656308320473,130727274.96412154,67171739.82430539
1093,40847.01822654983,3109.279642710487,136338342.5891668,67171739.82430539
1094,43672.82582336919,4017.0541034894027,200452068.19542605,67171739.82430539
1095,41331.1529529177,3121.501584325607,141743601.1927609,67171739.82430539
1096,41988.89421951092,3916.866401485976,183378488.68302125,67171739.82430539
1097,45105.81414877223,3856.1082938284117,268970140.82756174,67171739.82430537
1098,42345.61262972916,4193.768130437102,193976615.3567508,67171739.82430537
1099,40894.701279476125,2945.146262311059,131112564.35879798,67171739.82430537
1100,43197.59763296707,5003.2962198313235,237862508.71738806,67171739.82430537
1101,46546.86656338616,6929.02146848085,374071270.91284025,67171739.82430537
1102,40874.042516175934,2843.7203481619954,125498268.5884951,67171739.82430537
1103,43038.05406043846,3997.409714492209,200428166.05165258,67171739.82430537
1104,42421.46771514307,4032.6520872115084,207019081.56339157,67171739.82430537
1105,41149.00323786337,3150.071341908761,138142676.58264247,67171739.82430537
1106,40993.697499343325,2955.843744599308,130249243.33853821,67171739.82430537
1107,43180.625268656506,5029.7751703505755,259933534.79945964,67171739.82430537
1108,42129.891942209295,4155.927692915639,191256423.94167536,67171739.82430537
1109,42151.39788435465,3986.769473563527,186988945.59347805,67171739.82430537
1110,43180.81694792823,4881.783748730806,234182612.981069,67171739.82430537
1111,42356.457190717236,4002.279392742131,186170108.91600338,67171739.82430537
1112,41445.22775721484,3263.9968055088275,143430629.37893996,67171739.82430537
1113,41079.37005910904,2864.108255284358,126167055.48039925,67171739.82430537
1114,41194.92000996211,3199.695827628549,140851073.97455245,67171739.82430537
1115,40444.30908315962,2158.7309500332076,87837344.28505962,67171739.82430537
1116,42868.69387329462,4801.6583209065,249818041.80614194,67171739.82430537
1117,44062.89531082241,5915.736996999303,284813390.1783301,67171739.82430537
1118,41062.17915398274,2927.190173027181,129395982.13887112,67171739.82430537
1119,41061.36982799941,2920.3688475701806,131357074.40527971,67171739.82430537
1120,42211.790414756266,4020.3715941989285,187816933.44975197,67171739.82430537
1121,43220.05321430853,4996.579658682995,236375479.5144497,67171739.82430537
1122,40100.841492057996,1982.7547529816813,79666400.66610345,67171739.82430537
1123,41134.670660178745,3069.442447731585,134622150.80838576,67171739.82430537
1124,41342.71345700655,3056.9636858062927,136574863.9945728,67171739.82430537
1125,42295.08087225186,4108.5550496671785,208468026.6401875,67171739.82430537
1126,44564.79923955262,6032.6605791054635,311079688.50380325,67171739.82430537
1127,43229.137120177336,4000.587981359144,227564413.49159852,67171739.82430537
1128,42060.16375550273,3990.3024827677973,184106513.0541315,67171739.82430537
1129,41122.51826656073,2851.4042634022417,128147713.11817598,67171739.82430537
1130,40313.76440028935,2305.073268461643,93214833.66308084,67171739.82430537
1131,41910.28534197174,4136.226490275954,189769575.83637735,67171739.82430537
1132,39921.86048511161,2020.0642376727476,80786758.10996191,67171739.82430537
1133,43513.63562062752,5075.5211051896795,245133898.78865018,67171739.82430537
1134,41143.828200053846,3279.494293602147,145901473.29274142,67171739.82430537
1135,39688.85306763552,2014.1257555453474,79970078.95837574,67171739.82430537
1136,42558.11820720155,4083.0267070999607,196584609.32878992,67171739.82430537
1137,42085.34414843192,3898.8842262221924,183020545.3479498,67171739.82430537
1138,41682.92304883884,3223.347663024156,143637887.18002325,67171739.82430537
1139,41247.10618529683,2905.747333484692,129624158.35748239,67171739.82430537
1140,43250.95002018186,4945.870347579521,235833949.81124148,67171739.82430537
1141,42115.44921681306,4031.11568146982,186406987.02251953,67171739.82430537
1142,42366.37078913585,3138.920633304603,151903296.85144278,67171739.82430537
1143,44243.13626203878,4905.791921601658,249754750.53203934,67171739.82430537
1144,40949.15608641919,2873.528995910755,128347654.3310276,67171739.82430537
1145,40235.07360027903,2265.022310516078,91286175.98064744,67171739.82430537
1146,41173.532443692035,2970.4363833654556,130430909.69647574,67171739.82430537
1147,41121.13763411266,3161.219938701333,139642991.72586793,67171739.82430537
1148,41118.87724980691,3090.1448446193226,136534643.5060396,67171739.82430537
1149,40287.94727082195,2176.236206005296,87980793.81895265,67171739.82430537
1150,44303.531789268636,5915.9435199578675,308143836.08513343,67171739.82430537
1151,44240.901030428584,4924.738311987345,246467336.51087937,67171739.82430537
1152,42116.394994339214,2974.4096279650526,142809975.20702893,67171739.82430537
1153,41152.39766330928,2813.105662798802,125285678.18186858,67171739.82430537
1154,45674.82790081356,5233.767180054875,276632433.4368128,67171739.82430537
1155,43574.165920133586,4925.150543885089,235231630.47476763,67171739.82430537
1156,41454.71530424895,3117.8460470350865,140444064.20537654,67171739.82430537
1157,41536.09033199399,3167.7956349936962,142915655.00086385,67171739.82430537
1158,41017.05352767698,2965.2725369337795,131994436.50820737,67171739.82430537
1159,41346.507402449606,3258.8529508735514,144622044.2872343,67171739.82430537
1160,41095.002987877735,2955.3530411692673,130258365.45746514,67171739.82430537
1161,44813.65613104033,6262.479985092791,323345570.6587038,67171739.82430537
1162,40288.7469873953,2148.647305112761,86681393.53846449,67171739.82430537
1163,40818.65437062726,3001.1858483304745,132753824.54595344,67171739.82430537
1164,41243.20142312559,3165.0981892861064,140806594.88621813,67171739.82430537
1165,41290.48893272071,3297.4396890212724,149157497.46071926,67171739.82430537
1166,42214.48770215946,4011.4911730026224,185182781.5834198,67171739.82430537
1167,41556.47053802582,3150.562158228307,141816450.3552736,67171739.82430537
1168,43221.402570177204,4774.623186501208,227938549.3097919,67171739.82430537
1169,41303.93713847546,3029.887161336705,135617823.17435557,67171739.82430537
1170,42097.43504189362,3831.2675076285523,199938198.7106114,67171739.82430537
1171,42370.52043852067,4066.703557892061,189861518.9798052,67171739.82430537
1172,41206.121616074386,3198.4649386333685,142149294.51791626,67171739.82430537
1173,39832.62384998065,2002.9966843840011,79890340.08004609,67171739.82430537
1174,40072.52059127055,1989.648944896746,79832276.38944554,67171739.82430537
1175,42901.45686713944,3901.240933342625,192440984.54563752,67171739.82430537
1176,43795.66288610698,5128.0021799829765,249124321.04068622,67171739.82430537
1177,40339.85106370806,2229.4020169192795,90323579.91450398,67171739.82430537
1178,41305.56571736051,2981.572801906528,133370970.81807542,67171739.82430537
1179,40981.559930845564,2995.442617362377,131615115.35679555,67171739.82430537
1180,41582.71935720934,3192.5429900787194,143468248.3514468,67171739.82430537
1181,43077.589532444465,4988.9163510984945,235529158.2547268,67171739.82430537
1182,41233.57063155454,2986.382025203141,132476732.77379012,67171739.82430537
1183,43187.951206956495,4106.912821299387,201442246.90831167,67171739.82430537
1184,41127.29044092306,2959.9511638735034,130307690.77831057,67171739.82430537
1185,45545.07449013256,6149.453661940889,335575098.57013774,67171739.82430537
1186,41167.57836627036,2965.3666373822475,131392930.88674347,67171739.82430537
1187,40906.343453694586,2893.4320302510746,127057840.5775023,67171739.82430537
1188,44482.290312669014,5150.641313876226,260623220.0718903,67171739.82430537
1189,41270.49423544702,3240.3504554046012,142737654.01073977,67171739.82430537
1190,42317.68007303534,3984.82249776382,206493491.7886735,67171739.82430537
1191,44199.49322998136,5980.903484201715,290052911.87494946,67171739.82430537
1192,44167.296364854265,5888.430862617786,284756013.85828143,67171739.82430537
1193,42104.45982743214,4180.392230983839,192700067.9966657,67171739.82430537
1194,43360.92297796825,5175.866471632114,247744504.1152989,67171739.82430537
1195,41034.77861750209,3007.1854165243185,132365099.93472591,67171739.82430537
1196,43133.73216446354,4013.5697234078207,197686380.39315423,67171739.82430537
1197,44210.77530252866,5927.795751523301,305335490.1511847,67171739.82430537
1198,44462.93286574123,5010.812406670598,254799163.75760213,67171739.82430537
1199,43147.33624429818,5017.710129723486,236746743.94931436,67171739.82430537
1200,42187.36206376615,4083.229793502828,207996169.52568904,67171739.82430537
1201,42997.80459227132,4955.653469604181,233491124.261897,67171739.82430537
1202,40040.50714246284,2120.3066958742397,85310477.12957032,67171739.82430537
1203,40797.49966679967,2966.081509583882,129765106.3311278,67171739.82430537
1204,42127.85794233547,4098.478813575277,190599982.87796706,67171739.82430537
1205,40930.34504281633,2858.416356743101,126831492.46926835,67171739.82430537
1206,43307.230944898925,5139.739918705043,244718299.79514545,67171739.82430537
1207,41451.11570424184,3390.5865368111895,148083649.32461515,67171739.82430537
1208,47853.40249989297,7253.680583903088,407982604.642141,67171739.82430537
1209,41209.79867998879,3067.039557499506,136790337.81169885,67171739.82430537
1210,42251.28051044401,3986.17173459389,184624045.78754985,67171739.82430537
1211,42084.90785680603,3924.6401878149227,185573205.62034157,67171739.82430537
1212,42352.03069256968,4326.380628133842,199362639.1588573,67171739.82430537
1213,43237.77908551002,3931.5039085894095,196567981.83175284,67171739.82430537
1214,41332.75921142241,3206.9217685116237,143429746.96198362,67171739.82430537
1215,42029.504420989106,3989.8561642378686,203868011.73046947,67171739.82430537
1216,43619.67028976428,5133.780723287366,246449462.81604376,67171739.82430537
1217,42083.94822902723,3759.905187739082,174845015.1781257,67171739.82430537
1218,41270.76524702026,3165.387575571862,139865593.18160608,67171739.82430537
1219,42914.74335355712,3934.139882208254,195581664.42506218,67171739.82430537
1220,41554.30096140311,3191.3047354851674,141748678.06362426,67171739.82430537
1221,46598.58899497351,6879.704307163821,400880570.268716,67171739.82430537
1222,43356.228443828404,4026.494431395104,205102014.17653003,67171739.82430537
1223,41683.174721636875,3178.9853687677696,142601024.62595576,67171739.82430537
1224,42571.4748614833,4244.744468861425,199759957.0143405,67171739.82430537
1225,40347.45309112101,2345.3006697204564,94611309.85540144,67171739.82430537
1226,43339.15020988382,4883.188051835382,235800532.52562514,67171739.82430537
1227,39982.64948732038,1929.5203519302463,77212743.51753855,67171739.82430537
1228,40959.672368890846,2686.2275588460566,120455718.88226955,67171739.82430537
1229,41136.49137071328,3094.7506460040927,137444713.38769186,67171739.82430537
1230,41134.266654983985,2900.5886113400725,128279376.54300511,67171739.82430537
1231,39778.938309532285,1863.1142123336635,74162774.37648971,67171739.82430537
1232,41105.308491619966,2897.1800762406165,129066669.31061617,67171739.82430537
1233,43376.01972151376,5103.255706796734,243773097.38816935,67171739.82430537
1234,42206.72428913145,3266.4294320001445,156727500.28258938,67171739.82430537
1235,40717.73687732179,2326.956569852292,95167185.7059732,67171739.82430537
1236,42120.293032403315,4081.746663843796,207870207.98097354,67171739.82430537
1237,40296.007728463876,2152.7124454781647,87009587.04910912,67171739.82430537
1238,46468.192150789735,6740.184193937783,344318520.60917187,67171739.82430537
1239,44455.47942615267,4270.828586457987,223925414.40970868,67171739.82430537
1240,41148.63404562573,3146.1081517917205,138856325.81362078,67171739.82430537
1241,43504.863931278735,5146.1077422029575,244525144.29428917,67171739.82430537
1242,41194.40079324317,3055.22011185179,134263234.73602062,67171739.82430537
1243,43073.44793612476,5083.907856390046,241955698.85453743,67171739.82430537
1244,42115.43812271772,3921.8131461094936,203473949.10757646,67171739.82430537
1245,42453.1772815316,4007.7641327108367,187667314.9254939,67171739.82430537
1246,42375.7570922952,4208.537699723036,214063032.68341488,67171739.82430537
1247,44319.84606402044,6060.0466673717065,312890514.7169715,67171739.82430537
1248,39970.1000153371,1982.5612976718796,79400455.44965658,67171739.82430537
1249,42038.24020945504,3016.5513885947003,148378853.07991916,67171739.82430537
1250,43853.75628115212,5718.106184898037,317805815.55475414,67171739.82430537
1251,40270.87654182063,2081.8896942103283,83963401.985747,67171739.82430537
1252,42959.02924517793,4834.627424486915,229327213.6171775,67171739.82430537
1253,44190.4698672313,5851.216091622444,284590156.2322667,67171739.82430537
1254,43400.06800861761,5252.534963982349,253311026.58020997,67171739.82430537
1255,44517.83020055054,5043.362877271969,276285142.801865,67171739.82430537
1256,43210.08443683056,5058.2417515091865,258440677.08041057,67171739.82430537
1257,42233.215970426085,3963.0028273755415,203646529.64910465,67171739.82430537
1258,43576.52508167172,5135.814796525165,246272772.08060184,67171739.82430537
1259,39974.66653412769,1981.07842077204,79351433.35873267,67171739.82430537
1260,43208.005775044905,5085.9907359790905,242108178.38657928,67171739.82430537
1261,41950.878688114186,3907.1419233541433,179137079.85472476,67171739.82430537
1262,45426.438959814805,6926.319524261848,363311847.71325433,67171739.82430537
1263,41175.56393491411,2832.459492079723,125113779.54938073,67171739.82430537
1264,41906.20878895202,3913.42963698234,181259421.03266865,67171739.82430537
1265,43307.055388878296,4349.940698534928,213165323.64566517,67171739.82430537
1266,40150.06972030621,1999.7206011398707,80560572.49714504,67171739.82430537
1267,40871.968671822295,2987.631780130719,131847039.33323649,67171739.82430537
1268,45480.90269245712,6013.800241181764,306233234.45284235,67171739.82430537
1269,41108.87697958118,3106.212266603263,137622585.6482691,67171739.82430537
1270,43691.776964509954,4991.614579943278,239329937.11627993,67171739.82430537
1271,42322.19914452417,3060.9968567263068,148641822.30810264,67171739.82430537
1272,40840.01793201886,2916.084050347001,128327601.49156936,67171739.82430537
1273,39779.276362199016,1951.2724068916796,77732521.13403693,67171739.82430537
1274,42209.07595996186,4180.5805415834,192903651.611138,67171739.82430537
1275,45540.20013565201,4914.510324331769,260863557.14934868,67171739.82430537
1276,43007.03144925667,4817.547059844494,250394000.69702893,67171739.82430537
1277,44573.53993353834,6205.095449401307,321457136.5952534,67171739.82430537
1278,42355.33572392854,4294.103225071784,196845222.28586674,67171739.82430537
1279,42257.04370251999,4236.606870372498,197871730.9783275,67171739.82430537
1280,45316.026638144904,7007.832614494034,366276918.49420106,67171739.82430537
1281,41943.62883312082,3867.142697282223,179953100.54727516,67171739.82430537
1282,43519.445740382274,4100.338201499813,205819951.56653768,67171739.82430537
1283,40841.92474722435,2983.193051222055,131391471.31535022,67171739.82430537
1284,43449.485968665584,5110.158879835629,245105433.20353493,67171739.82430537
1285,41559.32232652673,3221.9445688658207,144672225.54054552,67171739.82430537
1286,41583.82286184226,3358.973836406516,149100113.97635388,67171739.82430537
1287,42136.88709059551,3277.697305319297,156188307.91945472,67171739.82430537
1288,41355.77084051636,3039.343610269704,134429111.91192168,67171739.82430537
1289,39735.72831889392,2010.3670351083172,79923151.07036953,67171739.82430537
1290,41330.717494450175,3078.441012903014,135876413.92611477,67171739.82430537
1291,40735.2259647863,2374.0444586946164,97362102.94506237,67171739.82430537
1292,39765.172529550895,1886.2977815677834,75043384.473716,67171739.82430537
1293,43254.198788023285,4005.3409986395973,199862026.49290434,67171739.82430537
1294,45391.65675700818,5802.190159692601,327005196.6120937,67171739.82430537
1295,42135.1279624043,4220.436962675364,194009270.15295225,67171739.82430537
1296,42366.39212137558,3961.908448693077,203939171.61719492,67171739.82430537
1297,39766.80268651913,1823.4608125051836,72583192.01173939,67171739.82430537
1298,40931.68072803078,3027.9268997873687,133566325.56293969,67171739.82430537
1299,41148.90948382257,3018.29842790199,135587310.252433,67171739.82430537
1300,46416.07894856407,7957.626574054538,414544945.48888195,67171739.82430537
1301,42327.5108657741,4195.279715432764,192493345.44320703,67171739.82430537
1302,44461.620525029364,5961.0115541737805,290504957.33306247,67171739.82430537
1303,40360.69666299292,2218.37195866209,89683108.91149236,67171739.82430537
1304,41370.67906173916,3208.8018786394473,143679905.61422935,67171739.82430537
1305,42911.90923840582,3878.571916769318,193236137.16166836,67171739.82430537
1306,43289.69877603792,4996.832501953268,238962870.27271312,67171739.82430537
1307,40926.6299459366,2919.0405303672924,128315259.29244575,67171739.82430537
1308,41381.402452623246,3195.598753496814,142109766.5249258,67171739.82430537
1309,42332.46104780859,3930.4417613357864,180747205.55082652,67171739.82430537
1310,44063.18922840438,5601.12124696876,291265372.4011517,67171739.82430537
1311,43058.89675892214,3866.5382873968797,194871526.78051576,67171739.82430537
1312,40101.368125475514,2135.2841716187395,85835299.27156858,67171739.82430537
1313,43300.957849027756,4916.496039437225,236758506.48998696,67171739.82430537
1314,42555.23776402329,4020.572141317692,189114459.5625284,67171739.82430537
1315,40195.32587599303,2005.7238749195094,81048338.74768086,67171739.82430537
1316,40960.10827301733,3028.5221396878087,134245135.40099114,67171739.82430537
1317,45421.189453148596,6289.403958089603,319763982.44577736,67171739.82430537
1318,40731.90464716554,2313.8584769473186,94661143.2645946,67171739.82430537
1319,41070.92073223255,2990.959870479822,133361759.47124653,67171739.82430537
1320,40921.32609708112,2774.686185495849,121604141.58640087,67171739.82430537
1321,41153.03527310221,2930.915476552035,130589560.46451363,67171739.82430537
1322,40898.14556806881,2974.1461215500594,130770275.00249115,67171739.82430537
1323,42542.469422635295,4256.048987917816,198214228.3565695,67171739.82430537
1324,42102.8703866726,4033.7064039110546,187372961.92328158,67171739.82430537
1325,44565.326576393796,6199.083961729932,301136626.539735,67171739.82430537
1326,44279.86916601774,4910.748855877214,249829220.37938005,67171739.82430537
1327,42005.00023565067,3022.0077496475724,145185659.07763857,67171739.82430537
1328,42548.004795964705,3916.990842852404,182636510.64846545,67171739.82430537
1329,41476.40081660642,2982.5060183639857,132950248.10764256,67171739.82430537
1330,40823.30743737116,2998.7908556718294,132798971.78869879,67171739.82430537
1331,42034.78947082014,3975.799047352514,183519794.12057382,67171739.82430537
1332,39884.179649562626,2018.9544401100393,80569999.5494068,67171739.82430537
1333,42019.712190850514,2854.170090051778,136919043.54189277,67171739.82430537
1334,42103.606239373636,4027.331405518396,188065050.4850722,67171739.82430537
1335,42003.40473674263,3877.049763772679,200077816.151864,67171739.82430537
1336,42409.352698813236,4245.769777514595,196180691.50922105,67171739.82430537
1337,45877.47955733654,6291.972804468451,318865159.50996184,67171739.82430537
1338,43513.09522663385,5178.121765538182,247108250.15675277,67171739.82430537
1339,43598.554280238335,5093.168046935866,249138314.47794595,67171739.82430537
1340,42254.0690246945,4066.000630238901,190788528.81974438,67171739.82430537
1341,42540.40331951013,4211.598167035005,195638790.94846708,67171739.82430537
1342,43277.78938925752,4031.144931575714,199347597.86572808,67171739.82430537
1343,42487.03510402691,3226.8505852138064,155322014.06245217,67171739.82430537
1344,40949.65343052631,3002.4366233703613,131588925.59844919,67171739.82430537
1345,42267.24749186473,4091.7858509291063,190444578.89802226,67171739.82430537
1346,41939.383367054936,4114.744482910611,188946035.31935233,67171739.82430537
1347,41990.43529621184,3852.5993220474543,179660351.06930977,67171739.82430537
1348,41366.959110519725,3184.1855678655543,142551095.36054522,67171739.82430537
1349,41101.94500259978,3101.7777023030903,136709271.28248626,67171739.82430537
1350,45345.32197163947,4976.211115628759,260384118.82205144,67171739.82430537
1351,41112.271438521784,3072.0198263893544,135389415.6623246,67171739.82430537
1352,41060.77365527649,2989.6468706188634,132083063.83581157,67171739.82430537
1353,41153.922642689795,2897.5475004352656,129223377.95827985,67171739.82430537
1354,40922.20909857772,3091.575238445545,137824801.90226072,67171739.82430537
1355,41228.640467950834,3055.4903001075772,134733176.56120992,67133256.22490175
1356,43983.60424101066,4847.68111901263,241277687.88958317,67133256.22490174
1357,41147.31417121976,2919.044335093364,131372222.5410116,67133256.22490174
1358,40146.224764487495,2386.784966048782,96330876.68774053,67133256.22490174
1359,40310.06381050798,2210.0325830667753,89440777.19678032,67133256.22490174
1360,43219.82455000076,5045.457223316124,239378848.913613,67133256.22490174
1361,40927.84740016394,2967.8601548711276,131090844.40251052,67133256.22490174
1362,43095.09216790448,4961.635019553573,237334036.59801474,67133256.22490174
1363,42051.708994739056,2942.707765397868,141087558.09388775,67133256.22490174
1364,44304.63742751993,5135.667893275337,286919140.28458744,67133256.22490174
1365,42262.14180661008,4023.8824538938993,186490746.75510585,67133256.22490174
1366,43426.469378361515,5169.115440980397,244978672.77606517,67133256.22490174
1367,41277.659491550025,3134.0471800331093,140355322.0001526,67133256.22490174
1368,43442.59276980434,4168.051942235903,211380262.09335083,67133256.22490174
1369,42313.822284985945,4101.546567278581,190271469.87784517,67133256.22490174
1370,46334.625126655985,6937.853211746775,404101994.16207504,67133256.22490174
1371,42733.51371577964,3926.4851061944983,184777217.7871056,67133256.22490174
1372,45268.7315575874,6155.303551740195,312067384.3109854,67133256.22490174
1373,44195.63549079597,5975.855747625883,309395420.9676968,67133256.22490174
1374,45722.01924848709,5177.556689336446,273404976.75922704,67133256.22490174
1375,40985.08260580653,2815.52475704743,123588576.04295918,67105361.559656285
1376,44403.549220803296,5160.385150265762,276789331.9315798,67105361.559656285
1377,42398.8234730808,4109.375948051474,192424662.89243293,67105361.559656285
1378,41232.59541199383,2916.824796979153,128893167.5934536,67105361.559656285
1379,41954.62107340908,4102.4192294916475,188733911.22902435,67105361.559656285
1380,41205.17312868391,3092.291470954244,136589263.29906178,67105361.559656285
1381,41744.15186377884,3993.9048083654097,183409984.00819424,67105361.55965626
1382,40979.87498754305,3227.833953939617,142245681.55905336,67105361.55965626
1383,40728.410673115504,2872.3913849068945,126019233.07686684,67105361.55965626
1384,41975.76093794838,4084.043721702007,188045908.32367414,67105361.55965626
1385,42444.12978738783,3693.0907998321104,175314768.69776148,67105361.55965626
1386,40840.437781203844,2981.938394352453,132087673.65851817,67105361.55965626
1387,43543.09451273994,5171.227565310602,263809724.21745616,67105361.55965626
1388,41184.1537648238,2963.249073740917,130651068.40400502,67105361.55965626
1389,43361.52138136873,4936.544677593003,239059195.37071848,67105361.55965626
1390,42069.484648465026,3903.2855023926663,201355655.65319258,67105361.55965626
1391,42448.98027393331,4187.99443057012,194383598.1075211,67105361.55965626
1392,43409.21980984033,5092.558278840152,241302454.34272632,67105361.55965626
1393,42442.51617046964,3240.5454348119274,157874578.21602023,67105361.55965626
1394,39753.92768915242,2111.076119223123,84173105.41397654,67105361.55965626
1395,41202.51189720897,3065.1023878341125,135480330.85703963,67105361.55965626
1396,45418.94307869093,6085.930367650459,306304509.7769526,67105361.55965626
1397,40889.50915363729,2919.9784273448195,127872538.01093574,67105361.55965626
1398,39870.18589241273,2106.732801332524,84047664.75337419,67105361.55965626
1399,40156.229414174006,2244.2236061047483,90258263.8701244,67105361.55965626
1400,44622.89616725645,5040.444890499949,255639375.38928318,67105361.55965626
1401,41115.24734174507,2994.3575907044815,132552148.85468404,67105361.55965626
1402,43543.039691987295,4938.354814041171,236409722.50717568,67105361.55965626
1403,39932.18562720457,2116.393543583568,84708655.19984171,67105361.55965626
1404,42541.81490471024,4158.753772979655,194043982.78101206,67105361.55965626
1405,44391.88665757801,5923.2819645747695,308413327.72122735,67105361.55965626
1406,41104.131124402185,3085.746586182161,135709733.9654352,67105361.55965626
1407,39765.39157960738,1896.7561532698892,75488126.53808513,67105361.55965626
1408,41226.3334767144,3191.3450289555985,141216957.60939777,67105361.55965626
1409,42078.323612479966,4011.6747823413925,186180559.356742,67105361.55965626
1410,42295.0816443299,4204.115259779157,195657328.00580984,67105361.55965626
1411,43925.550743452644,4909.011794173829,245587403.66343403,67105361.55965626
1412,39985.24628929363,2000.9876540074224,80063137.50290069,67105361.55965626
1413,41692.41144737652,3124.489395063949,141313875.71654573,67105361.55965626
1414,40809.32803018946,2876.3890353646707,126393964.50857672,67105361.55965626
1415,46359.10638123081,6712.1464039174,373318832.275252,67105361.55965626
1416,43574.57273124104,5052.430618589334,262385361.75991327,67105361.55965626
1417,41416.78399251908,3052.019224410184,137953610.3393565,67105361.55965626
1418,42274.56445052519,4110.388795200842,190456838.87875876,67105361.55965626
1419,42064.61026725258,4045.8908191651994,205040048.11724052,67105361.55965626
1420,40921.16425147714,3051.091500235153,134176072.06541423,67105361.55965626
1421,44007.67100438875,4946.742396731631,249675081.9033979,67105361.55965626
1422,45695.02521229917,7119.0240695199145,372092098.0797934,67105361.55965626
1423,42966.469148863995,4088.5432108199734,201710126.82576805,67105361.55965626
1424,40127.23887630727,2156.153227685417,86603261.60277121,67105361.55965626
1425,42181.68970448607,4065.0159000938156,187788952.49601373,67105361.55965626
1426,41233.338884491146,2988.1723226031986,132749263.34049606,67105361.55965626
1427,41471.43561043662,3138.8844466332134,139562042.1533443,67105361.55965626
1428,41831.30223490344,3828.528486491569,175867489.13481036,67105361.55965626
1429,41677.44206738887,3297.88021782116,146612178.31943256,67105361.55965626
1430,40919.80308156103,2926.3122916778457,130836454.05331507,67105361.55965626
1431,41388.65851224928,3220.941565395005,144693027.849814,67105361.55965626
1432,40639.1443863033,2944.2566201599484,129446286.68575831,67105361.55965626
1433,40734.08502990739,2746.8972139932694,122049750.64453931,67105361.55965626
1434,42150.33640596511,3994.9321516748887,204311979.06552637,67105361.55965626
1435,40959.97386061007,3068.5405895274534,135772524.8783703,67105361.55965626
1436,44097.429704794944,3931.7153386276623,208133501.9201246,67105361.55965626
1437,43027.038862754416,4808.758908224065,229737676.43546596,67105361.55965626
1438,41399.48371794478,3135.8476913993827,141484419.7174335,67105361.55965626
1439,43354.95168661917,4997.1504301924015,237185039.47079545,67105361.55965626
1440,39835.29886366158,2199.847488251585,87730704.01658197,67105361.55965626
1441,44191.364169883534,5970.355502867259,288174414.86276585,67105361.55965626
1442,40951.13721199188,2816.8043999906818,124574091.63974996,67105361.55965626
1443,42179.206912033085,4043.139455475969,187377704.33192995,67105361.55965626
1444,40515.213915947046,2123.651468204794,86675269.0544872,67105361.55965626
1445,40870.310969485305,2912.1580931603003,126952013.31636147,67105361.55965626
1446,40888.11422016633,3156.2712054132294,139069062.5856427,67105361.55965626
1447,42254.221850989634,3910.7318387170185,182448516.8490855,67105361.55965626
1448,45362.98919852731,4916.508450476714,300330783.21783483,67105361.55965626
1449,41077.05831268055,2891.87275930945,128231090.70130472,67105361.55965626
1450,41148.80889445192,2899.3078027781507,128396424.3267425,67105361.55965626
1451,39954.21770240192,1942.0117791017474,77725840.11787336,67105361.55965626
1452,41258.791651631065,2959.7398718595864,130344117.5409458,67105361.55965626
1453,40971.437093327535,2881.4731042214235,126792248.58846302,67105361.55965626
1454,42040.31295154368,3873.621212251675,180060970.93743953,67105361.55965626
1455,45427.08074220496,5897.333005944484,332008723.0509079,67105361.55965626
1456,42187.21248555628,3735.2717488444932,175772306.71335083,67105361.55965626
1457,43384.9901154258,5011.19438713991,239980350.91069508,67105361.55965626
1458,41181.23206122416,3450.852948249878,153011082.7581191,67105361.55965626
1459,43018.012277773014,4041.81479523267,200389646.0660069,67105361.55965626
1460,42000.56242077419,4183.731360651173,194153594.73571387,67105361.55965626
1461,41925.60921950308,4107.009631468573,189198188.60558504,67105361.55965626
1462,42178.33379344817,4147.833796909482,191978335.12268424,67105361.55965626
1463,39868.394208106285,1848.3158843757137,73800179.46854798,67105361.55965626
1464,42614.41158077372,4026.1489451914226,190168702.5665155,67105361.55965626
1465,41968.85655440621,3020.455548691641,145660372.88833326,67105361.55965626
1466,42426.652452662216,4187.963142430789,193570962.28795382,67105361.55965626
1467,40055.488068792525,2213.9482711005717,88799836.39181186,67105361.55965626
1468,42088.03790718453,2876.5219481478903,142140394.990971,67105361.55965626
1469,42008.18879661501,3902.2537836465963,180035705.57641405,67105361.55965626
1470,43285.53507058598,4024.4833987886423,199608246.5392045,67105361.55965626
1471,44265.17719325263,5925.7525589331635,286732229.4984275,67105361.55965626
1472,43812.46284690991,5169.61758276358,251393812.47828522,67105361.55965626
1473,41451.606946740576,3220.3766602373535,141913696.4163204,67105361.55965626
1474,40753.55401042944,3021.1644721522925,132736378.84808822,67105361.55965626
1475,40102.78628871336,2207.7343621630544,88697616.34754917,67105361.55965626
1476,43100.45302011969,4879.7742245553945,234031892.15743583,67105361.55965626
1477,41968.462292009026,4032.0880994850972,187444814.24822226,67105361.55965626
1478,43492.914284542414,5181.820010288884,248338873.88704664,67105361.55965626
1479,41989.87260327601,3844.8324112862874,200630771.06977576,67105361.55965626
1480,41848.69070193742,3728.8430293461256,195649749.6690728,67105361.55965626
1481,40922.09254142052,3001.6442803091663,132734446.3843863,67105361.55965626
1482,42225.103041852264,3998.639680106521,187354625.11114782,67105361.55965626
1483,39806.410531352376,2131.3970543175305,84930928.74000616,67105361.55965626
1484,41189.93445663816,3098.6618516825847,136585186.26036456,67105361.55965626
1485,41083.37393673445,3020.4767900618795,131817170.0634857,67105361.55965626
1486,41042.6229176759,2799.2631195633644,122869338.39173484,67105361.55965626
1487,44305.558414003855,5092.701779459665,257129153.73448882,67105361.55965626
1488,42277.17353554039,3999.3444665456873,207726733.64860156,67105361.55965626
1489,43163.79422131509,4871.386257808146,230174532.24268588,67105361.55965626
1490,39757.93765501429,2091.843020282625,83198032.02011433,67105361.55965626
1491,40413.79529657321,2115.945496824687,85829691.69088769,67105361.55965626
1492,44298.31845529772,6116.376228635076,316786472.63123906,67105361.55965626
1493,41995.05950835651,4053.4137092306737,187842591.3415985,67105361.55965626
1494,40102.55900449169,2170.9637992884836,87346990.32399704,67105361.55965626
1495,43198.700123794166,3872.2490096438714,193710535.15187523,67105361.55965626
1496,42188.92474377279,3012.721278359728,145683267.51789087,67105361.55965626
1497,39924.789176314516,2121.8997345925472,84849800.77338785,67105361.55965626
1498,40393.34142305887,2077.56561109696,84076287.62011859,67105361.55965626
1499,42118.96727190389,4274.273467392035,195160346.13259155,67105361.55965626
