,per_it_avg_total_length,per_it_avg_max_path_length,per_it_avg_fitness,per_it_best_fitness
0,59925.93736299111,6601.3504147033145,395214854.2244047,293921180.47319764
1,61463.34652201929,5481.7658248030975,342252787.3948692,293921180.4731976
2,60103.33749393186,4833.741533323899,290523784.3414576,272650638.5308163
3,59987.37104374543,4538.7368321355525,272266890.41922915,267750591.94840634
4,59799.48399163424,5241.657184132302,318624224.0048852,265713423.97340125
5,58404.83223297498,4531.136398674433,264636887.11786515,259868145.00022778
6,60563.75929396165,5855.280841295991,365326261.3124906,256972671.51718175
7,59917.73309580918,5175.870294221746,315909351.1000572,256972671.51718175
8,58404.85504800879,4447.011783818013,259748048.93797475,250847153.0227683
9,59449.919954553436,5615.27110869837,342524503.7660731,250847153.02276826
10,59067.1290334095,5101.549001845718,311888708.6089997,247636781.74185514
11,60031.43838032504,6203.825170097048,383599189.7479404,242856223.62624305
12,56891.70701611227,4269.152025359415,242879346.2339902,239551778.88806486
13,55971.85512070878,4295.982377407367,240429517.89814377,237670793.60296035
14,55732.170008106026,4275.157763549852,238264346.86254287,233357939.5819913
15,55719.865575224176,4889.2066115114885,276540450.7787889,219114198.0528021
16,56147.568894996635,4641.548926640429,264772332.71088752,217342359.54558602
17,55666.39246082057,4624.191775549058,263716181.95288372,203795483.2025788
18,56522.2975293153,5073.845633658769,296311292.21576846,199949695.81309867
19,55443.95071372609,4370.019438789763,248935640.7921931,185915210.74555823
20,54404.71358608494,3517.452563976613,191504343.40952754,185109115.7301809
21,56235.11876446436,5109.355496421847,297202132.08707047,183284454.75447378
22,55232.964995685965,3496.2810149444645,193126863.54171938,182322731.7607867
23,55789.5354337394,4185.100070652023,240475070.30030686,182322731.76078668
24,55063.80187326883,3373.8305534359365,185731858.73342243,166043062.44660053
25,58405.34506201835,5313.160963246028,329515646.10405624,165841398.4297583
26,54516.0792843687,3108.345103263152,169435307.04266542,165317439.01824468
27,55335.42965029211,3922.952975021943,223566063.5026025,165317439.01824468
28,54628.06972704987,3224.511497860522,176157558.71419886,165317439.01824468
29,55458.779839077535,3773.3996032205678,214972907.213264,163892779.16718268
30,55814.37716427983,4730.424857429798,274621240.2735932,163264458.99634212
31,56971.32023907595,5581.57486346281,332559134.12864023,163264458.99634212
32,53951.04983139005,3281.007382649657,177089938.58910072,162915998.31995723
33,54304.75599925703,3775.5517217248453,210031396.73527312,159099602.79264173
34,53287.17045622801,3763.329404443498,205668989.07663792,157906481.72995245
35,52799.17939818381,3733.658151332813,202274840.43565464,155135140.60586348
36,52890.950757813465,4479.937586831878,247023608.44763976,155135140.60586348
37,53031.92328345419,3950.079637267196,222253482.78833532,155135140.60586348
38,52359.09902251411,3820.064525617096,206192344.6368125,152754857.8154961
39,52885.08397625481,3607.3719160560663,195903682.20864257,152754857.8154961
40,52118.22696236327,3086.638631682765,160875552.28609982,152754857.81549606
41,55516.5747985365,5399.565312310288,320233213.4368093,151847961.75393534
42,54537.88360151041,4447.193657779632,259305585.9027678,150305642.0537807
43,51126.57479077643,2868.5339874776723,146673640.6868196,130107763.18814433
44,54080.26359193289,5106.008711131249,290035286.2089569,130107763.18814433
45,51084.31493838715,2812.56952923629,143752403.78384465,128032427.28841178
46,51383.938404283304,3400.5511315976305,180159346.09118843,128032427.28841175
47,50325.14113050956,2686.535932135993,135231848.59497866,127425493.75905836
48,52825.946006024606,5136.2017536278745,287583531.7949785,127425493.75905836
49,51145.99621691821,3600.1057888843925,190648124.47826996,126885516.86219092
50,49988.943541320754,2697.063561614437,134804369.17327908,125921825.0288345
51,51358.153305267406,4087.8900710875882,220910178.7846903,125627594.77166234
52,50659.502603704714,3405.3853436282407,178048552.4026539,125627594.77166234
53,51319.23903890955,4054.6568437689884,219304757.7455755,125521397.23395231
54,49964.9282418111,2785.6982748012115,139445910.93868214,125521397.23395231
55,51447.59007450097,4349.910855042397,234719543.59648466,124210657.00790815
56,50107.40424979352,3694.610445740405,192439190.25097612,124210657.00790812
57,50211.33390997643,3538.364086407198,183850940.37641358,122694739.34912038
58,52406.36784833995,5032.491711205164,284409486.4601532,122694739.34912038
59,49852.24107967377,3705.2939271943696,191849247.7260257,122694739.34912038
60,51559.406357571825,5130.189970522789,277700823.75018954,122694739.34912038
61,49446.68177319175,3440.0351891796913,175386486.0221816,122433635.10915332
62,49159.85755727766,3505.0588218259604,179203395.3167732,122433635.1091533
63,48275.63766523572,2572.9161614818577,124241661.93182568,117656838.85164368
64,48394.06437009052,2549.372803522698,123435476.2105033,117656838.85164367
65,50134.9626675283,4160.996524774284,220665655.53851885,116252596.11994973
66,50831.53912469847,4975.0910773112455,269721053.8982021,116070495.44599256
67,49059.82187134526,3503.7088621803223,178848667.85461992,116070495.44599256
68,48262.899577918244,2606.4524128042585,125797854.30127351,116070495.44599256
69,47975.38419971603,2708.3534261393834,130097851.32984836,113584121.18767083
70,51236.74064366248,4122.729390488854,236729637.0399223,113584121.18767081
71,47687.16355811844,2678.6888436060804,127893836.00062566,113352712.6066734
72,48379.082972403965,3391.785638125518,171115970.7509134,113054487.55686846
73,47489.85276519228,2573.728328999709,122254634.77997592,113054487.55686845
74,48242.130791971926,3165.5609028182625,158500618.51605847,112489501.04419138
75,49045.60883592602,4093.1990913786876,213552957.01193818,112057168.07256918
76,49651.36138129672,4844.209381535881,255022353.95812112,112057168.07256918
77,49679.72929098374,4855.967960580839,258890742.04946432,105908599.85940787
78,47922.49198764485,4086.6068804342603,206858399.53674573,105900144.53637947
79,48041.36023227024,4118.27029035523,210126263.52359083,105900144.53637947
80,47827.918694564396,3955.5612413974013,200616582.2038532,105418268.07486376
81,47132.81483443723,3268.5071274327115,162416729.76348734,104246551.85380994
82,45515.486415841806,2565.1399549712196,116759274.43385872,103816312.69423042
83,48385.13182632723,4898.418326595485,252123720.50297698,103816312.69423042
84,47134.13473881243,3987.3148571190372,199473225.9278046,102505839.4156373
85,44881.989921143664,2485.392852421326,111579784.27846241,102505839.4156373
86,45796.962414819056,3065.785000359524,146625925.1115274,102009131.11198105
87,47664.47035908622,4803.65746013948,243471362.13938776,102009131.11198105
88,44827.49452914187,2363.735968384955,105984575.7970407,102009131.11198105
89,47586.555123636346,3974.8700967870354,207025170.20929566,102009131.11198105
90,45833.488832516465,3172.436961253768,151183657.7796465,102008705.72568224
91,46725.75527158687,3227.995554970491,165346717.9302118,101991091.6696052
92,45566.24104940049,3220.329539207903,153130618.77865043,101991091.6696052
93,44690.63805666554,2426.9331579351624,108680853.83607905,100901952.13340242
94,47119.777171083246,4772.411780486468,240936766.79883942,100771266.84163387
95,47031.08327325634,4109.8361579323755,214047082.28940576,100771266.84163387
96,47806.20293260248,5624.920601486785,286818498.0614969,100771266.84163386
97,47866.29426427274,4871.425575260731,253609034.93792248,100771266.84163386
98,43853.52145987451,2422.293072382699,106226081.23184004,100771266.84163386
99,46945.694731119096,4608.903670687944,230958575.4347294,100771266.84163386
100,44960.41314845957,3113.9064148576263,145638119.04804355,100771266.84163386
101,45786.22332247222,4014.192848327136,196531154.703196,100079026.28693478
102,43735.425978824016,2345.006920499651,102549672.26067498,100079026.28693478
103,48830.5599542687,5552.271793858623,292926367.2287795,100079026.28693478
104,46744.60857520885,4919.049895335739,246753886.5209759,99638269.39128417
105,44646.107291994536,3209.4670817734013,150263282.98442486,99638269.39128417
106,45571.53459169723,3980.140263800576,192346208.99037793,99638269.39128417
107,47305.58021955064,5683.210070821335,286500596.8164187,99638269.39128417
108,45889.16822082692,3859.834341805011,187345988.97477192,99638269.39128417
109,44589.11187166728,3372.552469897129,157661090.75749284,99444748.76456183
110,43887.250059189,2442.2692441781232,107317938.68674453,99444748.76456183
111,45564.60986520878,4043.0969123101727,198047149.33666715,99137564.38411885
112,47544.62326907178,5094.046810380281,264170060.42482686,99137564.38411885
113,46627.345902755114,4702.96772002411,234594088.87699047,99137564.38411885
114,46527.34762582304,4903.941292345383,243856453.1816287,99137564.38411885
115,44449.779832578846,3160.92220019065,146761313.5657652,99137564.38411885
116,43467.59525165123,2428.4418173345575,105581851.97507228,96677492.53883791
117,45606.29165621574,4049.4788851577023,198311206.0429917,96677492.53883791
118,45367.60512707225,3912.284369699379,188988056.86583346,96677492.53883791
119,44496.731730023195,3243.680347975754,150193858.87770453,96219489.2248749
120,43459.82032453823,2527.177831669828,110015057.50071259,96219489.2248749
121,47115.456858267964,5316.600212590047,267321931.62232202,96219489.2248749
122,45133.141569418935,3823.2641661174757,184891360.03145072,95569728.54385848
123,48016.056146829884,5722.962945810853,297975860.4088477,95569728.54385848
124,45848.59596147256,4835.9789926902595,237541022.26749936,95569728.54385848
125,47043.65225976404,5518.386411790494,278698440.7309326,95569728.54385848
126,45676.19606271956,4786.179976173452,235479037.39825162,95457667.39930911
127,45015.63805509038,4006.7819285462306,191780425.96506172,95457667.3993091
128,43233.20661773787,2399.155202610492,103766753.59116232,95457667.3993091
129,43211.93818287946,2414.7272914089313,104399732.04511158,95457667.3993091
130,45030.60177790125,3958.0188770262457,190906006.97576752,94669031.935665
131,45618.239520414674,3973.272166543216,193311253.795657,94338280.9421073
132,44520.73145431943,3037.386846366075,141145673.31819886,90847713.09947915
133,46385.197452893626,3183.3396689560605,168225714.9739793,90363894.3649289
134,45494.79455282674,3897.2646268077215,189498011.73123792,90363894.36492889
135,45708.30092245578,3987.692601125368,194585958.81599382,90363894.36492889
136,44257.64144386964,3032.9662057241494,140200467.98773372,90363894.36492889
137,46322.292714137286,3995.269405965708,204277579.72359854,89241881.68339908
138,45216.40761116256,3152.004385674074,157261820.21556035,89241881.68339908
139,45087.22392629018,3816.9484245676663,182216657.04607326,89241881.68339908
140,47088.698954055755,4893.4667605899585,253229502.2267204,89241881.68339908
141,44431.37994584908,3074.596306683565,143857413.4083132,89241881.68339908
142,44181.5966825936,3022.6966229128275,140307734.31227607,89241881.68339908
143,44288.457343649236,3042.4205613707963,142109365.88703808,89241881.68339908
144,47104.76312869739,4805.853624271627,249366985.2032457,89241881.68339907
145,43319.04507825285,2189.157125038057,94870832.65658161,89241881.68339907
146,47109.27050185042,4856.486727644389,251095304.92709962,85117763.69301991
147,44712.832383502595,3220.757925555358,150858421.96584684,85117763.69301991
148,44312.00409672989,3299.598169242329,153673233.66514936,85117763.69301991
149,44586.31772440777,3214.7906400686484,150605414.64580452,85117763.69301991
150,48099.17177661738,4608.6045340703195,251019364.67933884,85117763.69301991
151,46203.68774808945,4842.086809497307,241811230.84135467,85117763.69301991
152,47106.158652521946,4714.58294886146,243224536.19547552,85117763.69301991
153,47060.96204965176,4648.185253062434,242639555.3610061,84160075.01323336
154,45138.22490740036,3853.134901953632,185949505.07812148,84160075.01323335
155,43528.35510920956,2351.0353110617734,102513453.99997368,84160075.01323335
156,47466.469925443795,5564.601825972875,281377863.5233036,84160075.01323335
157,44273.53951535464,2939.614973231676,136835057.51469624,84160075.01323335
158,49884.617488099786,7030.1152448215635,374017376.5047991,84160075.01323335
159,46049.26042853256,4755.677991624695,236056651.2476061,83989631.38987741
160,45167.69326622393,3115.048004307026,154826499.14186758,83989631.38987741
161,46064.492877606666,4827.896641223235,239005653.4299386,83989631.38987741
162,46346.09136438842,4938.634967405837,246659733.6005672,83989631.38987741
163,45255.021274207254,4060.0716444518976,196158452.96261686,83989631.38987741
164,45268.80453745349,3893.8785372700377,187868466.71706694,83989631.38987741
165,46973.62412031809,5659.135135969491,284570239.01844454,83989631.38987741
166,45290.268809928755,3726.8256263489575,179092341.57106465,83989631.3898774
167,45271.16568199608,3883.8165700618506,188143241.10821086,83989631.3898774
168,44382.44698113323,3196.5346540732207,147542515.58501136,83989631.3898774
169,44316.4681494729,3057.252915704456,142894420.8485444,83989631.3898774
170,45374.78594247314,3936.2447730988088,191657723.79958063,83675225.03014883
171,47893.38238210601,5513.664356888583,289266891.33173937,83675225.03014883
172,46968.33750632377,5456.455942090516,273858607.0296723,83675225.03014883
173,43252.68032651643,2247.675218915957,97394795.16156809,81671038.70221025
174,45981.8550129909,3722.6664109692692,192868777.10723883,81671038.70221025
175,45036.22999352215,3090.9919654317937,153475959.99650893,81671038.70221025
176,42913.88317690309,2192.027770573769,94122557.14637685,81671038.70221025
177,44857.920499776534,3714.530710404085,177469478.30428964,81671038.70221025
178,43947.68884758812,3188.225252183679,147765755.0065226,81671038.70221025
179,44033.329260485756,2942.4072800587205,136483502.72823286,81671038.70221025
180,46220.64672751348,4066.160867417538,208335412.6022144,81671038.70221025
181,46745.075465665446,5359.880693401914,268738358.2966357,81671038.70221025
182,44395.03957666071,3201.4677469088883,149626450.33772525,81671038.70221025
183,44135.196751432304,3002.168063109141,139026761.05720645,81671038.70221025
184,44947.63433027251,3846.1933179563557,185137531.42017728,81550898.8586104
185,43067.31806866168,2053.2891049632663,88457141.6757973,81297478.98430096
186,43772.0809557589,2972.1241112975385,137051545.40906212,81297478.98430096
187,45852.273882740934,4799.3336145899075,236867706.12515277,81297478.98430096
188,46718.28480704169,5537.062789363107,276961098.12106335,81297478.98430096
189,43990.57876960664,2919.1553480185335,137052472.19244093,81297478.98430096
190,46844.37348292736,4792.381889067612,247282131.48731112,81297478.98430096
191,45197.74937267752,4081.1324262300477,197882418.94139618,81297478.98430096
192,46590.20525696523,4816.9895938090285,247200140.94912586,81297478.98430094
193,45068.541649784136,4051.170159043523,194882601.90493432,81297478.98430094
194,47592.395607497594,5503.543635492551,287549462.87075174,81297478.98430094
195,42743.037509347836,2079.539077446877,88931607.84967166,80005623.94470344
196,44190.731011061405,3670.39432670949,176049768.95106107,80005623.94470344
197,44188.34432335843,3004.141349830976,147206462.7485333,79761162.90462542
198,46118.47680007493,4700.691249244493,240480605.76015955,79761162.90462542
199,42094.232370528814,2001.075399513904,84269406.64125904,79761162.9046254
200,45875.49228802211,5625.611082127952,276882048.90958726,79761162.90462539
201,43262.65040915493,3113.58321564085,141700043.28949863,79761162.90462539
202,44742.28656624771,4524.680168282379,218868771.4017841,79761162.90462539
203,43966.999871389635,3819.974230476992,181609263.89292863,79761162.90462539
204,42852.139424168636,3093.8104338834996,139516610.4879244,79761162.90462539
205,42026.165386179215,2016.20089701168,84752471.69792351,78915025.68351574
206,43036.78944556111,2912.8687640694725,133309472.03999992,76729906.91031647
207,42821.35749889368,2960.4388080030308,134653306.9958437,76729906.91031647
208,44090.56009026802,3767.4053865606497,178511238.21031693,74594846.47897702
209,43609.185168853655,2830.127665749519,130230413.84489067,74594846.47897702
210,44397.16446381522,3682.23706237194,176740437.95250535,74594846.47897702
211,45545.55527259315,4697.197172001515,230764452.9493382,74594846.47897702
212,43307.218378046186,2943.481676143951,135178565.1103441,74203960.50825948
213,44382.549556152386,3957.7822415782853,189009017.77950373,74203960.50825948
214,44163.198455334925,3725.9896250563024,177939850.82877803,73647409.80502261
215,45091.43050460935,4583.117590230244,225804567.9005931,73647409.80502261
216,44942.52261018019,4526.614207078727,220146160.35113388,73647409.80502261
217,44487.9864055089,3885.7481070085473,186476515.359893,73647409.80502261
218,47037.3231205793,5492.766225469624,282567120.5334442,73647409.80502261
219,44127.82091045225,3790.555308033491,179997433.70721033,73647409.80502261
220,43172.73938995576,2861.019635211568,131567241.01562686,72518321.30335684
221,46147.90679101883,4746.849471156551,240543292.63807186,72518321.30335684
222,48644.27703085933,7214.878312127143,370011978.61745834,72518321.30335684
223,44347.67685333184,3666.3228049942795,176125487.375431,72518321.30335684
224,43124.64540916637,2785.135787442034,127599344.90941682,72518321.30335684
225,43266.94992134044,2880.9866725669604,131676003.86292188,72518321.30335684
226,43263.64865810418,2793.680269417723,128760844.37924337,72111001.75580561
227,43201.53494535015,2902.629474455959,132730598.64661483,72111001.75580561
228,42305.076048433286,2013.1556152270955,85224667.61003818,72111001.75580561
229,41909.39448800864,1977.3049805010596,82876087.02130751,72111001.75580561
230,43786.80944754116,3584.8026845133622,169652600.12338558,71929222.18054602
231,45874.72455804542,4614.543392585294,235274485.97726363,71929222.18054602
232,43882.09634396465,3845.577466197427,182176828.37288445,71929222.18054602
233,46048.63450847745,5369.167767367699,264178252.33386293,71929222.18054602
234,44748.30392708839,4546.891710426261,219434158.61565152,71929222.18054602
235,44139.99472127293,3878.327071664515,183439423.89239973,71929222.18054602
236,46785.681180823216,6261.824009930571,311285316.25458026,71929222.18054602
237,43871.15356908417,3510.1391477080238,164768531.9276887,71865018.5933251
238,44616.37426753317,4633.189470032898,224075899.1327401,71865018.5933251
239,42006.64560544605,1985.0871898849205,83444294.66054994,71865018.5933251
240,42806.46610127794,2800.738462658689,126465457.28877921,71865018.5933251
241,43989.715784833286,3640.1289279297316,175453063.0878318,71133102.36513011
242,45796.497430315954,5419.18405625423,268431072.1466782,71133102.36513011
243,43860.401827178895,3726.2141100898734,179285437.07336843,70548243.48282242
244,42802.30573884851,2928.83995890543,132933776.78041673,70548243.48282242
245,45770.1394925429,4410.916621418723,225462762.83431453,70548243.48282242
246,44007.73096914758,2790.4007111102605,138419896.95241225,70548243.48282242
247,45642.38601085448,5342.898871006855,263109551.9083898,70222836.68872379
248,43247.507165551724,2700.809477493526,122869601.47154562,70222836.68872379
249,43606.54992019794,3088.5539640618667,141725705.19830662,70222836.68872379
250,43012.362983056795,2866.385563700515,130255209.41410747,70222836.68872379
251,44255.41480613916,3669.051401917931,174781401.23122388,70222836.68872379
252,42092.375430401014,1961.7077222712073,82668297.87887171,70183748.72819753
253,46525.051322693704,5860.466490482101,291165550.5923023,70183748.72819753
254,44093.22872970467,3557.945479669378,168836384.09996796,70183748.72819753
255,45679.93704365687,4744.670494082113,239378636.14229327,70183748.72819753
256,45065.116008759745,3977.808678854964,199987864.95557243,70183748.72819753
257,45134.767283963265,4437.116719239844,216723703.5526882,70183748.72819753
258,45026.332062404676,4487.747634094233,217307720.44106454,70183748.72819753
259,42835.66988499035,2919.3642540758738,132136902.72336407,70175828.68672177
260,45599.49988856939,4735.868260695906,238735143.14875808,68685196.0191188
261,41339.490936713715,2073.665867005312,85890132.06819388,68685196.0191188
262,43908.9624027922,3684.0113749224242,180732632.8165162,68685196.0191188
263,44881.78398375941,5480.823999896093,264965106.94911274,68685196.0191188
264,43503.465578331685,2790.1136437059363,136774017.39242443,68685196.0191188
265,44266.84896454653,3790.8975157636255,187009073.75348094,68685196.0191188
266,41604.866562005715,2169.2335445642725,90395215.3503221,68685196.0191188
267,42903.030299999555,3649.3809053073974,168830058.4482768,68685196.0191188
268,42321.840531921036,2695.0497308950535,121882168.40181465,68685196.01911879
269,44052.931486988375,4540.136362072376,217385606.22564667,68685196.01911879
270,44207.45229824529,4512.051793137739,217700282.2054258,68685196.01911879
271,42195.59337010737,2903.817035772645,131086842.37416318,68685196.01911879
272,41263.66251696876,1963.3650906686598,81115161.01708668,68578456.51899804
273,42075.9460213667,2809.830001566612,125773495.6893321,68578456.51899803
274,42179.25477502318,2821.696621805823,126125204.98847656,68578456.51899803
275,42436.65139546372,2995.5310039702285,134745473.56290066,68265931.04061829
276,42994.27991083674,3448.8750922476916,162081337.72321656,68265931.04061829
277,45998.43147080561,5655.270729498266,287253382.62137026,68265931.04061829
278,42805.34192772315,3768.8116098747946,175875765.72486573,68265931.04061829
279,42083.36412361347,2835.9143382767875,126733938.016602,68265931.04061829
280,41858.50253341072,2633.237529559295,118240348.09280328,68265931.04061829
281,41932.20865265465,2767.0874030507125,122396886.33059147,68265931.04061829
282,44181.953186765604,4604.701440823167,221443871.9516055,68265931.04061829
283,40998.94603947561,1806.8789799917581,74186969.19467919,68265931.04061829
284,43854.102621628685,4414.08011150533,211437371.97865397,68265931.04061829
285,41819.458920141165,2622.8043542294336,116116275.21664706,68265931.04061827
286,41029.28798018047,1907.863724940223,78370320.15515217,68265931.04061827
287,41858.903998673486,2777.6578405869377,123817202.37792173,68265931.04061827
288,41150.0428155554,2157.05519598351,88817658.87118413,68265931.04061827
289,44776.69084042901,4652.8333315468935,231822434.5426394,68265931.04061827
290,45133.07244669441,4556.353012687268,228201389.14760286,68265931.04061827
291,43785.91047435968,4471.437266893819,227745542.93644604,68230286.85536116
292,43983.329764976836,4267.9439484385275,205247378.64430317,68230286.85536116
293,41839.19471247944,2777.642796664878,123603118.84955892,68230286.85536116
294,44040.810748236916,4521.489292860642,215453492.10018745,68230286.85536116
295,42963.944213984316,3610.266063292901,166670723.53650206,68230286.85536116
296,44732.95602046158,5475.212743480497,264600573.4734412,68230286.85536116
297,42987.68179108911,3010.771076010479,147093323.4577923,68230286.85536115
298,44304.58616080225,4626.961586279071,223268432.04016536,68230286.85536115
299,42922.577914041205,3759.336682166163,175141744.00297728,68230286.85536115
300,42032.03385152106,2863.5201083627253,127833546.56635931,68230286.85536115
301,42843.01571585714,3524.4901351308195,164317985.38610765,68230286.85536115
302,43610.34858673789,3585.857085457349,177438219.16724515,68230286.85536115
303,41131.69243387092,1980.9317709565366,81646176.24341425,68206367.5729083
304,41880.46014834829,2886.2510092643024,128677438.3169136,68206367.57290828
305,43158.67203674446,3716.8022530363332,173827499.49700552,68206367.57290828
306,40738.96956670662,1730.2548001848131,70504948.03150508,68206367.57290828
307,42678.395999330976,3530.7805092593635,162839899.63246536,68206367.57290828
308,45697.677921962415,4576.80075310537,239618966.61482334,68206367.57290828
309,42872.77095995723,3465.9655362983576,161446691.21040553,68206367.57290828
310,40945.290710398614,1799.983972935679,73779768.2653807,68206367.57290828
311,41867.727278689556,2774.1658749456424,124650304.67736045,68154182.13256547
312,41798.87161247501,2888.901095518232,128738747.72417095,68154182.13256547
313,42890.25319471462,3043.7974029641614,144375134.57329005,68154182.13256547
314,42949.57812327469,3881.5685872953777,181453105.75170928,68154182.13256547
315,42922.70379566816,3666.676606492538,172083843.07452628,68154182.13256547
316,41117.05725293291,2212.453702940893,91221563.10509585,68154182.13256547
317,42979.46409887043,3692.2274322795556,172080503.13993415,68154182.13256545
318,41913.4057171443,2854.887934869227,125993396.2101126,68154182.13256545
319,42070.54134808492,2933.6729387424934,132092564.62888403,67923489.91604534
320,41999.11972105262,2950.123730302683,131305690.9462138,67923489.91604534
321,42023.93480823959,2942.9775503663595,130442112.98056975,67923489.91604534
322,43516.61312430758,4564.089286558418,230887307.3647817,67923489.91604532
323,42610.02075428687,3700.2147470698196,170756402.141744,67923489.91604532
324,44535.13769056312,4528.645316408705,224905473.38992435,67923489.91604532
325,43026.569666945164,3727.409536775329,174632525.36840793,67923489.91604532
326,41805.16190250321,2966.8509669418427,131626195.16629481,67923489.91604532
327,41826.28122498724,2896.8299576194613,128838852.48314178,67923489.91604532
328,44788.75106538429,4384.791863000022,218636421.0588432,67923489.91604532
329,43743.14205910459,4466.449134435423,212557103.94754833,67923489.91604532
330,45563.74784456203,4629.323356943346,240746291.63508612,67923489.91604532
331,42931.84281656292,3668.991205290052,169461791.50890502,67923489.91604532
332,41719.01780264785,2793.248247855177,123070184.11226788,67923489.91604532
333,41981.8470656769,2650.014219707374,117929783.54995458,67923489.91604532
334,41808.97377705746,2778.9944778140243,123164994.61479215,67923489.91604532
335,42727.06837144921,3772.020540311819,175099251.6024747,67923489.91604532
336,42968.064391990134,3858.2668703828394,178527080.56524903,67923489.91604532
337,41650.83001695308,2592.3082512421197,114305285.36045083,67923489.91604532
338,41069.010191028334,1942.1201518551068,80115086.27759299,67923489.91604532
339,42740.271727212006,3725.683421969329,172555875.8856574,67923489.91604532
340,44614.301117764626,4507.287788220562,225292167.44119686,67923489.91604532
341,42611.43472589002,3668.057399335635,168152932.3101399,67923489.91604532
342,44039.063621611844,4294.901880515064,205514689.49743694,67923489.91604532
343,43637.041809738854,4465.098644006708,211844874.0941829,67923489.91604532
344,42598.41313414235,3588.6596024363585,166409272.19039708,67923489.91604532
345,41795.17675296995,2775.2826567687903,123428469.35865149,67923489.91604532
346,43685.08055262608,4620.819608497824,218170801.68075332,67923489.91604532
347,42801.48324772227,3503.792308948117,162984437.9126665,67923489.91604532
348,41845.770988386306,2582.4928659912503,115639744.3196985,67923489.91604532
349,45448.88726395234,6206.2241587754315,318666465.7605594,67923489.91604532
350,41773.482734800644,2724.0955393297327,120876795.45964703,67923489.91604532
351,42642.15351668555,3548.428482484269,165957699.95146897,67923489.91604532
352,41731.08799738202,2869.1912309471127,126940541.56635506,67923489.91604532
353,41705.99585859281,2758.8141552082043,122200068.34106576,67923489.91604532
354,45571.54544740796,5378.786910857472,291308667.55113876,67594522.11168195
355,45554.33472328391,6177.655041481075,300983811.40320283,67594522.11168195
356,43239.28320739608,4522.307939734467,227355718.177308,67594522.11168195
357,40774.20028926089,1862.0451195183691,75955066.80214846,67594522.11168195
358,43395.0481172357,3634.168006987129,177473744.6133701,67594522.11168194
359,42525.6711591615,3617.282850254446,165748831.95910883,67594522.11168194
360,40923.73951538508,2066.979161476802,84719539.56924962,67594522.11168194
361,43439.52283935872,3704.0018226485017,180944904.16663474,67594522.11168194
362,45583.75043272727,5337.957099003774,309214415.8634694,67594522.11168194
363,42359.96419626505,3638.1005907191548,181736387.95536992,67594522.11168194
364,40511.07152567272,1900.2818571425123,77049509.5869807,67594522.11168194
365,43409.98138299224,4583.304707419164,216419730.02449614,67594522.11168194
366,45484.59801376493,6201.998654900459,304697277.4875183,67594522.11168194
367,41571.14970855821,2596.110973023377,114328388.17401457,67594522.11168194
368,41447.75608303588,2795.7342135909435,123759331.39740126,67594522.11168194
369,41407.20700442254,2673.7613204356676,118369614.5381381,67594522.11168194
370,41432.17585731436,2682.446325381232,119052375.83863537,67594522.11168194
371,40786.377168041756,1877.3178627237044,76715279.57884613,67594522.11168194
372,42551.86934784431,3558.13047376053,164972124.7196381,67594522.11168194
373,43556.58498689922,4388.778843126294,208652062.21720862,67594522.11168194
374,45323.91062503587,5197.483317037159,274954924.18147373,67594522.11168194
375,44203.94401280998,4516.873684918744,221896741.11684355,67594522.11168194
376,41626.15325966872,2755.3225498622874,122538530.50948027,67594522.11168194
377,42818.80714742909,3016.8210723369025,145077169.07205278,67594522.11168194
378,42714.09719612061,3571.5807903059176,166800318.01422343,67594522.11168194
379,41432.92701207272,2880.3357326385794,126962678.94377747,67594522.11168194
380,40444.858669547124,2017.7100490343105,81613662.69399273,67594522.11168194
381,41556.91758497676,2915.259081724731,128791898.48288171,67594522.11168194
382,44375.11091362858,4501.3526478762415,223806131.02132493,67594522.11168194
383,43296.33946307704,4335.64201511877,206005064.31771642,67594522.11168194
384,42321.67204751022,3598.1218433739896,166880438.62822652,67594522.11168194
385,42812.356267439165,3691.3746625274193,171447617.12740463,67594522.11168194
386,43506.96701135217,3800.403792991978,186192329.98529103,67594522.11168194
387,45458.07881177932,5193.375289353542,261878973.6802547,67284954.09436424
388,41379.12340745447,2795.6320253679787,122304059.49931689,67284954.09436424
389,40454.428522616465,1909.6802812497585,77288032.61147109,67284954.09436424
390,40464.24091165481,1950.679754902168,78979401.28475867,67284954.09436424
391,40405.130007741835,1785.138872070178,72159918.67624998,67284954.09436424
392,45021.420923168975,5264.124512016337,284875393.7725257,67284954.09436424
393,44391.01960594064,4565.308896655586,227451727.88534126,67284954.09436424
394,44209.88767453628,4547.9634256327,239436102.90633267,67284954.09436424
395,40553.96023681457,1889.8459200666923,76729743.0507749,67284954.09436424
396,40537.889655397696,1916.8813930730623,77885133.31751832,67284954.09436424
397,41633.02356656843,2662.2063710458883,117133114.68918812,67284954.09436424
398,43453.63677102036,4669.036342482778,234615613.60429984,67284954.09436424
399,43183.66093519564,4472.052203560666,210192565.733866,67284954.09436424
400,43309.424740322494,4396.179779005346,207473833.6707897,67284954.09436424
401,43358.98737528787,4504.589412797535,214082026.31919497,67284954.09436424
402,45337.47399723107,4576.629037611443,236907532.1105954,67284954.09436424
403,43488.37040929218,4558.137809118454,214388029.13963482,67284954.09436424
404,43457.19449006645,4620.914013761826,233004831.1217615,67284954.09436424
405,42510.813175899624,3579.668570726592,164233643.04858333,67284954.09436424
406,41260.321004379846,2900.2731002883775,126924819.73537655,67284954.09436424
407,43469.24620449886,4614.841178454958,219815433.84318057,67284954.09436424
408,42213.32095479455,3614.6472096245934,165611231.32077503,67284954.09436424
409,41424.585832415774,3040.3381561810706,133486054.0013957,67284954.09436424
410,41319.63596736875,2651.4243496121358,117303151.65790102,67284954.09436424
411,43121.40075723824,4487.172837755634,227984732.6386993,67284954.09436424
412,43763.15363297199,3568.748366127597,176934541.57301378,67284954.09436424
413,42424.971518048565,3575.127106768944,181787300.72609943,67284954.09436424
414,41498.855027059355,2832.3260339359535,124618379.43979113,67284954.09436424
415,41467.75057145775,2827.0753936355095,126355540.02861997,67284954.09436424
416,43176.952504007386,3807.929781575981,184242085.1367333,67284954.09436424
417,42458.798147362875,3683.3130503316834,167928169.93990538,67284954.09436424
418,41439.23876705834,2691.885507764945,120041877.39142779,67284954.09436424
419,43070.628107727214,4376.237698263611,204816557.29709172,67284954.09436424
420,42922.00320949185,3487.450679542225,169101843.6766768,67284954.09436424
421,43108.58827071903,4454.601358083755,210255257.94980544,67284954.09436424
422,40798.53138025976,1949.096695360528,79798881.59512332,67284954.09436423
423,42783.79816913187,3789.2224781904542,173963312.1875397,67284954.09436423
424,44289.76652006041,5215.6960272283995,250618885.29615936,67284954.09436423
425,41481.736202618165,2866.8223275800724,125883207.88211481,67284954.09436423
426,41429.49115746816,2765.84382483164,123350505.52709007,67284954.09436423
427,42703.12181388201,3599.4043140785043,166723103.79792616,67284954.09436423
428,42221.839688421845,3608.738129973795,164973292.934358,67284954.09436423
429,45127.732474508324,6261.434921298331,319540128.6945214,67284954.09436423
430,40541.245621195194,2069.487476848098,84063517.48301704,67284954.09436423
431,41456.014549325715,2789.8381938207904,122776773.52175245,67284954.09436423
432,44438.40364218841,4635.099611943203,244437079.871948,67284954.09436423
433,40373.0729907443,1977.9715925743403,79887926.6339385,67284954.09436423
434,42449.78436446647,2879.0301309342894,136749265.4564889,67284954.09436423
435,41626.84885182162,2913.907021133697,129833856.71261933,67284954.09436423
436,41431.10363567564,2831.7751947103147,124621331.30896644,67284954.09436423
437,41454.99310721822,3013.737827046291,132177311.04926929,67284954.09436423
438,44342.13230267046,5283.283924390664,254241420.33548012,67284954.09436423
439,44136.42849261004,5322.909310956888,270192909.46049416,67284954.09436423
440,44397.089822644586,5574.681543623844,283473095.4982767,67284954.09436423
441,44126.07070119459,4405.2809296899295,216832798.833021,67284954.09436423
442,41344.056000625365,2865.972687509204,126499098.43881743,67284954.09436423
443,40588.92115990138,1950.0263965327395,79263948.4510069,67270201.23903312
444,41473.37246695257,2777.33426640398,122651504.70149863,67055292.38089366
445,41029.221157267086,2834.594610597304,122611211.90028529,67055292.38089366
446,41680.36012131938,2964.805373723446,131770735.8373312,67055292.38089366
447,41647.050077460284,2945.8826174178344,130720087.24596468,67055292.38089366
448,43128.260785874285,4438.3124096668,209486098.3635435,67055292.38089366
449,42345.25972007736,3886.067891112176,178067402.32104066,67055292.38089366
450,43143.83790312965,4394.306759320222,207337353.88961133,67055292.38089366
451,41350.210535789876,2828.023530142721,124075955.32610688,67026261.82485616
452,40284.16604237475,1891.7391442374562,76287381.72722228,67026261.82485616
453,43208.184805199824,3582.365715119645,175461238.2979052,67026261.82485616
454,43087.4268794848,4343.155272171253,203955874.07152614,67026261.82485616
455,44395.97072297412,5442.614852448421,263631534.94341627,67026261.82485616
456,41276.32695918521,2819.9525120258404,123486882.49737051,67026261.82485616
457,40442.18643605565,1959.0280309849854,79307677.3534578,67026261.824856155
458,41126.396195176625,2812.99540135691,124522423.76251741,67026261.824856155
459,41404.68661045375,2883.370948727569,126627995.83401248,67026261.824856155
460,43024.33118407331,4389.569911565524,205176655.34369937,67026261.824856155
461,41311.22780744622,2827.1889786477836,124506168.45819783,67026261.824856155
462,42133.143741009706,3755.9436906005562,171168397.1091299,67026261.824856155
463,44076.405908625144,5307.945599799402,252578639.64757395,67026261.824856155
464,41078.479524650975,2702.8201884711093,118439251.73384587,67026261.824856155
465,43147.46052251638,4641.582492263183,219056710.71579224,67026261.824856155
466,43217.14984241035,3807.529977521547,185647664.52845538,67026261.824856155
467,44357.661910936535,4610.0261367290295,251305118.5611733,67026261.824856155
468,43224.75546003238,3636.651812041569,178860556.93170312,67026261.824856155
469,44951.55010665122,4716.918989493041,256681081.98309907,67026261.824856155
470,42383.30086289659,3589.959259389218,166452171.89055148,67026261.824856155
471,41185.7245681441,2849.4711129204507,124405831.050608,67026261.824856155
472,42253.37856605661,3650.1520944319964,167877633.19581518,67026261.824856155
473,40889.77527923601,2094.929391586734,85902542.58299468,67026261.824856155
474,41305.91796027404,2758.937266668868,122495519.32093735,67026261.824856155
475,43242.76652069914,4399.567049416761,205849764.16712123,67026261.824856155
476,43097.46805330961,4426.1961452921505,207179275.01655424,67026261.82485614
477,41401.99144325881,2766.6828845904397,121589199.66021964,67026261.82485614
478,40137.673782915655,1939.7041209367806,77866865.92381325,67026261.82485614
479,43235.52363224699,3761.145972868023,183073884.4490119,67026261.82485614
480,44226.82044990227,4674.123819194231,229229330.8926262,67026261.82485614
481,43730.63513830445,3694.5072283422182,207253336.23673508,67026261.82485614
482,41054.30033431412,2842.9641629432367,124350531.59397578,67026261.82485614
483,42170.57431356642,3587.40845806375,163442704.98489517,67026261.82485614
484,41309.88300158692,2839.83333630855,125059269.68937428,67026261.82485614
485,47073.57000405084,5456.345952342715,316916231.2284457,67026261.82485614
486,42068.441522186426,3666.7778203203707,167861866.43686587,67026261.82485614
487,41382.74450760041,2829.450910053702,123992668.6750946,67026261.82485614
488,42557.05271681859,3637.264430906152,168617673.38584775,67026261.82485614
489,40309.5481144983,2017.7053478031353,81410011.55655015,67026261.82485614
490,42923.43089355286,4491.755296478369,210917467.07660145,67026261.82485613
491,43884.14172513047,4589.422485718982,224117436.49996576,67026261.82485613
492,44226.93108314827,5450.402055062204,261549569.62879658,67026261.82485613
493,42059.09170079879,3425.934961605302,156995645.192466,67026261.82485613
494,41423.803040676474,2800.1680929930267,123840724.04080582,67026261.82485613
495,45438.0881708261,6544.440543119965,317840326.2325668,67026261.82485613
496,43279.11134750084,2864.9060429897863,145250852.42652044,67026261.82485613
497,41148.81952212438,2934.709402106925,128084447.31011781,67026261.82485613
498,43072.28173506846,4494.061184179244,210580346.3408062,67026261.82485613
499,41244.5221002548,2717.9108809509535,119413314.66428451,67026261.82485613
500,43001.00917056114,4645.65343998078,216563494.93447328,67026261.82485613
501,43270.50544521368,4622.633619719885,217513751.43819952,67026261.82485613
502,42980.574680393285,4481.945469378081,224813691.837354,67026261.82485613
503,43078.09262852026,3601.839015058145,176427786.0726195,67026261.82485613
504,41101.68891957229,2739.406527230285,119278773.20934391,67026261.82485613
505,40510.138505267416,2050.1126951630795,83299828.16543531,67026261.82485613
506,42160.35302642605,3775.0529182292075,172218575.13057047,67026261.82485613
507,41172.197986168365,2855.6039183609328,124697913.22166452,67026261.82485613
508,43277.055024781555,4488.1305988232625,212295093.64353448,67026261.82485613
509,45129.75480233968,6443.063873208204,311285360.7842144,67026261.82485613
510,40294.61186684761,1835.181463437743,73965281.91826805,67026261.82485613
511,42038.28702108049,2760.897774756529,131904356.58278234,67026261.82485613
512,40165.41293822304,1929.893194836573,77549642.77853008,67026261.82485613
513,40068.78399482706,1858.2064665326438,74470606.59977111,67026261.82485613
514,43229.529723824024,4634.049007359345,216512729.17094526,67026261.82485613
515,42155.07271998299,3608.491308218296,164732241.1696809,67026261.82485613
516,41329.517110598244,2949.278778273758,129590624.15535934,67026261.82485613
517,41046.237035617276,2674.6204193763238,116507964.49528427,67026261.82485613
518,41132.044003316885,2705.791284057758,118864564.48329571,67026261.82485613
519,46028.351013178704,6288.051058585757,315347647.33296555,67026261.82485613
520,45962.262085263836,7131.14811923377,363681840.1349705,67026261.82485613
521,40201.72142307392,1772.119318487074,71273500.32490283,67026261.82485613
522,40640.75568325619,2073.3318010446897,84417889.34471534,67026261.82485613
523,41146.58371332713,2820.7329120908694,123044289.82643023,67026261.82485613
524,43052.87206271285,3714.921887666524,179587677.31164894,67026261.82485613
525,43317.57056268916,3494.31888506689,171409444.7892186,67026261.82485613
526,43369.75682539087,4488.747792032379,231061790.79745936,67026261.82485613
527,43115.938113789794,4458.969079804507,209063512.56802997,67026261.82485613
528,41243.60158340627,2725.557085857226,119668169.6572057,67026261.82485613
529,43469.871923578714,4871.4098466695705,227895185.70581228,67026261.82485613
530,44271.31266777092,5304.011560816014,255314104.15413147,67026261.82485613
531,41313.99127426429,2732.1661934545973,120854100.46104106,67026261.82485613
532,42004.618214422095,3528.263865438975,160166638.12373298,67026261.82485613
533,44124.17481964468,4585.766287525841,241136472.13631573,67026261.82485613
534,42296.02670068442,3738.0806658183005,171272797.2071036,67026261.82485613
535,43326.03465260526,3747.010009871774,182409496.1762937,67026261.82485613
536,40211.3950673928,1821.8990801449195,73278558.01783833,67026261.82485613
537,42946.712504686264,4400.885860480223,205636875.7165579,67026261.82485613
538,40308.55962621607,1956.6057383877312,79038081.71196875,67026261.82485613
539,41324.43755518738,2821.1369121484063,124077683.13450631,67026261.82485613
540,41981.86912731804,3666.192851904314,181594128.03872257,67026261.82485613
541,42402.93534294517,3733.9795001174352,171098794.0555814,67026261.82485613
542,43223.81851102372,4391.62394439817,207373696.61945724,67026261.82485613
543,41373.30146514639,2884.5097032632357,127209826.56917855,67026261.82485613
544,41366.443880905776,2691.453824535217,118575634.33167295,67026261.82485613
545,41954.972260588394,3673.867714386871,167150241.485761,67026261.82485613
546,43364.025519451825,4661.668879286736,219890740.79721537,67026261.82485613
547,43932.778165485695,4451.20461906762,234165431.2122694,67026261.82485613
548,41076.933593101836,2876.4215255937524,125571099.24121508,67026261.82485613
549,42197.64798696999,3819.773335195446,173840249.79482418,67026261.82485613
550,47652.131743929116,5462.697154345662,301306603.7420273,67026261.82485613
551,44357.09420140265,4516.030814266681,223599962.5452332,67026261.82485613
552,45906.73710756991,7179.5185546314415,383251078.8435003,67026261.82485613
553,45142.228481829006,5433.716163474337,295320615.435207,67026261.82485613
554,41146.31874376802,2722.6326747368967,119778269.33576529,67026261.82485613
555,43544.14472866112,3763.7371762766466,184573273.15299314,67026261.82485613
556,43260.88600229945,4719.93873874536,220174526.3894659,67026261.82485613
557,43179.49316691097,4531.378683725581,214880384.08489522,67026261.82485613
558,42973.672886284716,3605.152770174348,174734955.25355214,66934270.727939814
559,41113.66086829972,2682.238791104296,118276966.55635181,66934270.727939814
560,40135.943682360215,1810.3373343081905,72710579.28492722,66934270.727939814
561,42024.96616092953,3717.783659090229,171159319.27176735,66934270.727939814
562,40219.4851895029,1926.140615102951,77519252.57097378,66934270.727939814
563,40155.97413223678,1766.0346430326142,70959366.33889958,66934270.727939814
564,42154.371361557634,3720.2201298161335,169592443.13545114,66934270.727939814
565,43145.39389088213,4536.798903719765,228302726.88937807,66934270.727939814
566,41211.807155811606,2780.7990890726446,122092739.73742104,66934270.727939814
567,41254.15083258889,2815.4583930144095,123166957.45424855,66934270.727939814
568,44042.988015398194,5398.597930248926,259752459.01351205,66934270.727939814
569,43252.23050419931,4653.748454192124,218829479.34195518,66934270.727939814
570,41447.51344900504,2714.054709222408,118852914.56769302,66934270.727939814
571,42365.246816471146,3982.827364582463,182958419.0820073,66934270.727939814
572,43143.55830898585,4522.661568879218,212615571.00526187,66934270.727939814
573,42259.22303104543,3845.4503020491406,175755314.17034513,66934270.727939814
574,41179.408048140875,2853.928374118171,126386395.64287238,66934270.727939814
575,42098.38731852819,3623.1643135686145,165762895.77098668,66934270.727939814
576,43279.617493615406,3688.0031218453537,178954163.69844148,66934270.727939814
577,40244.83653840445,2071.271503016052,83483265.53046077,66934270.727939814
578,42454.9739740581,3592.2742243453076,167560315.5224851,66797844.92716417
579,39890.654476660085,1831.1722307479024,73065115.87848243,66797844.92716417
580,40027.58078606189,1923.7449064009415,77013264.06912519,66797844.92716417
581,44018.81105145743,4526.530610368767,222574776.2639897,66797844.92716417
582,44830.40423660782,5193.445353723951,281785538.32334405,66797844.92716417
583,41089.126475335055,2617.919018244374,115427688.2247056,66797844.92716417
584,44231.186254111104,5320.188398012024,255056530.87478894,66797844.92716417
585,41997.12260013859,3818.1570939451217,172629894.8420472,66797844.92716417
586,40988.3538376842,2727.2059211825813,120034368.33112414,66693182.758733414
587,42899.811574018626,4497.151920291448,210694186.99570373,66693182.758733414
588,40961.64410141275,2787.938834045215,121361485.63346496,66693182.758733414
589,40927.071266775485,2835.3009901744053,123341326.85816708,66693182.7587334
590,40166.26749372239,2010.8265673620433,80863057.20022424,66687582.91454361
591,40928.22581824094,2763.3647213256327,120415199.83040318,66687582.91454361
592,44282.132653611814,3753.078389114512,194609011.12301672,66687582.91454361
593,44072.944114718564,5523.2528641630115,260657551.90550113,66687582.91454361
594,47045.01260852681,6458.337625911028,334107001.5131841,66687582.91454361
595,40009.526337239295,1943.1427082808107,77849991.6203198,66687582.91454361
596,41035.736268710214,2664.894398541371,118000232.55912992,66687582.91454361
597,39979.46911664739,1740.365909445639,69582954.23259564,66587660.80761316
598,43789.688080380496,4707.217146958476,229336271.13526505,66587660.80761316
599,41920.50761799298,3585.133572195824,163250290.64770052,66587660.80761316
600,41799.60896795335,3547.5818666211017,176014728.33435544,66587660.80761316
601,44619.029832611006,5384.947986331703,266220323.78815627,66587660.80761316
602,45094.32498392327,4710.425174298731,243618493.7899545,66587660.80761316
603,41154.020533167146,2786.776282567219,122384856.861992,66587660.80761316
604,40922.03497002002,2680.4571280862915,117565938.06914046,66587660.80761316
605,40313.4384226832,1874.6793355259783,75785155.61193529,66587660.80761314
606,44933.850096007474,6347.46583099522,306093712.66213477,66587660.80761314
607,45805.613224974004,6261.675054679611,310198842.58857787,66587660.80761314
608,44601.26699593432,6265.699370778381,299841755.13565004,66587660.80761314
609,39836.80577057903,1887.539403352704,75229714.47677818,66587660.80761314
610,42402.68038094275,3696.4206291260066,169875746.54532915,66587660.80761314
611,41864.534541428126,3574.42786337138,162660666.96883172,66587660.80761314
612,46986.594051013955,6331.010688490421,341226421.21633524,66587660.80761314
613,41180.886510892204,2766.8122137836026,122011220.05793723,66587660.80761314
614,40779.70081922017,2674.2542515507453,116611495.88111064,66587660.80761314
615,42057.72278772627,3519.48988672619,160283424.69964305,66587660.80761314
616,39978.76992861253,1770.2102912308121,70808999.5602949,66587660.80761314
617,40984.9033688993,2705.561958983035,118649810.58472398,66587660.80761314
618,41444.122083331495,2989.680671350822,131736291.49630627,66587660.80761314
619,40037.457603906565,1910.7255407429177,76580182.42854142,66587660.80761314
620,42105.07168918403,3716.4761846336805,169491220.16706818,66587660.80761314
621,42311.28898287157,3670.142237647416,168135262.68536937,66587660.80761314
622,41032.34906232658,2831.237687555173,123569375.7199394,66587660.80761314
623,40227.346926167316,1871.448457191275,75310632.78159586,66587660.80761314
624,43913.22423577334,4461.367151460196,242340991.45545617,66587660.80761314
625,42956.336704844725,4658.942404992691,217125021.07585844,66587660.80761314
626,43774.83166889994,4384.6476804225285,232364054.98116836,66587660.80761314
627,44851.34198631168,5360.643596857464,288023574.11199635,66587660.80761314
628,41378.34036943699,2854.7453404426187,126256890.79214351,66587660.80761314
629,44684.40321983034,6221.340123117729,298551135.8455011,66587660.80761314
630,41963.28924254501,3691.9635004910983,169664648.7850556,66587660.80761314
631,40148.766195474134,2027.7970230574124,81553276.84456298,66587660.80761314
632,43818.94722050448,5292.543411801977,252998883.5547452,66546990.605330385
633,41765.783072417675,3734.1989189644833,169984456.40673238,66546990.605330385
634,42293.09520198863,3794.7223754673773,173223588.10556048,66546990.605330385
635,42701.58786009687,3593.762004811677,175130128.228018,66546990.605330385
636,40899.65885024844,2825.3638998773617,123005184.37866321,66546990.605330385
637,41945.552655854146,3727.4105150238893,185704029.40169096,66546990.605330385
638,42607.15436162249,4537.835630859427,227017555.12690574,66546990.605330385
639,44768.49380303077,6280.924460046134,315832444.1051234,66546990.605330385
640,43107.780279485494,4741.085518770026,223353864.37687403,66546990.605330385
641,42918.47269300079,3595.842748416098,174333416.12766972,66546990.605330385
642,41096.18638701593,2790.201775022958,122442409.91241539,66546990.605330385
643,41978.33877956343,2757.216581346102,130177431.71288505,66546990.605330385
644,39977.04938730826,1998.0315097399791,79950048.01100704,66546990.605330385
645,42230.95388383673,3808.6296351733968,173563081.25401157,66546990.605330385
646,42187.42737986101,3729.416505663087,171138422.26735947,66546990.605330385
647,41863.4780803325,3671.8435352361544,166856384.40156943,66546990.605330385
648,42193.32441750136,3724.820517495466,170566676.03804237,66546990.605330385
649,40053.5714627299,1954.2944030099036,78358554.39298923,66546990.605330385
650,39960.75742700165,2032.4163978257777,81410606.79509002,66546990.605330385
651,40367.27646995931,1930.2016039778114,78033177.90333351,66546990.605330385
652,42111.124161885,4028.841872682009,182492258.94926864,66546990.605330385
653,40884.45908897997,2726.1461199834803,118614494.65342197,66546990.605330385
654,40942.73688391875,2661.813437101494,116644510.35919377,66546990.605330385
655,41696.63885354031,3586.2452242079244,162871572.36036998,66546990.605330385
656,43026.635479813245,4496.99981163632,209540500.34332722,66546990.605330385
657,41132.56170502451,2825.870998279478,124033730.7175839,66546990.605330385
658,41990.841082471234,3638.578114309204,166651708.87480527,66546990.605330385
659,42804.5180792485,4440.205639716681,206711724.00956684,66546990.605330385
660,40872.440705665715,2772.4526670006167,121154927.45838459,66546990.605330385
661,43088.2056259571,4623.586900661832,232418646.43865862,66546990.605330385
662,39989.58803801206,1953.24471631184,78102496.20264345,66546990.605330385
663,41919.91648437903,3655.9658082495007,182074258.36333483,66546990.605330385
664,41838.037039362025,3720.300054006755,169915851.70321518,66546990.605330385
665,42796.428202948635,3741.7388983401165,202222216.3602683,66546990.605330385
666,41907.24253553043,3645.3914567094807,165329492.24903312,66546990.605330385
667,41832.555200629264,3614.4877843182903,163802428.03158543,66546990.605330385
668,42739.13665961918,4394.9133379400555,205206552.8578198,66546990.605330385
669,46373.498899461614,7884.294203909721,414179039.42200786,66546990.605330385
670,40874.14318311437,2795.8234579190707,121542204.80561928,66546990.605330385
671,40977.056241003855,2845.000421568686,123797928.76699638,66546990.605330385
672,42082.15410583942,3641.3050825415908,181660761.79619443,66546990.605330385
673,41915.99120128449,3622.788498515782,164571529.09824723,66546990.605330385
674,40859.89172764718,2872.1502588990124,124303684.1430885,66546990.605330385
675,41961.94479222184,3647.8887085087167,165868113.91267207,66546990.605330385
676,41865.08746601718,3665.72340846916,166956441.38102928,66546990.605330385
677,39980.13903562898,1886.252802316329,75416996.32450452,66546990.605330385
678,40906.08133626004,2754.511179350478,120431084.57892537,66546990.605330385
679,41716.12884239986,3545.292478768596,178408609.61430153,66546990.605330385
680,41129.698780337974,2710.7762789596554,118968453.73950449,66546990.605330385
681,41988.24898369959,3639.704772878322,182209826.0141725,66546990.605330385
682,42882.276825535904,4358.168527758644,204355572.83889467,66546990.605330385
683,42157.6832032545,3714.4011476146943,170507632.28119168,66546990.605330385
684,41010.46801001371,2823.4534651777244,123569188.19634858,66546990.605330385
685,40890.68409911955,2870.236623412279,123426295.8139135,66546990.605330385
686,41929.99059327298,2890.7970583782367,135442542.70214108,66546990.605330385
687,41773.48348586176,3544.1371605025743,161641472.31785506,66546990.605330385
688,40238.92095662932,1839.3036655975757,74168859.85935779,66546990.605330385
689,39990.54168955232,2001.6654371696527,80128078.03312129,66546990.605330385
690,40840.41772161702,2742.86751519723,120242359.99233322,66546990.605330385
691,42985.309734424474,4553.983479224922,214340397.01153,66546990.605330385
692,41925.59832612484,3649.3852766442265,166234092.47433648,66546990.605330385
693,44981.62981817204,4709.772093937461,240299807.3921194,66546990.605330385
694,41746.66978018572,3473.3646690346322,158614351.65398523,66546990.605330385
695,41253.77806194519,2756.5098363061256,121040294.66672301,66546990.605330385
696,41104.47084972328,2797.5078898200773,122249750.49841365,66546990.605330385
697,42136.36588758473,3770.895225619742,170604780.78623295,66546990.605330385
698,41570.258985163426,3455.378907774145,156902882.47870117,66294634.823467694
699,42675.81263136242,3553.051016416456,173579834.37455177,66294634.823467694
700,40127.78216447161,2032.5643297922102,81825167.1012145,66294634.823467694
701,42655.19130405146,4543.845636644591,228259349.9807841,66294634.823467694
702,42612.374657631015,4478.009217642391,209487068.18156528,66294634.823467694
703,44782.72655072757,6486.6354756844285,310708139.37042755,66294634.823467694
704,42568.834341721005,4612.889371396889,212892132.47776246,66294634.823467694
705,43916.691196204774,4519.3772916716025,220867536.06451026,66294634.823467694
706,44499.3213305384,5383.775496680283,265868505.71869317,66294634.823467694
707,42991.30274376742,4575.380440002361,213870150.6003025,66294634.823467694
708,42029.468364067696,3615.1419603623135,166553664.20725113,66294634.823467694
709,40746.26729060784,2712.967350808885,117746597.1178275,66294634.82346769
710,42019.43467677367,3812.876755838946,174449864.4837583,66294634.82346769
711,44724.55756411624,6294.301179282815,301546076.72077054,66294634.82346769
712,39862.300553715235,1847.8212756895214,73800906.26384583,66294634.82346769
713,41616.07295969823,3685.352974696737,166354176.81668568,66294634.82346769
714,44593.07634328959,5428.375044111887,268338032.75882778,66294634.82346769
715,41718.40748950442,3606.334205055341,163287034.60681218,66294634.82346769
716,40597.31249365069,2713.943903140863,117545787.09602554,66294634.82346769
717,41698.11327202951,3559.0678305611023,161115056.08332044,66294634.82346769
718,41836.53997380191,3946.8951520748,180001067.946137,66294634.82346769
719,43159.1594108259,4746.259987036128,222337688.52197704,66294634.82346769
720,40587.557944505636,2696.7931088055675,116900882.46453181,66294634.82346769
721,41046.321516003605,2792.2748345459318,121847549.40624323,66294634.82346769
722,41665.94654323659,3585.3529073040822,163697107.59414876,66294634.82346769
723,40995.37719527319,2807.493143345061,122725958.70497632,66294634.82346769
724,40008.68186667271,2109.1413389306917,84556113.90039954,66294634.82346769
725,41935.04522299302,3697.5052685412315,169044617.73165524,66294634.82346769
726,42062.13025481987,3618.394257868508,165751373.61933354,66294634.82346769
727,42682.687906162195,4413.162214761555,206211141.37471768,66294634.82346769
728,42405.41359348402,3854.4859237151263,178105643.57911178,66294634.82346769
729,41730.47185676052,3624.2892355181875,180138842.0499545,66294634.82346769
730,41638.580105782596,3620.0620146628034,164333952.2366129,66294634.82346769
731,41404.47271359856,3050.9284149137266,134739759.94345638,66294634.82346769
732,41765.08354610733,3792.6011196246814,172021734.8858344,66294634.82346769
733,43847.81897712857,5389.404761872767,256563519.4399076,66294634.82346769
734,45833.47373529805,5624.746342859958,311741784.347067,66294634.82346769
735,42693.27335506891,4495.567155730182,211123531.7814678,66294634.82346769
736,42487.98732229865,3555.692562958268,170206045.8887011,66294634.82346769
737,40812.48884430974,2843.0106159872,123983520.30152424,66294634.82346769
738,41820.527256311056,3601.0849414566374,163552323.3243811,66294634.82346769
739,40816.42133637107,2779.5725498393017,121471004.85561483,66294634.82346769
740,41934.272206312315,3744.4148180707284,170577413.90707582,66294634.82346769
741,42589.015978467374,3766.5747592414045,180409962.07113487,66294634.82346769
742,42762.94766992738,4667.555827202343,217569803.13868755,66294634.82346769
743,41681.30850335436,3676.6999447601884,166683161.4484908,66294634.82346769
744,42516.42249973297,3664.116203487486,175696625.9180098,66294634.82346769
745,39863.33087113521,1779.417841730142,70975189.67493439,66294634.82346769
746,41518.840341167626,3655.57850882545,164448015.33903113,66294634.82346769
747,41982.976908480865,3675.530499862667,168520915.9989618,66294634.82346769
748,42665.95139151852,3654.492318994283,176958785.26652324,66294634.82346769
749,40783.80967077396,2715.381909804745,118096847.10966876,66294634.82346769
750,41971.95095478287,3768.986007503509,170740888.73932153,66294634.82346769
751,40694.63634566282,2757.000553480198,120137940.06407087,66294634.82346769
752,41287.717426522,2998.363522434038,130286585.15812537,66294634.82346769
753,40779.766837244766,2774.478377519693,121029060.53045328,66294634.82346769
754,42604.65527781246,3598.2580171900795,195318816.66554174,66294634.82346769
755,45054.000339959355,5494.371686263421,274497584.79151785,66294634.82346769
756,43123.08653805226,4687.4000055150445,221143337.07898194,66294634.82346769
757,42015.976073334925,3773.523252701434,171795932.41684592,66294634.82346769
758,41905.325525657136,3579.8629323427654,164179018.8088413,66294634.82346769
759,42639.99060761581,4467.383254834391,206575294.09561375,66294634.82346769
760,43508.13446092259,5208.93879245243,246783765.41998553,66294634.82346769
761,40721.17354531429,2663.132513602743,116359114.89619203,66294634.82346769
762,40262.97457808613,2081.0671976854674,83854925.76523493,66294634.82346769
763,40993.413202755386,2742.6225313362866,120207071.50734968,66294634.82346769
764,39916.71638828346,2043.419964397177,81611687.93774116,66294634.82346769
765,45454.30813979944,6374.381456283866,329843991.6807825,66294634.82346769
766,40860.29429013202,2949.2230536178563,128349780.33819863,66294634.82346769
767,40872.83036040331,2977.7847762637584,129576270.42517409,66294634.82346769
768,41889.72905607404,2696.446036095453,128046861.80324295,66294634.82346769
769,40806.865562466795,2832.455511446672,123377264.57210854,66294634.82346769
770,42392.49786763432,4427.839761239677,220054314.60636988,66294634.82346769
771,40887.615609185654,2759.488063520034,120023791.99566145,66294634.82346769
772,44560.18466459425,5153.36059229899,278330290.06620395,66294634.82346769
773,41094.94295946622,2913.2161462209783,127236060.55005006,66294634.82346769
774,41177.24357346028,2879.2108410863325,126873242.0412931,66294634.82346769
775,41920.09649318761,3637.3439383191444,167271798.77478817,66294634.82346769
776,40094.6778583643,1882.52861817763,75735500.15481693,66294634.82346769
777,42593.10878671357,4405.145600782756,205298114.39978483,66294634.82346769
778,43574.35450365836,4526.817568198637,244904248.75606042,66294634.82346769
779,42738.37711176237,3657.9112961962687,175991277.2739388,66294634.82346769
780,39967.98012074809,1859.0408837016032,74347647.37258147,66294634.82346769
781,41589.75720797791,3724.1965505893268,183892495.53007647,66294634.82346769
782,40872.04485443467,2923.574551108938,127027428.79011902,66294634.82346769
783,39834.849967324124,1899.969594358708,75716762.1158465,66294634.82346769
784,41905.829535849705,3721.243276567763,168666145.28187376,66294634.82346769
785,41849.38781167157,3614.7889820941346,164809243.57251197,66294634.82346769
786,40577.38979926106,2780.7461030132918,120056820.34246972,66294634.82346769
787,45508.54984320544,5382.775133037513,289863154.80073464,66294634.82346769
788,42836.77740770898,4275.408127863027,217780118.32600752,66294634.82346769
789,41515.15409335677,3691.842625322257,166735687.88994184,66294634.82346769
790,39959.928796545384,1808.180198229927,72308513.73776512,66294634.82346769
791,43808.964655965574,4717.412274116411,230447717.2981488,66294634.82346769
792,40928.01542030673,2829.1412988941984,122966732.05928545,66294634.82346769
793,41183.30448075203,2752.793685927018,119155659.54713014,66294634.82346769
794,42857.53447773116,4773.963139633194,222963218.1437231,66294634.82346769
795,41468.72939217498,3521.671218189821,159229098.06029385,66294634.82346769
796,40945.4870851532,2740.827616895045,119365852.07130487,66294634.82346769
797,40821.42762468672,2537.3413049543137,110862448.75391313,66294634.82346769
798,43716.848618892,5342.431213290509,251727331.46770525,66294634.82346769
799,42117.69793281763,2887.312001850531,136014621.55908358,66294634.82346769
800,43573.50925077773,5282.673921957846,264820940.65201658,66294634.82346769
801,41018.23394732392,2999.0443672104966,130031765.28833254,66294634.82346769
802,42648.158712676566,4275.479876688125,200185471.93394038,66294634.82346769
803,41701.96506901728,2842.176024087233,132723098.76667675,66294634.82346769
804,42647.87821417615,4726.352577051413,220041956.26796055,66294634.82346769
805,40041.10686092165,2038.5538858630493,81706492.51321545,66294634.82346769
806,43128.726218127624,4845.008989033673,225530471.07971615,66294634.82346769
807,40896.28269789124,2846.5506988631773,123496277.76824741,66294634.82346769
808,46214.06128635486,7726.264990272609,388096508.7057381,66294634.82346769
809,41081.84733572831,2838.233247915023,124779839.1061223,66294634.82346769
810,45830.236810989954,7100.930010200119,347098712.5392626,66294634.82346769
811,41634.52232552793,3613.6184565861454,163574152.43117732,66294634.82346769
812,41767.495710409145,3829.416363314126,174868245.1610539,66294634.82346769
813,41733.17308180853,3500.7896462631847,159004044.88651118,66294634.82346769
814,44575.369520956025,4582.101209257724,233261874.03201765,66294634.82346769
815,41800.03358913881,3634.5072236498213,164510993.76698834,66294634.82346769
816,41019.45355800984,2792.319278989986,121172134.32242653,66294634.82346769
817,43909.16841353677,4876.127002117537,240554907.98872337,66294634.82346769
818,40702.131999185236,2633.1520522449377,114867223.57570584,66230108.590730794
819,40468.01454795862,2699.2726087527262,116539780.16241693,66230108.590730794
820,43664.48973839705,4593.918966395216,224250189.45094854,66230108.590730794
821,41854.56889556435,2769.5655085915364,130308437.03619203,66230108.590730794
822,42773.61275354419,4599.04030033033,214834311.7016397,66230108.590730794
823,44555.02660584284,4549.530813706854,231584753.8732714,66230108.590730794
824,40687.06189062708,2736.2375890161866,119544384.99856707,66230108.590730794
825,39536.20581677287,1859.0006946277201,73501811.75690779,66230108.590730794
826,42089.667356251404,3730.9512061818687,171843155.88078648,66230108.590730794
827,42702.1622301941,4486.50211230437,208722563.47929758,66230108.590730794
828,41046.09751365257,2726.888179510541,122928524.01761642,66230108.590730794
829,43382.222053831036,5390.038811806304,269142624.8511808,66230108.590730794
830,39769.420106399906,1842.0732771755884,73326090.23987691,66230108.590730794
831,41595.826329106196,3671.215742937886,166483946.93046102,66230108.590730794
832,41598.53335836253,3556.9260576211755,159556833.13007626,65731038.10554765
833,41878.503471489224,3585.315743480786,163594208.06515613,65731038.10554765
834,43459.73975476793,3632.116171572691,183313615.129132,65731038.10554765
835,40815.76286323693,2859.5733694893347,123808332.35637656,65731038.10554765
836,43444.37384110082,5401.031945828531,253785766.1998509,65731038.10554765
837,39670.7233916167,1747.2283369853842,69312369.40783057,65731038.10554765
838,40875.50999601621,2861.005157299677,127599441.06952079,65731038.10554765
839,41696.344970361526,3707.732557864103,183281570.3267521,65731038.10554765
840,41671.34145194581,3612.756008440614,163653242.77549732,65731038.10554765
841,41069.6119847736,2662.981599967935,115981749.94296551,65731038.10554765
842,40647.39569952494,2655.8628047484026,115906622.77007222,65731038.10554765
843,41850.01305937889,3713.4278449727303,170596148.38307446,65731038.10554765
844,42884.38788708074,4516.175144718172,209417757.5153739,65731038.10554765
845,43777.97323262695,5366.715638636675,271082858.94968194,65731038.10554765
846,40151.697390255904,2061.434902431554,82906507.72342344,62015902.68639917
847,43447.569942734066,4570.710657382725,224875209.44489843,62015902.68639917
848,43900.26216649513,4377.2703912076595,251937577.0980162,62015902.68639917
849,41269.97302649998,3556.7869426449915,160197735.83109212,62015902.68639917
850,41215.51052497396,3514.3020698152577,158409946.1459809,62015902.68639917
851,43196.893842765814,5403.626918368818,252526124.40233454,62015902.68639917
852,42601.147387218385,4273.0832238255425,201728696.4161973,62015902.68639917
853,41322.19900859207,3547.529427819085,162375517.40960613,62015902.68639917
854,41563.612916581864,3625.956975974991,164517804.6619968,62015902.68639917
855,39827.11538947315,2077.1397740015877,82768064.56829181,62015902.68639917
856,40159.960449814644,2564.5768384265893,110343639.60687998,62015902.68639917
857,39266.228294136265,1797.8241506491333,70694118.317097,62015902.68639917
858,39364.76186209217,1881.1441652379588,74040048.7263915,62015902.68639917
859,39425.837913938485,1784.3526200828292,70364973.71863611,62015902.68639917
860,44236.86456292662,5319.214621624038,277444931.66006154,62015902.68639917
861,40252.12734468804,2878.2099147350173,123074837.93024786,62015902.68639917
862,40531.46340288928,2719.753231863352,118916997.21682994,62015902.68639917
863,40579.06424004493,2866.2343489038435,124736262.50166261,61971286.679140344
864,42085.429814477204,4492.954346826856,205920166.37751353,61971286.679140344
865,41566.593854837,3701.1821605200557,166552181.8012529,61971286.679140344
866,41298.18897184938,3791.0839897150317,170179509.41574407,61971286.67914034
867,43376.05633306608,4477.1305388030405,217834072.0765089,61971286.67914034
868,41545.72941681039,3579.388703387215,162333391.95833886,61971286.67914034
869,40363.57412977859,2629.0050563237965,114360389.99819283,61971286.67914034
870,40381.00206385368,2664.384300738632,116050209.13479872,61971286.67914034
871,42140.82625253736,4099.545626565568,189928750.65422407,61971286.67914034
872,41439.41392770332,3788.69380217259,170749002.53366035,61971286.67914034
873,40438.20066368665,2825.6054051629767,122033985.35295443,61971286.67914034
874,42934.276019075114,4324.164463563899,233912635.18292314,61971286.67914034
875,40351.580263288706,2844.7989237011634,121762210.00736353,61971286.67914034
876,41983.34872360836,3521.641774097695,168516931.7422372,61971286.67914034
877,40652.12998814078,2673.851077589998,115618490.48515086,61971286.67914034
878,41995.787652837826,4580.418100108921,210311567.48496765,61971286.67914034
879,41027.541091196836,3505.641298265251,157279176.04462633,61971286.67914034
880,44497.08371983521,6542.659434881882,313393435.73717844,61971286.67914034
881,41600.15441603492,3655.4849725861413,168032338.83074751,61970859.176672496
882,40380.33197612479,2756.2724921215477,118455159.02068166,61970859.176672496
883,43083.334128719696,4462.681627326703,215166745.79575253,61970859.176672496
884,40312.069084502145,2845.5859260558937,121708603.59437597,61934993.22549053
885,39267.93409031051,1781.88189953747,69991096.27833042,61934993.22549053
886,41514.59211856439,3539.0469300109958,178024933.90680638,61934993.22549053
887,40193.413001914145,2663.890902279095,115367107.83281446,61934993.22549053
888,39590.57794762087,2002.3736641933253,79355346.44897492,61934993.22549053
889,41668.63573038839,3637.5417314304805,166119453.86512154,61934993.22549052
890,43829.21935941571,6212.603484877534,309135883.42509955,61934993.22549052
891,42197.82495100206,3472.2766732285563,168537303.9922914,61934993.22549052
892,41296.425366880394,3682.4568386177307,165711609.60141256,61934993.22549052
893,39349.394329252755,1980.4271143997437,77971777.54483359,61934993.22549052
894,44057.06250758627,6257.668343552673,311548831.5272976,61934993.22549052
895,42131.528821058535,4241.208962577662,211305589.2023037,61934993.22549052
896,44004.26716770207,5294.419272208399,259833133.8752635,61934993.22549052
897,42415.600878071076,4513.04965690242,209865317.75032875,61934993.22549052
898,40479.21877050879,2667.121745420771,114443601.8570255,61934993.22549052
899,40343.391837125084,2795.9242253752373,120360031.44623932,61934993.22549052
900,40694.9203776621,2705.3595574469323,120532186.39229281,61934993.22549052
901,40958.895046229234,2748.0655993675687,119637519.58845334,61934993.22549052
902,44964.80104792768,5255.8708752088805,265335862.12979132,61934993.22549052
903,40104.976571248946,2582.3290075528575,111299888.71735772,61934993.22549052
904,41163.84856551436,3652.388862000571,163161588.79408434,61934993.22549052
905,44272.36480718952,5388.212059552932,263687671.47170144,61934993.22549052
906,41380.22954191104,3478.0531918233146,156427718.21742162,61934993.22549052
907,43233.46186629236,5386.679976421445,268644099.252365,61934993.22549052
908,42074.6488948155,4398.239494206098,217448609.59939685,61934993.22549052
909,42337.96123862984,4489.436117493498,208983046.3773075,61934993.22549052
910,43092.81618407989,5297.786648985652,262566908.55794182,61934993.22549052
911,43455.83274417679,4526.452715777697,219477920.9826104,61934993.22549052
912,41308.11912485531,3679.3409241099966,180772552.0379383,61934993.22549052
913,41579.953239195376,3656.56285525165,165281391.40708184,61934993.22549052
914,42238.33345765008,4636.840309599133,212742352.38454074,61934993.22549052
915,40347.08790182452,2672.795534666114,116020192.32759377,61934993.22549052
916,42984.043242567175,5207.039709728177,259170139.94655132,61934993.22549052
917,40923.51596355111,3483.2059506240685,170697210.7882254,61848398.53873692
918,40218.89543129494,2552.984338913043,109458284.8446389,61848398.53873692
919,40508.76857604799,2785.71099179859,120888239.49737461,61848398.53873692
920,44589.16019200855,6265.465815923317,332282933.5814125,61848398.53873692
921,43383.39382796838,4533.497655033737,223179990.74014503,61848398.53873692
922,39268.347628667776,1770.0789526717913,69575384.17141676,61848398.53873692
923,39995.20664674313,2530.254050204368,108662759.78996316,61848398.53873692
924,42086.54110002744,4517.897482627281,223567213.1232366,61848398.53873692
925,41296.49654900614,3545.925172731832,159482457.63931865,61848398.53873692
926,41290.57433689448,3803.0309166073303,172176358.07081422,61848398.53873692
927,42160.89616780659,4456.556810909001,221818643.83192214,61848398.53873692
928,43292.253591213776,5423.677895490105,255246549.46697178,61848398.53873692
929,39373.910403142356,1708.2647729810637,67376666.72611251,61848398.53873692
930,41427.734014730006,3673.234192696259,167521663.91065842,61848398.53873692
931,41361.612661107865,3627.107114332421,162525285.47532636,61743739.96916341
932,40162.93486950669,2707.0063784083213,116179799.5892447,61743739.9691634
933,39291.79640671151,1749.4484281121372,68840253.14714545,61743739.9691634
934,40508.86246345683,2902.7433654956276,125347903.92248812,61743739.9691634
935,43133.686411712755,4582.801131373429,220231749.43914056,61743739.9691634
936,42123.78740619255,4593.758252368299,211467727.56635588,61743739.9691634
937,40109.02382240841,2734.1786003258453,117006609.98203385,61743739.9691634
938,41984.46122451099,4384.239223346941,201409260.36725283,61600641.02359632
939,40363.39331092756,2899.389739042267,124288837.16663954,61600641.02359632
940,41078.20563628324,3561.5697203408454,159440306.4840391,61600641.02359632
941,43864.020173270146,6157.403548686554,306831354.2424569,61600641.0235963
942,42245.09614485498,4523.7143189015615,208203999.016554,61600641.0235963
943,39988.323039555304,2619.943495591435,112270751.74396145,61600641.0235963
944,43071.31787394036,4545.27638818888,218791685.22947866,61600641.0235963
945,41153.67767197119,3566.16511647614,161731766.86567464,61600641.0235963
946,39230.37500041895,1830.9238056742367,71937386.46950455,61600641.023596294
947,42062.04641786181,4333.215813513719,199625105.47818512,61600641.023596294
948,39093.30651126919,1717.0844644918586,67199048.27012374,61600641.023596294
949,40979.20865971688,3642.3892112425647,178226002.26448518,61600641.023596294
950,40299.65376852329,3048.1275337426005,130516347.40538879,61600641.023596294
951,40047.97258161142,2497.034438306827,106584256.0541353,61600641.023596294
952,42185.082106423164,4491.447191696748,209251926.97745118,61092883.52773491
953,40512.27425443841,3495.8255098384266,153931859.18199605,61092883.52773491
954,39140.45155639073,1968.0390935476928,77322570.2472057,61092883.52773491
955,40075.687229635354,2792.6209805489,118938077.62911627,61092883.52773491
956,38929.021338500126,1948.6899484713817,75946082.63478754,61092883.52773491
957,39866.7230996029,2733.5106265866966,117998863.51982982,61092883.52773491
958,41745.641613015316,4533.7497792679405,221730334.0316864,61092883.52773491
959,41711.33055046195,4377.094330469719,202154824.04464152,61092883.52773491
960,40658.07400632881,2660.923664533219,124662138.24907431,61092883.52773491
961,41819.92332688938,4445.195657101542,202945085.8527264,61092883.52773491
962,39832.31736503613,2719.624573933441,117546374.47672996,61092883.52773491
963,38837.586966278766,1946.461016833387,75674015.43611225,61092883.52773491
964,39724.53735532165,2581.624934118413,110024417.93376294,61092883.52773491
965,40310.10117183531,2755.738622282983,117397216.78828678,61092883.52773491
966,39685.87104303677,2623.712073308122,112323784.06453705,61092883.52773491
967,40455.48223438383,2781.8490568098346,119353162.26220492,61092883.52773491
968,41956.08591703258,3630.7414319121503,173308644.0355339,61092883.52773491
969,42787.02267741982,5388.927335006306,250385245.00981626,61092883.52773491
970,39864.395581405406,2792.2908796625848,118282113.5212518,61092883.52773491
971,43644.84816280548,4545.73189562937,229101838.56745714,61092883.52773491
972,39698.031790068664,2549.4473640900624,109564735.51982644,61092883.52773491
973,44665.75563677434,5346.940783592046,269586272.7782917,61092883.52773491
974,40799.77475754238,3650.3711401201954,162793292.5984653,61092883.52773491
975,38683.03911364048,1672.6397741827866,64737834.45447093,61092883.52773491
976,44420.81219523619,5323.448867293796,265809920.7919948,61092883.52773491
977,43357.45339295621,5312.715339801993,254895892.03087896,61092883.52773491
978,40723.67083792747,3372.983249414699,149287361.27067596,61092883.52773491
979,40929.31338022488,3741.670918148412,166946662.68430382,61092883.52773491
980,40774.412927787984,3634.1253752158764,163460700.4098343,61092883.52773491
981,44784.282603310414,7021.031202719006,351282639.9709426,61092883.52773491
982,39798.16509694954,2770.252879949406,118741439.93084738,61092883.52773491
983,42677.67857490507,5473.648500365074,254297406.55832863,61092883.52773491
984,40710.781276094865,2714.2352909917736,127405735.37992617,61092883.52773491
985,39943.266166346686,2609.278469109219,111027073.35405552,61092883.52773491
986,40917.94853068186,2797.3668332387106,129008529.28765321,61092883.52773491
987,41720.085197402965,4397.967924611873,201404748.51946312,61092883.52773491
988,41697.55764669455,4492.034015579901,204936476.99365562,61092883.52773491
989,42745.48166003467,4439.493613292301,212718238.4875408,61092883.52773491
990,39789.47871591109,2683.43658273653,113054411.64414445,61092883.52773491
991,40868.55452916839,3662.794843528112,163545225.70679623,61092883.52773491
992,39670.13399490058,2529.152445289058,106721629.86816101,61092883.52773491
993,40760.0690498705,3602.0555096422067,161144106.21895006,61092883.52773491
994,41617.28246960951,3436.6930063945174,163494631.72319037,61092883.52773491
995,42465.79909511051,4603.398562617438,219150376.74646083,61092883.52773491
996,39962.383147909095,2954.2729517180423,126320781.53660467,61092883.52773491
997,41784.73470243248,4430.741590141404,203818709.9442271,61092883.52773491
998,41002.99032271687,3565.6668337630554,158905626.84778067,61092883.52773491
999,40403.72652152523,3603.431073146906,158300367.9052722,61092883.5277349
1000,43545.65011166975,5323.642515042901,257226512.52945504,61092883.5277349
1001,41979.13789477356,3876.592282696198,182831903.30358306,61092883.5277349
1002,42862.98801740268,4447.595216995675,239868230.32753414,61092883.5277349
1003,41794.7953010035,3559.236663888792,170300868.9346213,61092883.5277349
1004,39728.95723268554,2623.353789238835,112157823.76737535,61092883.5277349
1005,41917.58630089645,3453.6948984168603,164470399.6271656,61092883.5277349
1006,39034.41802797789,1884.1695840780922,73621712.08202246,61092883.5277349
1007,39748.89533557595,2677.0132260255004,113804538.19975121,61092883.5277349
1008,40450.858066186054,3482.1167801302245,152977081.09547025,61092883.5277349
1009,39713.02255916163,2736.7567583658956,116189020.94222088,61092883.5277349
1010,39659.25143467759,2651.439057641531,112840039.18754706,61092883.5277349
1011,42364.34821197802,4238.579820395675,203426213.1227973,61092883.5277349
1012,42487.378582604,4403.342464285092,211890683.31129688,61092883.5277349
1013,44483.9519455082,4415.191581947486,232000754.55251235,61092883.5277349
1014,40753.44595940048,3565.269800165401,159642922.0222687,61092883.5277349
1015,39757.38886651462,2692.664744248019,115195125.20072368,61092883.5277349
1016,42791.99417700884,5306.725350835821,246732430.98307458,61092883.5277349
1017,38710.20777637222,1864.297661195437,72177959.08893263,61092883.5277349
1018,39926.487400783095,2727.5876982348545,116602444.98369904,61092883.5277349
1019,40960.59658065035,3673.919247154228,163684282.72935408,61092883.5277349
1020,40883.09324553759,3662.181815594776,163296649.61182874,61092883.5277349
1021,39006.33408211698,1959.7413112587378,76767039.3275893,61092883.5277349
1022,38760.67070360244,1720.501841804789,66785662.17825325,61092883.5277349
1023,40551.7920125606,3422.84845841355,152651602.6978156,61092883.5277349
1024,40676.03200796087,3508.819466025562,156397912.58615977,61092883.5277349
1025,40454.82060929743,3559.850284384236,157951327.4273906,61092883.5277349
1026,41683.59515473991,4388.419720131533,199116337.85801232,61092883.5277349
1027,40925.28164685473,3582.1752692375585,160514638.97294182,61092883.5277349
1028,40957.11823058258,3595.0496710595203,159382381.61980495,61092883.5277349
1029,42487.285925532124,5319.856171888651,245238808.90910047,61092883.5277349
1030,44398.463173574324,6969.71055173733,360078715.9085833,61092883.5277349
1031,40709.26241420993,3405.1400416949277,152706537.10551572,61092883.5277349
1032,40771.93128821773,3661.588998471263,162358478.58845976,61092883.5277349
1033,40719.098437106775,3667.003144385935,162197845.0567997,61092883.5277349
1034,39835.94993548103,2615.8743057268025,110612822.45666552,61092883.5277349
1035,39724.520130708726,2613.8730000560377,110271699.73819956,61092883.5277349
1036,40666.73682169456,3584.1378104868227,158581119.0459028,61092883.5277349
1037,41976.18567699921,2889.6720046129262,145970686.2977245,61092883.5277349
1038,40732.85423805796,3593.886185880217,160720457.39879093,61092883.5277349
1039,40472.75703097341,3579.124798372433,158278797.06005216,61092883.5277349
1040,40858.10240641526,2757.534336824222,129251000.7100209,61092883.5277349
1041,41414.44610894182,4479.8669417532565,202610828.71674678,61092883.5277349
1042,40955.594618661875,3807.7904497239447,169898390.71556598,61092883.5277349
1043,44666.21715716553,5432.4529723741225,273007927.80623794,61092883.5277349
1044,40667.304129159646,3624.38471273736,161634257.43068582,61092883.5277349
1045,39834.047896610005,2767.254929448506,118603384.7571961,61092883.5277349
1046,41552.87519289505,4312.716812721932,194565090.06809503,61092883.5277349
1047,41019.08999547594,3729.8565846502706,166518779.5487037,61092883.5277349
1048,41045.778140340924,3502.3892160498517,159013038.59442458,61092883.5277349
1049,41552.45493414039,4498.933833170202,204656233.13445392,61092883.5277349
1050,39748.05914282549,2698.8841706250614,114533492.82545984,61092883.5277349
1051,41451.55218977437,4422.763250978926,200116767.01226926,61092883.5277349
1052,40574.29295495547,2739.0894683026504,126308312.36307704,61092883.5277349
1053,40743.00570563817,3458.8438198772665,155209636.59055462,61092883.5277349
1054,38907.966360246566,1911.4898353722583,74445537.85800502,61092883.5277349
1055,39441.06035353185,2633.5524995133856,111301754.83330004,61092883.5277349
1056,40766.09587067104,2651.8812513488315,123091556.32646891,61092883.5277349
1057,40795.28210880684,3552.8804614143946,158855920.65361252,61092883.5277349
1058,41745.177824809594,4382.622303904618,198286088.98042834,61092883.5277349
1059,42006.006307619326,4569.829973393387,225702764.4654854,61092883.5277349
1060,40636.23172433874,3470.1901899386658,154296025.8047454,61015248.97464696
1061,42361.192913360275,5160.880449943847,237273989.79600295,61015248.97464696
1062,40385.1712233968,3382.732507801002,149137405.01890603,61015248.97464696
1063,40619.47806242617,2669.610634354141,123512533.53125486,61015248.97464695
1064,41370.235071269526,4206.122109663589,190865037.76930678,61015248.97464695
1065,42419.399542288695,5080.863778453965,252417924.90717715,61015248.97464695
1066,40816.21227994043,3458.4731225625665,154429934.50025302,60743386.47464794
1067,42110.85692688681,5011.864791342935,230495286.09217557,60743386.47464794
1068,38364.93073156689,1949.0633160450732,74771652.0286541,60685250.399999864
1069,41545.51557964931,4635.57646482442,208890319.4264921,60685250.399999864
1070,40411.48858949787,3504.0261204096205,154491072.5041802,60685250.399999864
1071,41478.869861166415,3585.2788101296333,170275682.51104248,60685250.399999864
1072,42572.5981669607,5436.391205159333,251157535.38781005,60685250.399999864
1073,40495.21006492017,3499.1071268446212,154736337.80633837,60666501.36437989
1074,40615.725925532795,3795.6473926229164,167762340.97309366,60666501.36437988
1075,40143.96029314895,3618.4115237200867,157961135.66910845,60666501.36437988
1076,42328.745872523345,4525.129465515462,215707948.72802672,60666501.36437988
1077,38836.38178710373,1915.86471711458,74516251.88481869,60634815.35319005
1078,40619.61024374733,3656.7988579442535,160866670.56118545,60634815.35319005
1079,39944.18290876574,2877.9005993794344,123884073.8762718,60634815.35319005
1080,46003.16642250129,6034.551283954897,311235398.40634274,60634815.35319005
1081,40450.58253108106,3645.0389294429683,159016495.32203382,60634815.35319005
1082,40504.71570199121,3488.782841544255,152881984.8668077,60634815.35319005
1083,38548.54029740352,1883.553835255585,72689691.22922517,60634815.35319005
1084,43367.92520643514,6150.328838266298,302426988.7348323,60634815.35319005
1085,38592.068050090726,2028.7262198179792,78319328.00363278,60634815.35319005
1086,38930.951569843404,2137.303985661874,83236925.97360891,60634815.35319005
1087,38410.45835264823,2035.8025207088594,78204049.13119093,60634815.35319005
1088,39548.7959886206,2716.391322504081,114808990.63412547,60634815.35319005
1089,43295.27965872647,5431.052810078457,275125859.42189264,60634815.35319005
1090,42328.883414472715,4537.753218287988,214514269.0804657,60634815.35319005
1091,38598.277970564304,1815.7590738729766,70154783.36640087,60634815.35319005
1092,42323.01405266532,5265.085024330193,242723556.8661169,60634815.35319005
1093,40526.74927103652,3673.240985550861,163109437.24053234,60634815.35319005
1094,40278.79553124744,3544.363915581601,156235528.4989967,60634815.35319005
1095,39491.6245829684,2558.80494903136,109135565.70087095,60634815.35319005
1096,40645.41611119312,3746.3736158196107,165140487.46491402,60634815.35319005
1097,38501.20619175672,1851.6859888906115,71324819.77029884,60634815.35319005
1098,38663.795522494605,1906.9995237904768,73861537.64471178,60634815.353190035
1099,41533.31335364368,3675.999054881795,174128340.60817847,60634815.353190035
1100,40792.40224917876,3805.318340865091,169657380.07353574,60634815.353190035
1101,40680.43435946473,3654.0799887953776,161354879.90418738,60634815.35319003
1102,46013.33615514415,6372.07575213328,326556194.4150305,60634815.35319003
1103,40775.362569271994,2930.856838063196,131829798.2093124,60634815.35319003
1104,39400.20345928012,2854.709558256,119817254.28114274,60634815.35319003
1105,40661.47777934608,3780.026862401668,166634896.378334,60634815.35319003
1106,38849.532901787905,1994.5840517624588,77724090.43055195,60634815.35319003
1107,41269.662730276315,3548.513751644508,189318367.69374087,60634815.35319003
1108,46207.036956334035,7082.301840280229,385145295.0797556,60634815.35319003
1109,40389.80245875106,2718.1092527527735,125117412.17356643,60634815.35319003
1110,39720.13786520328,2829.6519100736205,119118565.27029903,60634815.35319003
1111,39368.50249137469,2800.809070589973,116819331.93304308,60634815.35319003
1112,38386.59694780868,1808.1286517388621,69469804.83722423,60634815.35319003
1113,42184.02439846004,5414.998841680122,248456868.53249907,60634815.35319003
1114,40824.353266631355,3696.1219121236463,163519947.31796712,60634815.35319003
1115,40497.553980837336,3404.724620071827,150366653.0437203,60634815.35319003
1116,41054.4695758773,3854.164212484507,171151073.7289992,60634815.35319003
1117,40489.50224616962,3655.0139289312683,175279634.34068483,60634815.35319003
1118,40285.48707342162,3768.254926701696,164431669.88105696,60634815.35319003
1119,40453.813427544366,3731.1591073114078,180105023.17343646,60634815.35319003
1120,41656.920548517475,3807.274645889883,177949956.74256277,60634815.35319003
1121,39668.06062733977,2631.083496689482,111754511.02919896,60634815.35319003
1122,46366.25530733227,6240.226951649138,324093405.6187746,60634815.35319003
1123,43241.12512398288,6028.93863088629,294665668.30415523,60634815.35319003
1124,41341.375609288094,4540.306390526666,206124474.31222272,60634815.35319003
1125,43216.78684466797,5288.178631543791,269024820.5898139,60634815.35319003
1126,40401.02407641806,3639.2439516469994,160590484.57072902,60634815.35319003
1127,40532.95908587402,3413.829012399324,152128458.7603115,60634815.35319003
1128,38823.879468182626,2183.78711117338,85012611.2427029,60634815.35319003
1129,42335.28525640592,5221.243195338961,256158807.39808807,60634815.35319003
1130,40706.09213550089,3815.987671994796,168538053.69765186,60634815.35319003
1131,40541.621244361115,3731.6538331485563,178688701.09737235,60634815.35319003
1132,44317.662979360066,6251.272899640814,303505781.0259333,60634815.35319003
1133,40344.68858920903,3538.4634937387973,170962725.85069257,60634815.35319003
1134,42322.09829667889,4671.416773235289,244198132.44554344,60634815.35319003
1135,42473.25273777818,5400.60208413939,264494281.41089353,60634815.35319003
1136,40688.410986921815,3606.206079386394,160573239.9326741,60634815.35319003
1137,40605.084881241506,3676.3966150266933,160880802.40886474,60634815.35319003
1138,42353.559755427035,5171.471507148968,252734112.4603425,60634815.35319003
1139,39807.52280978697,2993.309100043126,126181096.7418338,60634815.35319003
1140,41522.26153909264,4515.690133329865,219258083.32169136,60634815.35319003
1141,42277.2362068655,5339.726946253913,260889292.67746073,60634815.35319003
1142,41465.62589346022,4635.354539274465,209032825.11646777,60634815.35319003
1143,42966.2674797379,4542.536085803324,224686880.1780088,60634815.35319003
1144,38665.06291578624,1754.816904457771,67962667.98544452,60634815.35319003
1145,40763.16231120634,3723.7480840563176,164749147.85773772,60634815.35319003
1146,41391.4920260722,3587.5002693444612,169766813.29509765,60634815.35319003
1147,40466.49940116011,3476.401302983336,153702044.83567208,60634815.35319003
1148,42275.05344003823,5353.791786972239,246220145.39276695,60634815.35319003
1149,40557.03483755933,2790.6546933020063,127452950.81436285,60634815.35319003
1150,40376.541962922136,3606.6528075548786,173231395.71157295,60634815.35319003
1151,40563.378218446895,3590.6499193030977,174667825.84408903,60634815.35319003
1152,38794.887682444576,2014.339943238423,78187604.17510843,60634815.35319003
1153,39612.26481885786,2761.5443426812135,117361973.94255939,60634815.35319003
1154,39619.455965031826,2710.251680708903,114596695.83566876,60634815.35319003
1155,38672.11606827639,2056.031802018001,79552214.50370134,60634815.35319003
1156,38797.719630078675,1850.6653763191396,71893762.62389089,60634815.35319003
1157,43308.67940779418,6271.405014922146,307143565.34282357,60634815.35319003
1158,44001.64344199425,5327.955916748899,295849409.97347474,60634815.35319003
1159,38554.53520756186,1815.357270161129,70125982.70197901,60634815.35319003
1160,39333.06619884832,2761.676875440704,115898857.7755723,60634815.35319003
1161,39581.015811978155,2869.4049032134963,120687385.25485726,60634815.35319003
1162,40300.69054093138,3541.547145719104,157035662.82401213,60634815.35319003
1163,40680.79022031158,3592.9023187815897,158179423.62943986,60634815.35319003
1164,41547.62923209036,3650.2743405147035,171693265.18462938,60634815.35319003
1165,42201.123658032935,5263.826639626992,257404886.86073,60634815.35319003
1166,43269.28595407996,6432.757389829126,300105825.8173512,60634815.35319003
1167,38244.691801578745,1730.2361874903825,66168847.714926936,60634815.35319003
1168,39431.51135896662,2959.372474211413,123847115.25246131,60634815.35319003
1169,40318.45553766997,3766.8120816473784,166243545.844351,60634815.35319003
1170,40467.070914664975,2653.167033050505,123804848.22750059,60634815.35319003
1171,38407.35618096083,1824.1195958631629,70162316.09692979,60634815.35319003
1172,41306.96966708656,4548.002285158274,205534789.04015395,60634815.35319003
1173,42362.23322953535,5323.664160776554,264318658.32687894,60634815.35319003
1174,39826.38204539596,2786.1562100684228,120642117.26279064,60634815.35319003
1175,39076.70036504646,1965.1154000645024,76964875.8317499,60634815.35319003
1176,38574.4605274008,1953.8153372736772,75449970.98392913,60634815.35319003
1177,39264.34309295284,2602.138170335391,109877645.57105419,60634815.35319003
1178,38996.44115411701,1896.144801982732,74096806.54422739,60634815.35319003
1179,38421.19215484163,1891.355750688722,72696348.96249613,60634815.35319003
1180,39592.051089586224,2710.110670147641,116249977.17605932,60634815.35319003
1181,40559.319049641315,3684.514741337106,162705960.36292452,60634815.35319003
1182,43449.94134668777,6344.903325823619,295216254.5542826,60634815.35319003
1183,40395.44670638215,3340.9006184661457,148076516.23578748,60634815.35319003
1184,41300.816022562176,4628.566915221332,208026716.37881282,60634815.35319003
1185,40357.23381252325,3706.665036563846,162443701.66954905,60634815.35319003
1186,39355.409983485224,2701.4634008947346,113631471.01026356,60634815.35319003
1187,40971.677806354324,3628.782486950118,163005678.63686725,60634815.35319003
1188,38530.80972550585,1738.2953492963788,67005439.51238142,60634815.35319003
1189,39522.790182713834,2832.2244965209234,119998132.10126448,60634815.35319003
1190,41399.93713945799,4410.640757536101,199307524.72081575,60634815.35319003
1191,39408.05759459002,2890.4010248676595,121195946.08863576,60634815.35319003
1192,42372.072681352765,4366.835092324269,206885714.42628682,60634815.35319003
1193,38600.352690554326,1845.4824198601586,71352983.23589578,60634815.35319003
1194,41296.679391867714,4458.296285844469,200918456.20563427,60634815.35319003
1195,41337.39600114819,4667.4226380365935,224931263.2466537,60634815.35319003
1196,42308.377798685615,4378.769059826764,211194537.67137846,60634815.35319003
1197,43606.980323104435,6221.849035574014,306794650.29467046,60634815.35319003
1198,40651.44155288702,3731.7349182323073,166201619.0369284,60634815.35319003
1199,40509.50869807886,3825.1833212032625,167346448.14396352,60634815.35319003
1200,43357.589597764265,4612.820926912989,244888200.4737259,60634815.35319003
1201,39339.23283063578,2741.2081387572944,115368688.79350773,60634815.35319003
1202,39015.17926301071,1954.796864639274,76541768.82536665,60634815.35319003
1203,40321.436481881494,3605.634549592842,159144125.77545506,60634815.35319003
1204,40560.619555919904,3757.8048520231177,166748782.38298565,60634815.35319003
1205,39460.897179150525,2652.4585572539117,112040157.13625927,60634815.35319003
1206,42337.82595263305,4452.664114731112,234189223.39518648,60634815.35319003
1207,41511.43571818209,4449.482824486893,201926693.57914436,60634815.35319003
1208,39383.397782760316,2557.364501835748,107257715.79692611,60634815.35319003
1209,43525.25688485918,5369.17227581871,282679160.5392343,60634815.35319003
1210,39290.69166883298,2688.1760024441724,113105837.35584083,60634815.35319003
1211,41264.78808709918,4383.464389322125,213930762.97124624,60634815.35319003
1212,40535.050733792785,3716.591604820289,163484238.655232,60634815.35319003
1213,41359.82885806338,3477.764883607906,162257333.9419182,60634815.35319003
1214,42517.63709083821,5277.240635408012,275427374.21146196,60634815.35319003
1215,40789.54207854331,2921.4372109899423,134303840.83193055,60634815.35319003
1216,41410.32432988645,4350.291442296125,197879447.23514235,60634815.35319003
1217,40416.857368453115,3543.156584387285,155482636.21555144,60634815.35319003
1218,42525.34757132674,5451.799739273632,267572267.610272,60634815.35319003
1219,40651.15737510348,3636.797074144551,160398723.9947018,60634815.35319003
1220,43235.22636357249,5300.425034490801,254156741.66094908,60634815.35319003
1221,42378.94352669355,5261.9143736015285,258937986.6652809,60634815.35319003
1222,41348.991735065174,4233.139734522169,192985672.9446662,60634815.35319003
1223,40546.208946760744,3559.724559035042,156653143.5841933,60634815.35319003
1224,39428.11940117659,2759.011898234233,116192143.33165872,60634815.35319003
1225,39838.392162968215,2791.0360223048024,119140219.86365326,60634815.35319003
1226,40538.36908818025,2875.713447530956,131225307.37354556,60634815.35319003
1227,41272.17130260849,4305.8254783626,194715804.8977142,60634815.35319003
1228,40666.65552902478,3872.080281499069,173258794.49215323,60634815.35319003
1229,38912.39336777429,1982.4367096467117,77313935.23929709,60634815.35319003
1230,40276.17740897929,3597.41698879946,158786809.30962625,60634815.35319003
1231,43135.06140546764,5260.198385780905,290348456.7679808,60634815.35319003
1232,41397.08937541308,4332.23850392896,211209927.61244547,60634815.35319003
1233,41404.87543896273,4503.515257743401,219167601.8854626,60634815.35319003
1234,39811.66140004352,2924.9566965079694,123767453.3542717,60634815.35319003
1235,40584.50873239378,3612.762620977878,160485350.6196359,60634815.35319003
1236,38582.79316297962,2035.5368353212198,78668374.67221822,60634815.35319003
1237,42465.05943696843,4543.444972393631,231705969.54588652,60634815.35319003
1238,39381.04461412478,2791.92408265225,118546049.29118113,60634815.35319003
1239,40643.80946414995,3763.227556435726,165304648.37946147,60634815.35319003
1240,39573.80078808414,2839.7974128560263,120861735.44628468,60634815.35319003
1241,40373.96971506588,3483.284486456184,154814918.87252912,60634815.35319003
1242,39369.71746178287,2673.596855816381,112236923.10187677,60634815.35319003
1243,38833.81305343743,1936.9259905173953,75305637.64071688,60634815.35319003
1244,40601.89585473586,2915.2764482847065,135006184.10489625,60634815.35319003
1245,42669.153575461954,5245.1070078463945,243360597.20702562,60634815.35319003
1246,42396.99868611365,3755.884510532599,183785044.7422393,60634815.35319003
1247,40379.02533066281,3486.7937505263217,153824732.81429285,60634815.35319003
1248,39491.87958717579,2597.458961438816,110721145.33644557,60634815.35319003
1249,38324.57170059896,1877.365719970446,71940866.3313354,60634815.35319003
1250,40522.84270565167,3447.7060040686547,152905421.1306496,60634815.35319003
1251,41683.16950518331,3684.5012102303976,173257034.0167125,60634815.35319003
1252,41219.52195517479,4382.696315717741,198147761.72309995,60634815.35319003
1253,38766.198321532014,2022.6784607407462,78651865.63820218,60634815.35319003
1254,41176.6533453045,4452.492519141648,200446787.28150386,60634815.35319003
1255,40806.474429321286,3672.569737606005,161642486.01720473,60634815.35319003
1256,40635.161685403335,3908.939509667375,173807469.05493045,60634815.35319003
1257,40314.28905896179,3717.7377321270556,162749821.0029282,60634815.35319003
1258,40616.224643752226,3643.0546713258855,161969814.6841732,60634815.35319003
1259,39143.74418778571,2044.4787922621003,80315061.17522553,60634815.35319003
1260,40583.08195708881,3760.756939550397,165894032.4454842,60634815.35319003
1261,38522.88130384458,1703.7805694016042,65673026.62270112,60634815.35319003
1262,40243.32541677111,3476.258427896664,170294965.15101817,60634815.35319003
1263,41333.58099956876,3766.0156961275325,174723949.94764644,60634815.35319003
1264,38432.41837491066,2134.192260545852,82067238.1856246,60634815.35319003
1265,40353.865389469,3658.3874369631253,160466716.79466498,60634815.35319003
1266,41250.01493062352,3729.186302110348,174553351.9148667,60634815.35319003
1267,39603.36911158798,2881.28605986931,121888084.21077868,60634815.35319003
1268,39384.90410856863,2744.1595430679718,116216190.87320335,60634815.35319003
1269,40790.39729891027,3743.846351273574,165960946.43116504,60634815.35319003
1270,39573.35025684986,2832.957747999314,119179899.71102795,60634815.35319003
1271,42719.90636281001,4915.6916742626045,233931638.9177742,60634815.35319003
1272,40646.6661321406,2774.4142746824737,128035824.50594917,60634815.35319003
1273,39650.79104214336,2819.0417560533083,118999688.06014712,60634815.35319003
1274,39500.30501142553,2745.2401085074225,114679011.60315832,60634815.35319003
1275,38648.46215004355,1934.9924529452492,74927965.87457208,60634815.35319003
1276,39193.83285915975,2637.6768049815805,110845338.8126652,60634815.35319003
1277,40416.421420353,3575.4869369181943,158712535.4663255,60634815.35319003
1278,40428.156464517364,3589.1727641735124,158282917.63670447,60634815.35319003
1279,40703.33090825811,3811.198177867661,168527187.29781875,60634815.35319003
1280,40701.86128885114,3755.4665908894794,165857749.28638244,60634815.35319003
1281,42061.45378399013,4363.31586930813,207812596.41169906,60634815.35319003
1282,39538.153979304065,2751.1670760390907,115949730.69376639,60634815.35319003
1283,38466.19734801644,1969.9116785353726,75821677.71040213,60634815.35319003
1284,40604.189492755184,2773.7104299309726,129361607.0002677,60634815.35319003
1285,38709.309185905186,1904.9761364203218,73818379.20889974,60634815.35319003
1286,41248.53967194159,3477.4142674074565,164408839.2933864,60634815.35319003
1287,40268.26155330379,3597.3644982963065,157608966.44620052,60634815.35319003
1288,41365.324662159524,3673.627649145247,171697506.5057835,60634815.35319003
1289,40346.399603414044,3673.5501546133587,162053925.09821826,60634815.35319003
1290,41772.0708983728,3795.2219823057685,177340713.0178931,60634815.35319003
1291,40532.61049713519,3614.743047761044,161170440.95998454,60634815.35319003
1292,42344.99999619239,5415.774530738166,266012130.1022964,60634815.35319003
1293,40353.17158825881,3504.704667952159,154856791.60517374,60634815.35319003
1294,39574.338593856715,2669.2935263532368,111942592.90904622,60634815.35319003
1295,41426.012838166855,3565.191255964056,168990649.7426058,60634815.35319003
1296,42489.89296601958,5392.095808801171,248661160.56453013,60634815.35319003
1297,40379.34367270452,2765.107067689154,125820210.95734274,60634815.35319003
1298,39662.87617937931,2805.596946656976,119604118.47855751,60634815.35319003
1299,39675.3575277042,2934.545393292812,124121842.1262947,60634815.35319003
1300,44215.47436727493,5431.664676254343,270790083.231299,60634815.35319003
1301,38658.758682183296,1956.3630224037304,75698160.31668027,60634815.35319003
1302,42682.203582821,5524.298960098009,272862146.9769031,60634815.35319003
1303,40118.34298393999,3669.8125504782283,160852503.49707317,60634815.35319003
1304,38702.40666013207,2009.9852865174605,77950368.63513884,60634815.35319003
1305,39818.29565152481,2880.003198848644,123470652.04048724,60634815.35319003
1306,40400.62412577446,3660.158113940346,161232437.47771287,60634815.35319003
1307,41560.38952037589,4418.921974075117,218480475.64978808,60634815.35319003
1308,40451.074870005956,3448.410882874027,169231239.05190456,60634815.35319003
1309,40677.23918245315,3754.4740927847206,166534546.33768964,60634815.35319003
1310,40828.74777510036,3782.1787382232737,168171487.80345452,60634815.35319003
1311,41274.07451846044,4413.7121153049575,216296308.36472043,60634815.35319003
1312,40241.01001441593,3481.1594957296425,152826366.3241743,60634815.35319003
1313,41238.34595241932,3567.2194335429144,166440037.59486562,60634815.35319003
1314,40713.64935644007,3720.876801435736,167097133.35907483,60634815.35319003
1315,39483.39256783578,2812.0524033445863,119637620.41101286,60634815.35319003
1316,39324.72275915397,2679.9525909229314,112950614.79458325,60634815.35319003
1317,40339.26983756585,3424.983570486625,151115916.406847,60634815.35319003
1318,44139.77488064048,4495.952838200055,233446790.96977496,60634815.35319003
1319,40352.191257166574,3704.8654870892083,163196552.1990098,60634815.35319003
1320,43995.59948423858,6045.304008741747,330296028.15782374,60634815.35319003
1321,39441.88853715865,2730.0157776310684,116274809.16877183,60634815.35319003
1322,43204.734920536255,5428.686114182636,274304918.8298891,60634815.35319003
1323,40588.32522167722,2875.4663240320465,131354558.95289436,60634815.35319003
1324,41470.11667384061,4410.847425756872,200193115.90358752,60634815.35319003
1325,40546.85551540948,3503.686028688032,155037243.35996062,60634815.35319003
1326,39970.096345322185,2864.924594730788,122652770.69348654,60634815.35319003
1327,41423.84619261694,4454.431371268361,216150180.50336808,60634815.35319003
1328,45281.97130387339,7171.605649995201,363156080.8112788,60634815.35319003
1329,41555.36513425865,4382.154541636731,216059473.38541207,60634815.35319003
1330,41469.939337839765,4445.83557225406,217557465.25277027,60634815.35319003
1331,40474.97094772058,3747.619361722626,166182772.75954285,60609221.119333915
1332,38422.85846631244,1908.8775201002675,73412296.92136358,60609221.119333915
1333,42447.45900936657,4526.616218489719,215873441.8371616,60609221.119333915
1334,39373.80964833894,2734.374065412263,114790150.29726498,60609221.119333915
1335,42402.89868809184,4548.461068936008,219893200.29312634,60609221.119333915
1336,39498.04646085121,2788.5087382771594,117334110.36009207,60609221.119333915
1337,38560.676637563636,1864.0255988854085,72096469.38540436,60609221.1193339
1338,42277.32643236779,4384.362525175913,207552852.1436781,60609221.1193339
1339,38724.397535378885,1983.4249638175854,76986104.05403048,60609221.1193339
1340,39530.07230181685,2700.555222652044,114314066.8097368,60609221.1193339
1341,40412.5415623432,3636.5543096985252,161427020.37015778,60609221.1193339
1342,39460.09046353273,2636.6020278286205,112568193.3310905,60609221.1193339
1343,39660.07148483767,2648.6790899043117,112819078.74702367,60609221.1193339
1344,39719.13442654219,2935.6737232823693,124665599.83357525,60609221.1193339
1345,40630.23216480509,3658.1681981134097,160868400.77753374,60609221.1193339
1346,43442.10949234969,6206.178124175712,290372253.83780915,60609221.1193339
1347,40514.87672220671,3651.4824664973444,162461893.09113294,60609221.1193339
1348,42288.716882091074,5395.595187004027,263767025.04537526,60609221.1193339
1349,41523.02492630566,4439.569504389883,201872830.4557863,60609221.1193339
1350,38716.94013518102,1918.108591626371,74368564.06676683,60609221.1193339
1351,41647.1371100275,4304.577077279888,195730994.95347565,60609221.1193339
1352,38570.90113790231,1873.7338798745973,72283279.63578847,60609221.1193339
1353,43104.47509637322,5433.139415068763,258330740.23972374,60609221.1193339
1354,38428.89105312196,1886.3543459834982,72494717.7223594,60609221.1193339
1355,39832.88730407933,2949.061945375829,124169835.33976409,60609221.1193339
1356,41243.69595253529,4411.379791826333,199464720.32946938,60609221.1193339
1357,38600.48758218736,1853.925640844107,71751309.39927468,60609221.1193339
1358,38799.43236970571,2118.6209367823003,82356283.37856242,60609221.1193339
1359,40422.70467209987,3658.7926718163008,160593296.07772473,60609221.1193339
1360,40256.3092036586,3609.0223557971744,158513176.44930992,60609221.1193339
1361,40526.16097470856,3814.6866879382906,168879550.47453457,60609221.1193339
1362,42601.64323245911,4565.5764469368805,217297430.80250162,60609221.1193339
1363,40753.96357230214,3773.145519525152,166602364.0168168,60609221.1193339
1364,42862.40196853252,4507.273413819334,216575276.5499838,60609221.1193339
1365,44231.15586082307,7125.514724905845,349421023.0149598,60609221.1193339
1366,42640.39093233079,5488.588991582389,269436696.5369879,60609221.1193339
1367,41944.284836934035,3375.9112381440364,198868176.11480397,60609221.1193339
1368,39523.87035576777,2841.658206725894,119655197.1804181,60609221.1193339
1369,41733.78646648167,3833.8205478232585,178534367.85595322,60609221.1193339
1370,41425.504159528675,4388.3312370370795,212524500.54749572,60609221.1193339
1371,41514.155375599876,4498.701686471503,203888320.16249508,60609221.1193339
1372,39629.33924144316,2983.401857088076,125162270.30440024,60609221.1193339
1373,41168.768793109804,4471.275913664651,216102122.92621237,60609221.1193339
1374,40585.0209363913,3648.832661240935,161171661.06645268,60609221.1193339
1375,41541.84354875813,4564.382601379924,205341197.7393675,60609221.1193339
1376,38489.22492941723,1782.43499148231,68674636.67584015,60609221.1193339
1377,40338.66203249518,3745.3622163990003,164638571.70909825,60609221.1193339
1378,41242.83515897292,3485.6720225592785,163621388.85468772,60609221.1193339
1379,41341.359159068015,4762.089237244642,213648698.84078884,60609221.1193339
1380,41357.43474559143,4435.591149559112,201047081.66756874,60609221.1193339
1381,39547.40932367496,2731.437439707697,115032190.0550108,60609221.1193339
1382,38767.653367415674,2032.7859228368247,78932080.11515275,60609221.1193339
1383,40464.32331199788,3554.2115167132606,172778954.91074887,60609221.1193339
1384,38694.79124045665,2060.1894492511888,79779159.66011734,60609221.1193339
1385,38564.05857879959,1846.4925584844266,71340519.81544866,60609221.1193339
1386,40586.83002581738,3726.156687267314,179669347.2575565,60609221.1193339
1387,40468.6789047387,3608.9094267647392,160835474.4886405,60609221.1193339
1388,41421.95428939266,3731.3423915700673,177440268.855788,60609221.1193339
1389,42712.71086096756,3780.4424230365003,188718680.63706872,60609221.1193339
1390,41356.37330349833,4335.545323297529,212600595.88011682,60609221.1193339
1391,42230.985799246046,4349.218990831278,206350114.55170652,60609221.1193339
1392,41337.33105771048,4450.208957099872,217897502.39803472,60609221.1193339
1393,40220.326793365864,3621.3088257528207,158462857.77470738,60609221.1193339
1394,40796.38865344868,2845.9600812187978,130385731.03717527,60609221.1193339
1395,42289.176996254326,5464.402522530372,252368717.03895885,60609221.1193339
1396,41451.422802843896,3549.8220210606173,190553892.80118114,60609221.1193339
1397,41351.76134623391,3641.8824013629282,169804004.21784347,60609221.1193339
1398,38865.42137485136,1913.797518834051,74612864.55738299,60609221.1193339
1399,41477.01843888595,4480.956557980518,219446927.48512372,60609221.1193339
1400,42278.30092253749,5159.3325183102515,239178214.51965111,60609221.1193339
1401,42437.086655799954,4474.767691755899,214597147.7694419,60609221.1193339
1402,39407.391733552024,2787.8986717689827,116983637.88450663,60609221.1193339
1403,40531.785342973584,3498.096662974869,156169412.3344151,60609221.1193339
1404,39718.86994496871,2768.6788262217246,118236887.80281234,60609221.1193339
1405,41507.285922940144,4445.0085454882355,219128170.77926236,60609221.1193339
1406,42299.037551725116,4442.567336250392,211805912.75870404,60609221.1193339
1407,40457.83107081797,3490.4174345185347,152996057.00440362,60609221.1193339
1408,40478.60677495189,3633.313859358054,161489633.076567,60609221.1193339
1409,39665.83493501267,2949.6864784608806,126473450.05516037,60609221.1193339
1410,40214.462428733896,3453.37941955813,166894920.70279032,60609221.1193339
1411,41099.219173177866,3556.101348705431,166667883.79045147,60609221.1193339
1412,42045.95882815569,5206.920379683996,255410508.27072555,60609221.1193339
1413,42380.002212088475,4505.0741944131505,214149340.18067977,60609221.1193339
1414,42473.00011784703,4494.592663062798,214502226.3148106,60609221.1193339
1415,40635.99615665981,3793.5335145009108,167532154.82928056,60609221.1193339
1416,42136.98915562787,3535.9706061778297,176255707.95121226,60609221.1193339
1417,40698.58132260254,3634.021828064365,160357328.6677085,60609221.1193339
1418,39515.13630896961,2682.1387259872745,112296186.42751186,60609221.1193339
1419,40418.22207956678,3673.5103462500824,160038839.14762765,60609221.1193339
1420,40312.38190156817,3711.6546508364745,162109108.76877472,60609221.1193339
1421,39275.58880405178,2721.9861022071473,114128880.88756347,60609221.1193339
1422,41594.60059400274,3594.9717468427457,169005259.5961914,60609221.1193339
1423,39658.547362286154,2608.590558017061,112007984.00154729,60609221.1193339
1424,40340.239918783795,3717.535338211027,164861961.51153776,60609221.1193339
1425,39444.86120412557,2771.5714762874827,117196829.45952776,60609221.1193339
1426,46114.37979789647,5511.961249931344,296678989.1300091,60609221.1193339
1427,40776.03399539706,3642.178114906945,161710877.82843548,60609221.1193339
1428,39738.80002421866,2785.0893413409276,117697289.4268668,60609221.1193339
1429,39591.11400115406,2665.605123006523,113350274.02684054,60609221.1193339
1430,41265.172742407834,4354.092488691737,211910652.4456362,60609221.1193339
1431,41058.39889200749,4351.745277048957,210838836.7944935,60609221.1193339
1432,39816.34259921072,2799.2567398683072,120820301.46184531,60609221.1193339
1433,41622.45978133614,3758.4603208198337,176049859.01362526,60609221.1193339
1434,41170.9548244075,4432.238347187777,198495898.11745596,60609221.1193339
1435,42198.05299514606,5221.638223718769,255845985.92894855,60609221.1193339
1436,38415.946213391944,1891.3763029595025,72754824.4956598,60609221.1193339
1437,42219.97600770107,5454.278443210048,263853731.70656687,60609221.1193339
1438,38668.485475316775,1846.5435690845748,71560277.70518756,60609221.1193339
1439,39629.71794131494,2926.8822983959108,124009438.27806059,60609221.1193339
1440,41140.01637582794,2704.0078834348446,134573374.6910358,60609221.1193339
1441,43495.33017776945,5377.094510675472,297005260.8017577,60609221.1193339
1442,40410.34361553736,3762.253748308085,166522364.84457302,60609221.1193339
1443,40473.961446648114,3695.6698960203976,163111626.18597668,60609221.1193339
1444,43410.425330288956,6317.525072777768,310128330.93629605,60609221.1193339
1445,43603.53141605244,6107.888169413121,289917285.5686344,60609221.1193339
1446,39492.38365708622,2756.9747396723396,117077294.99191049,60609221.1193339
1447,39442.321743185734,2644.4578104523284,111288214.4133021,60609221.1193339
1448,43219.95411089234,5935.558233731658,276047967.45995224,60609221.1193339
1449,39269.966551460864,2689.674562402978,113125939.2601238,60609221.1193339
1450,38651.24380614289,1747.9866624733513,67738230.38680995,60609221.1193339
1451,40327.668822823325,3626.282098140152,159001577.4538647,60609221.1193339
1452,40311.03732556605,3770.8107964370965,165670414.3580163,60609221.1193339
1453,39605.68425262267,2630.883759661131,111496851.29050982,60609221.1193339
1454,40499.85857421291,3759.0188837488413,167064484.9419977,60609221.1193339
1455,40664.54193270103,3615.680424510118,159601758.7755025,60609221.1193339
1456,38461.57175359767,1896.715659729937,72996656.77146919,60609221.1193339
1457,42142.767528843964,5157.117611764623,269966730.78335375,60609221.1193339
1458,40602.24857038545,2832.5284836181117,132152771.54843946,60609221.1193339
1459,38610.44539973808,2131.735178777073,82478344.78649557,60609221.1193339
1460,42589.18586308105,5394.655967109647,250356263.02850372,60609221.1193339
1461,40664.74059083873,3693.947237071689,164659593.5413643,60609221.1193339
1462,41660.51071127908,4570.152599876151,224934804.48602524,60609221.1193339
1463,41538.64228172999,4591.008425804361,208697116.997101,60609221.1193339
1464,41365.68517945297,4332.005151473832,216368619.33812565,60609221.1193339
1465,38787.0765480592,1885.5491260852643,73440489.2007738,60609221.1193339
1466,41393.53646700275,4491.562706402519,218383928.90559477,60609221.1193339
1467,40698.77115270725,3594.850785750422,159240418.9420358,60609221.1193339
1468,41186.68546448252,4409.737689145653,213567353.80421963,60609221.1193339
1469,42159.77581117819,4491.723971367908,213036877.75260964,60609221.1193339
1470,39256.40888473847,2688.3456713683117,113145586.46052954,60609221.1193339
1471,39701.82992204445,2854.2875434744255,121563588.49529338,60609221.1193339
1472,39614.97496400203,2759.1995989393417,117008751.15917096,60609221.1193339
1473,38549.292616675295,1853.3617445381326,71591636.81726113,60609221.1193339
1474,40488.489788909545,3572.2275380545443,156321877.60964075,60609221.1193339
1475,41443.04085397233,4664.197460310115,224749798.98041648,60609221.1193339
1476,41532.44336137747,3686.1342875805503,173233727.6354007,60609221.1193339
1477,43582.47635799602,5524.126794923787,268063330.71688956,60609221.1193339
1478,41514.561364750756,3704.849716941845,173957948.38635817,60609221.1193339
1479,40567.56436922185,3729.8497438000704,164477635.50391358,60609221.1193339
1480,42401.90099843891,4523.69515102755,214583024.96782312,60609221.1193339
1481,39372.49352681504,2707.51382491338,114675899.71773009,60609221.1193339
1482,42206.90112890086,5267.413048312184,243671800.1855526,60609221.1193339
1483,40651.00850181819,3882.8491910259413,172186349.4475869,60609221.1193339
1484,38606.3905141655,1956.4063803205172,75798189.94540587,60609221.1193339
1485,41238.09679923637,4528.268178932576,202769957.11936665,60609221.1193339
1486,40404.214083035724,3446.89136684574,151509722.72479424,60609221.1193339
1487,43380.458596151104,5309.345476425033,281639916.5565063,60609221.1193339
1488,41199.700125927375,4500.234309717199,201806513.4764526,60609221.1193339
1489,41389.431236626486,4501.407420056275,204289948.4405591,60609221.1193339
1490,40844.83451465563,3714.5685381697017,164911236.72835085,60609221.1193339
1491,41283.4954753183,3691.2874311388528,173859926.0803985,60609221.1193339
1492,43095.393840072684,6083.509456281523,296826973.1191952,60609221.1193339
1493,39497.627690459434,2780.6712760622418,117906810.90525433,60609221.1193339
1494,39506.919000842165,2647.1496897222546,112131391.59116647,60609221.1193339
1495,39540.867574009026,2839.0840829512854,119430863.47747417,60609221.1193339
1496,42240.41639402397,5469.681468757231,280561346.24981695,60609221.1193339
1497,41633.19579396113,2859.225801296018,141733646.22798395,60609221.1193339
1498,38790.52477783972,1902.207854536978,73881353.72298776,60609221.1193339
1499,39869.12637767424,2773.280327628085,117103717.45093146,60609221.1193339
