,per_it_avg_total_length,per_it_avg_max_path_length,per_it_avg_fitness,per_it_best_fitness
0,63182.30288116727,7187.379949061849,453783791.4429442,375315214.1832555
1,60991.944579830815,6639.245547868921,407997121.2422539,374762461.0718941
2,60116.359675299514,6065.686529285404,364668170.5853356,304412960.5139978
3,61996.384271002826,6189.698672344869,391449937.595352,304399594.5318606
4,59927.84527992077,5028.233764583094,301376546.410723,257890137.7691646
5,61615.86736161945,5353.728282049649,337158155.4643456,241852598.52861884
6,60683.32920964033,4558.271363666156,280581972.5853785,209100775.75839087
7,60455.45327327327,4279.914285400086,264958492.4312473,198828796.5098154
8,59758.25343590209,4385.622578144847,267863709.71969762,190398130.2520759
9,59833.14474178436,4367.39124931092,266356101.9650224,187271705.40832937
10,58944.39221389128,4036.9427311688946,242259204.6978001,180478611.40725574
11,59859.18574629144,4480.922528967098,276433272.24312484,178102939.5439731
12,59952.271088548216,4739.574886229518,297929951.1830651,177330854.13892028
13,57059.264272626955,3385.3428702906795,193180718.7500475,174589743.0481864
14,57074.27167531366,3936.3490297525286,229843719.34895858,170739538.75506458
15,57007.91355535439,4060.422334792705,242271137.52161303,161607173.49208695
16,57929.86118551307,4724.2321196837065,286610300.7225727,153851545.7015584
17,56309.52854512531,4069.827117202025,236722994.33268136,152085706.56508318
18,55612.57726223425,3742.5855348885802,213675918.39210233,152085706.56508318
19,54662.685274880765,3187.6768063133504,174203614.07254106,151712010.766607
20,54225.485543909934,3038.0707342591195,164869846.70927116,147548730.64772472
21,54129.71110369619,3897.4394539520617,215390253.1274187,147548730.64772472
22,55795.70550506811,4782.628707028538,282985755.59337,146732045.2021762
23,53104.75241312309,3036.2039222328576,161279703.0394443,146732045.20217618
24,55484.19224054143,5428.576876344117,312606073.83935565,144970101.94571614
25,55839.637208607106,5390.655781484656,316928173.3108036,144970101.94571614
26,56535.35129514573,6671.106299506915,393084676.8326091,144970101.94571614
27,52235.93680807558,3238.1311358073704,169115478.09905416,144970101.94571614
28,54088.21341725157,4486.774415412938,251143890.44024974,144970101.94571614
29,52980.85823832967,3523.403880080941,190812416.17464972,144453997.24254635
30,53895.761628789885,4370.890896951161,243464512.50291458,144453997.24254635
31,53756.28599040389,4247.870861875666,237421927.27355704,143827040.82589275
32,52901.66487065949,3865.3679046523466,208443824.0863832,143827040.82589275
33,52743.651147140714,3727.2634078444325,202430424.117145,143827040.82589275
34,51805.5882874426,3373.5328370924094,174756222.56758156,143827040.82589275
35,52748.26150229946,3680.4541215705367,198899802.4277141,143827040.82589275
36,56181.596243893786,5738.660884838466,339192669.5720665,143827040.82589275
37,52915.24127753846,3793.3130483013206,206215194.5268175,143827040.82589275
38,56971.67835396255,6103.384350212518,365428190.0286725,143827040.82589275
39,55160.394043420805,5743.7394620046025,330459732.6117861,143827040.82589275
40,51813.96717903913,3502.2722748631727,181558748.91180766,143827040.82589275
41,55312.224457963566,6041.550317275132,359878000.5722337,143827040.82589275
42,52717.843225642326,3727.8749002922714,201089903.6058316,143201957.8822638
43,52374.63177895484,4098.059945939799,220419920.44931537,143201957.8822638
44,56313.13085216716,6125.868405196106,364400140.0901698,143201957.8822638
45,55974.40075430266,6432.253915505213,373825535.4711277,143201957.8822638
46,56035.59957233149,5675.024574628456,335106848.5254566,143201957.8822638
47,55888.141767602225,4958.649547652862,294955949.5640929,143201957.8822638
48,57106.57206099238,5842.80900668763,357212946.13063705,143201957.88226378
49,53456.248798777044,4742.276814697471,262914823.91198763,142585577.01367167
50,54043.50220362734,5209.639263812927,293823973.4820008,142585577.01367167
51,53283.707721020386,4841.797301642209,279721039.7809153,142585577.01367167
52,54783.80778756506,5177.466434951568,301059848.38389987,142585577.01367167
53,52410.98090041681,4098.991641771774,219539067.39544973,142585577.01367167
54,54880.85061474731,5153.075888361012,298925574.4032369,142585577.01367167
55,52337.34922093853,3789.2557881309476,203097447.37139952,141704747.92984283
56,55434.660029312945,4557.707723708028,276500126.5370818,141704747.92984283
57,51036.19056940764,3821.6824142267496,195033006.3790281,141704747.92984283
58,54885.75706735505,5169.667089306535,302765099.6503564,141704747.92984283
59,54818.730447682225,5310.63358706507,307719174.24701107,141704747.92984283
60,52873.0583226357,4668.729968524103,255342866.20611548,141704747.92984283
61,51117.85992812355,3330.597864031438,170369132.27574176,140129654.40133825
62,51254.08396156863,3657.73562885179,192717942.15812927,139227541.13903794
63,50569.432231343264,3613.6482972611766,188238288.87391853,139227541.13903794
64,51481.85557548051,4459.780805755621,238792486.32435554,138851859.7900441
65,54801.450267989945,5333.370303517611,317125740.87166667,138851859.7900441
66,49442.75682584904,2891.321343621731,143020837.45069462,128915976.00033832
67,50426.33134807898,3507.3160955100248,183796689.58522767,128301464.46767817
68,51817.74649761686,4267.60150623305,235284759.85821328,127188250.31550325
69,52482.72626593024,4219.319633784398,239900360.62184238,127188250.31550325
70,52766.91639670912,4440.997849062091,255428956.83777896,127177079.14522666
71,50226.1213704373,3595.001752170135,185470739.81817117,127177079.14522666
72,49155.32018903101,3049.8068736240684,149940883.2503057,126746116.42775176
73,53439.28523242813,5554.1767723080575,318022154.995162,126746116.42775176
74,51906.98306786092,5463.409195850327,298773336.8056117,125803671.00597228
75,49831.45060536347,4285.483905974162,222991051.26142985,125803671.00597228
76,51503.48948031505,4884.716821117142,268458352.66940916,125803671.00597228
77,52532.38002403527,5099.69279258395,289844238.02805173,125256970.99767351
78,51620.06330334929,5668.901754537248,323467804.3485183,125256970.99767347
79,52239.335368159416,4944.094098052342,282128342.1546749,118538472.95293953
80,48648.328517451206,3732.4286083139937,185600442.68636626,118538472.95293953
81,47745.073994757535,3006.8162614223716,143586381.80245453,118538472.95293951
82,50453.683633741486,4148.331646206855,225479057.18850446,117387202.19924325
83,49876.08618501335,4162.354355946661,223527573.50002855,115930655.94990188
84,48905.9982490825,4096.453981995039,210172550.59278718,115930655.94990188
85,53226.37345846025,6384.844517949614,360226312.72844106,115930655.94990188
86,49992.376553098984,4855.754434140583,256292569.44939026,115930655.94990188
87,49904.84177842913,4938.335263250361,259083165.24193883,115930655.94990188
88,49909.63261858038,4336.2259884170035,230694198.79690522,115930655.94990188
89,50768.33613688352,5771.697983051859,320559405.70044976,115930655.94990188
90,49907.19478954356,4446.594493429989,234816190.93327412,115930655.94990188
91,48992.90117470782,4243.377829835495,216726725.10997647,115930655.94990188
92,48132.77301906042,3448.0804680075926,171462763.71012038,115930655.94990188
93,50227.420087597195,4970.134356313428,276416716.5547565,115930655.94990188
94,50967.977996124304,5621.788897580092,315206030.2303099,115930655.94990188
95,51593.85667650626,6430.465049576939,360265564.1266775,115930655.94990188
96,47092.57641897067,2698.3352273970922,127099610.75340633,112095022.4796573
97,49186.12686753626,3991.235062629764,206073270.83833206,112095022.47965729
98,48366.91196438604,3605.7746648771704,180014263.28096005,112095022.47965729
99,50257.02239968968,4992.96797303434,263896121.18134028,112095022.47965729
100,52500.80010280714,6238.599375872548,345295817.2140896,112095022.47965729
101,49837.45163366092,4159.78332491918,223625285.23227635,110414753.52360216
102,50931.880499689316,4891.662570839582,266220788.95048317,110414753.52360216
103,51476.04474373518,5284.092085319688,290629823.03506136,109172540.6983146
104,49435.96775755663,4236.384234863163,223324887.08581477,109172540.6983146
105,52356.54872918538,7192.507983078174,392468252.7430085,109172540.6983146
106,47763.35518526461,2646.337995624829,126454953.12814867,109172540.6983146
107,48497.27078260585,3506.732355337307,176011744.38723156,109172540.6983146
108,50009.86435415597,4643.127062244893,246927874.5871418,109172540.6983146
109,49932.94329505662,4269.275676241307,228203277.4339243,109172540.6983146
110,48161.89682135229,3311.6680986195643,164006161.93512112,109172540.6983146
111,48588.33355233748,3300.864257750214,167406484.2610591,109172540.6983146
112,49103.2836212341,4069.2549914192778,210521278.3161647,108254548.19958049
113,49143.90492065782,4103.923033301829,211895837.2248485,107811307.05521716
114,50584.88976112083,5435.6347383332195,288533183.96071804,107660153.59355123
115,49794.127962003215,4737.520372273846,249793520.36821944,107660153.59355123
116,49808.850381244825,4281.723088182868,228530866.06478506,107660153.59355123
117,47831.46044553676,3191.223072507501,158875227.78643113,105710196.43779847
118,48846.1013598092,3998.622062151422,205944152.9911324,105710196.43779846
119,47883.38639368835,3344.1438274597967,165109236.69583255,105710196.43779846
120,50603.70991826473,5360.625769438203,284561341.10117143,105710196.43779846
121,49659.18010315851,4079.52851757941,218603185.32026958,105710196.43779846
122,49711.96521154898,4640.72444467019,242406914.3158111,105438838.594375
123,53006.43588014494,6906.612348064533,384725660.633328,105438838.594375
124,49676.89543845384,3588.2781061774413,194368471.60350662,105438838.594375
125,47998.20678727895,3483.0875879134755,173295505.39622483,105438838.594375
126,47710.698835123985,3333.3835523902794,164849086.2333214,105438838.594375
127,48640.61576389893,4155.23255671551,212322354.43291894,105438838.594375
128,47803.40076355355,3244.8818476523,160347594.0570566,105438838.59437498
129,47832.48170576582,3202.439772921505,157660369.12836272,105423493.19854201
130,47743.16862798751,3579.982188563491,176196953.6532844,105423493.19854201
131,48001.17298501548,3644.8656997126272,182487920.62676793,105423493.19854201
132,49520.919611826794,4803.7535774242315,251092770.7537706,105423493.19854201
133,49550.452241367326,4196.107865945171,223728732.13240758,104929758.7476039
134,47517.71215799763,3302.989111804268,161376983.72510824,104929758.7476039
135,49303.34850764276,4709.712999547848,246326356.92036352,104929758.7476039
136,48461.27092775267,4008.94482373542,205493975.1819608,104929758.7476039
137,48771.84054840762,4142.079984168113,212731742.15126598,104929758.7476039
138,48651.641753822725,3946.292303113747,201726236.61011922,104929758.7476039
139,48448.982809241585,3221.0195025024427,166147168.7764304,104929758.7476039
140,47000.86943145515,2626.9588695255425,123568853.6009543,104929758.7476039
141,50304.3559335943,4699.519074072406,255447981.1973734,104929758.7476039
142,48434.200715070016,4098.941660464096,210118745.38782132,104929758.7476039
143,48438.66326163248,4000.638523800957,202549125.36774936,104929758.7476039
144,52200.10527053076,5596.9409998684705,313459392.0033387,104929758.7476039
145,47613.37426253045,3096.2576825152246,153210918.40485674,104929758.7476039
146,50449.699863147674,5597.318784070736,298007150.8036812,104929758.7476039
147,48470.16950189201,3318.8428844931163,171321899.51144764,104692889.8752762
148,52580.05667941352,6410.757713548717,379668639.48155,104692889.8752762
149,48638.57211526763,3398.198690518999,176449020.0666627,104692889.8752762
150,49222.20221547108,4060.1008597750106,216921437.83503658,103837490.47296825
151,47853.58974518672,3886.5718803242175,195304060.36650223,103837490.47296824
152,47165.608501653,3418.772825520663,167073122.96041912,103837490.47296824
153,48122.020550865294,3961.6165811447913,200488805.9027439,103837490.47296824
154,47156.18606582018,3445.7873173963294,168941498.3505026,103837490.47296824
155,48575.091106057254,3357.6636335584676,173934931.50708184,103837490.47296824
156,46304.69007650176,2634.1176859840043,122051297.08181374,103108696.9369412
157,46477.75447411013,2836.2135729175,132019683.55017547,103108696.9369412
158,48470.07013881809,4778.402909204452,258441812.4247995,103108696.9369412
159,46047.71149881968,2799.96642687937,128981561.32808736,103108696.9369412
160,46037.106242188944,2726.306380644608,125575343.36941528,103108696.93694119
161,51039.47709123713,6134.580503302963,352365490.28339183,103108696.93694119
162,46893.870918616085,3653.4902013947094,178712648.71646014,103108696.93694119
163,46733.0337942205,3442.7883782292397,167830468.4497281,103108696.93694119
164,47347.03878442571,3309.5070990970517,162316835.78231174,103108696.93694119
165,46880.20330547645,3434.1695066982334,166150180.08565027,102953631.6927434
166,50554.720390484115,4710.618275274774,257712059.41820255,102953631.6927434
167,45908.90403623763,2699.4894990049143,124039411.84268136,102704320.31544562
168,48030.2795448907,4321.41591684406,219204975.87599334,102704320.31544562
169,47870.1003668692,4294.736055633617,214745109.73764315,102704320.31544562
170,49217.792957146434,4886.6780558326245,260475196.5393637,102704320.31544562
171,46648.95889244352,3431.836895433162,165421918.77467585,102704320.31544562
172,47545.260392864184,4090.4182152683998,205247557.0164857,102704320.31544562
173,46860.5566068077,3202.5116761848903,156408570.35847786,102704320.31544562
174,46751.27177225508,3519.2800337557396,170262884.2863078,102704320.3154456
175,47678.32962920186,4311.969539847076,215672167.3614591,102704320.3154456
176,45906.0297413076,2727.629356817165,125291213.92394844,102704320.3154456
177,49457.112559989466,5094.971402270344,288832657.66832256,102704320.3154456
178,47657.36055752224,3983.2907351930785,201187669.22202057,102704320.3154456
179,49554.31814097946,5909.915433199867,318085085.27385205,102704320.3154456
180,47869.2617252542,4261.332121617195,214268219.59118962,102704320.3154456
181,49976.57122102964,5723.995742892534,326391304.1540815,102704320.3154456
182,45957.71489085123,2908.4491916771285,133777072.65074082,102668238.82931986
183,47489.05613309394,4196.640145834782,208801104.6168012,102668238.82931985
184,45630.445694969756,2835.418671175219,129422599.18869618,102668238.82931985
185,47811.63955295681,3478.134316805187,177583006.25734115,102668238.82931985
186,47809.47183590998,4197.358929583346,223750390.3765649,102668238.82931985
187,48267.63717669311,4850.40876565685,259179965.1744977,102614384.82488532
188,45888.66110958571,2469.2232390245977,113546313.09350558,102279040.09664355
189,49940.75847962141,6531.382655458514,368168760.33274424,102279040.09664355
190,48982.16526528554,4622.984955166835,256396260.9313147,102279040.09664355
191,47429.462509541845,3387.05078336722,173023520.79947898,101608094.98975842
192,49604.63786730426,4742.544171985143,256084805.34369835,101608094.98975842
193,46564.84537398821,3378.8490517818127,162170079.25866693,101608094.98975842
194,47345.329752503734,4065.367830058642,201668598.0810346,101608094.98975842
195,49823.669477406744,5740.706828716595,327650943.9503261,101608094.9897584
196,47352.74408878551,3750.0925411983712,188283432.06215438,100288696.5740296
197,48224.734096573724,4592.418578803626,239198823.01759726,100288696.57402958
198,46303.38157612133,4061.0004260845903,213744560.94512787,97770538.84029469
199,45935.166409350524,4408.7724075208735,214488248.76090184,97770538.84029469
200,47121.1490893609,4879.678597063516,270921070.9675992,97691951.82311894
201,46126.79070441444,4910.677726601057,253016429.99932426,97691951.82311894
202,45093.46407142212,4065.27048289293,193415041.77573565,97691951.82311894
203,44287.95467991543,3356.834778114061,153798983.5986045,97691951.82311894
204,45252.409116347764,4178.727835386937,214175642.72137448,97691951.82311894
205,45603.216885389076,4226.506077181511,203832535.11649242,97691951.82311894
206,44345.490175320156,3421.854501446453,157119314.29193848,97691951.82311894
207,46383.79588820754,4759.580331173293,235043441.98099923,97691951.82311894
208,45523.62020351173,4193.436941456828,201933133.99962255,97691951.82311894
209,45283.97231514073,3537.967491020829,172166949.74742746,97691951.82311894
210,47415.80416176045,4675.465559186327,238652625.47346395,97625179.36151975
211,43805.539786834575,2643.491814052224,115840669.96308236,97625179.36151975
212,47169.55340880009,4941.487553044697,251359988.32989922,97625179.36151975
213,47712.32329492144,4776.546450963035,250495534.6992758,97371739.43281314
214,44257.65929089369,3198.6859093004155,147683295.24801955,95617287.58815192
215,45350.785050520186,4702.830642809718,227509812.7258041,95617287.58815192
216,42849.97978447442,2689.2918974134423,115421731.59241958,95617287.58815192
217,44497.89792101201,4201.665948672468,198661744.76732057,95617287.58815192
218,47188.48876400852,5751.935306409941,313714716.1302742,95617287.58815192
219,43633.47109582646,3133.437298987394,141933339.39112636,95617287.58815192
220,45286.641257832605,4892.6224665972095,235356520.88609886,95617287.58815192
221,44494.30989753356,3814.0652798324954,179872112.6496705,95617287.58815192
222,46462.97488359253,5447.828897149383,269419378.96720135,95617287.5881519
223,45266.55644739115,3952.3766992156598,194745117.87172383,95617287.5881519
224,43637.50552092403,3214.1534344180823,146654514.31484598,95605556.92460075
225,47302.428409320746,5427.724460297891,296010300.4209359,94197601.28905557
226,45023.68764956132,4916.26297555119,250423530.27771863,94197601.28905557
227,43861.73619735669,4009.522023335926,186131830.84707436,93425982.00424084
228,43896.76026821858,4300.332678649587,200379407.54404193,93425982.00424083
229,43321.627701414334,3371.001389115616,151073684.49863538,93425982.00424083
230,46247.37060875636,4917.714103045898,264759662.41018772,93425982.00424083
231,43241.1335022792,3498.6376772462854,157234460.27886748,88637580.70203932
232,46866.51946583575,5565.010827372067,281542662.3312802,88637580.70203932
233,46092.18965354006,4843.295245547023,240872300.80126292,88637580.70203932
234,43696.97163007595,3624.840219416926,165799697.49115345,88637580.70203932
235,46792.168130828286,5245.676981605668,265707101.04234093,88637580.70203932
236,45159.80517648446,4606.025299579271,220311528.07289654,88637580.70203932
237,44163.726758128425,3057.135936129238,145648602.0781339,88637580.70203932
238,44953.162706426505,4820.68904161633,232206872.53801268,88637580.70203932
239,42398.16825502571,2536.112090056532,107440712.09908254,88637580.70203932
240,42921.53357091938,3090.6124907492604,137902280.7332572,88637580.70203932
241,43093.612498529896,3101.804260771702,140373157.78431433,87845963.23051973
242,43556.513061887345,3887.075524840299,179288895.4044903,87845963.23051971
243,43535.38960051788,4116.956373643823,189340838.65285134,87845963.23051971
244,42725.01447636995,3313.8707568310333,147071752.5517264,87845963.23051971
245,43004.152464281084,3229.8662992676554,144010191.66225505,87845963.23051971
246,41850.61461484622,2375.0458048721102,99415337.93278739,87845963.23051971
247,43096.80234277823,3426.343136148536,156326656.1723887,87845963.23051971
248,45311.867069168205,3941.286146064929,194616065.00362298,87845963.23051971
249,43954.095979872094,4009.863859711358,188827406.84172195,82780794.179607
250,45322.17614510752,4111.307397075081,204517690.51428333,82780794.179607
251,45184.57903557202,4853.360322233156,233742551.11252207,82780794.179607
252,44165.24290991503,4164.199767977233,196374845.81596938,82467417.24016374
253,44994.426504648385,4842.601314031498,233340040.42415008,82184487.20905423
254,42186.15786409017,2538.4950094565443,107075168.96158174,82184487.20905423
255,45907.994721214156,5345.432244479635,259922805.6934522,82184487.20905423
256,42964.56102067588,3111.7427119494187,140346112.62616554,82184487.20905423
257,44231.060670340936,3775.8907304763816,178947002.6761345,82184487.20905423
258,46501.92197019762,4549.702675692059,235375804.60755476,82184487.20905423
259,44885.02216508214,4672.340239386509,222156612.11052027,82184487.20905423
260,48485.45733403365,6925.262505733021,355720354.3887483,82184487.20905423
261,44149.82788862493,3174.8366875893744,152747457.84148404,82184487.20905423
262,44159.37978839338,3786.252601045241,176861244.8295082,82184487.20905423
263,44092.042324394155,3851.2570390597457,178829532.0574607,81547211.23861723
264,43444.680133052934,3254.6989489883767,147545232.3478171,81547211.23861723
265,43543.94564800279,3739.206365024346,172818315.79408816,81547211.23861723
266,42849.88542511113,3239.0985217562747,143733656.15165287,81547211.23861723
267,43834.40288525578,4148.804232281762,191892653.57239917,81547211.23861723
268,42389.51672109019,2732.14245393658,116322459.55802147,81547211.23861723
269,42661.68914998615,3076.5326304918403,138257754.3706087,80926247.3827989
270,42338.13145252657,3051.4522241363334,134422833.7316456,80926247.3827989
271,42626.995258927804,3070.4975073106466,136963707.51558048,80926247.3827989
272,42426.53220253737,3188.820207601454,140360571.95888516,80926247.3827989
273,41526.31458782997,2415.651674715451,100480726.37693831,80926247.3827989
274,47069.38744396727,5579.880610169562,290418978.90548676,80926247.3827989
275,43237.02325868375,4314.5013511722545,197071069.2501728,80926247.3827989
276,42383.733248064316,3267.623095485834,143287005.8333562,80926247.3827989
277,47588.436693259384,6838.676588868642,363958726.6945057,80926247.3827989
278,44476.80776127787,4904.790142575653,233137224.5555862,80926247.3827989
279,43318.90769720999,3937.0230016860296,180957019.75667197,80803471.69460535
280,45002.90251361766,3914.8416479212697,198859872.16525793,80803471.69460535
281,43310.9530183219,3661.3816213812834,168324471.82160836,80803471.69460535
282,44107.31937523101,4667.9509137062105,232930631.01599178,80803471.69460535
283,43265.89134009918,3727.7144357798948,173374340.90567702,80803471.69460535
284,44259.73228054079,4361.287198453444,207405409.5116983,80489600.69775704
285,45727.98546157301,4855.696497881208,246392863.03960115,80489600.69775704
286,43064.0755102865,3844.3249182059526,174696629.8427047,80489600.69775704
287,44084.038876093335,4699.197092192819,223193219.7350583,80489600.69775702
288,42101.56612160157,3277.8868128953313,143834123.6254292,80489600.69775702
289,44668.06420995218,5349.145039495948,267641502.899024,80489600.69775702
290,43154.06852440659,4014.090567917455,183540415.5400641,80489600.69775702
291,44104.04286868524,4672.15623179576,220781517.58943576,80489600.69775702
292,43250.12157594844,3794.37859236072,174597745.45033175,80383718.84939195
293,43777.839965616164,4605.333030860264,229100631.42200541,80383718.84939195
294,42936.20576568827,3699.7326504282123,168311076.73675507,80383718.84939195
295,44743.021832105274,3814.627253668083,190776035.95809036,80377223.0591959
296,42212.37684580662,3209.8945408195264,141560751.28346577,80377223.05919588
297,42183.519660002356,3332.866685991765,147900925.140854,80377223.05919588
298,43192.72255553813,4074.6189796048093,187316936.58257407,80377223.05919588
299,42342.49347825123,3243.710462357997,143034043.26047972,80377223.05919588
300,44060.61915910338,4639.225878858247,219645045.64286536,80377223.05919588
301,42515.66785257001,3429.3689269985416,152243645.6802345,80377223.05919588
302,42226.193486695105,3105.3523265121007,137135238.98062792,80377223.05919588
303,41190.50819577299,2271.2115194887715,93604572.43102583,80377223.05919588
304,44893.600571025156,5213.730260953229,250825945.61725402,80377223.05919588
305,47507.95286358233,4825.885594548398,264276126.81918773,80377223.05919588
306,44945.95332912346,4508.616403944894,221127176.76953158,80377223.05919588
307,43962.41889835058,4626.919842878346,218460393.0371994,80377223.05919588
308,41224.50431651588,2618.583800705502,108036014.07137427,78303599.28144422
309,44629.751599703835,5492.806618623065,275705940.84809095,78303599.28144422
310,44843.26366319916,4578.0506965476125,224051588.9768715,78303599.28144422
311,42905.928599082,3977.632395238927,180227035.57389215,78303599.28144422
312,43359.68181622137,3723.3752935530297,171447458.62252495,78303599.28144422
313,43739.2681212675,4674.65599066733,231272725.2313066,78303599.28144422
314,42778.15388999802,4050.2656168412127,185745105.92250678,78303599.28144422
315,43312.48169927621,3989.7136076270085,182538314.06397396,78303599.28144422
316,40975.36236746701,2452.05840286177,100505189.84633225,78303599.28144422
317,42047.55019475366,3282.629121377869,143530896.83659163,78303599.28144422
318,44479.690661625325,4750.898311616862,231534296.29397988,78303599.28144422
319,41938.865171428755,3233.0218326721965,141907458.05254084,76323645.87375557
320,41746.34917869879,3224.1713074702407,139881987.5643926,76323645.87375557
321,45604.86192001331,5055.936073641917,257307079.96499437,76323645.87375557
322,46770.4492438389,4035.392825285066,221624418.95164785,76323645.87375557
323,44838.743024229036,5310.497343364155,268312404.4563834,76323645.87375557
324,42714.906713637305,3059.510433545429,142542979.65416986,76323645.87375557
325,41060.82934077848,2372.2417413010908,97438483.70346129,75426472.6834363
326,42261.082275150286,3400.0082605611583,148944588.71319452,75426472.6834363
327,44200.88645065339,4636.400918879405,219475632.9746388,75426472.6834363
328,44227.87811267253,4759.405658378043,223927433.26058927,75426472.6834363
329,42828.67948967541,3804.6339019367892,173477116.03722447,75426472.6834363
330,42060.96325748131,2985.1043371735623,130706012.09082949,75426472.68343629
331,42286.31123933975,3002.9154947771467,134435192.12930843,75426472.68343629
332,44146.60792061537,4211.913459813014,206245761.9007146,75426472.68343629
333,45939.179186857895,5359.244594284645,289133704.8128783,75426472.68343629
334,44550.02057155573,3736.7869369871632,187553796.08526114,75426472.68343629
335,43775.6522620372,4745.997971163508,222225098.54943553,75426472.68343629
336,45397.648730591325,6225.292153718502,326157338.4045779,75426472.68343629
337,46582.19074076637,4659.664282245527,267804187.47815704,75426472.68343629
338,42042.3442814249,2987.621309844494,131035362.71235263,75426472.68343629
339,43580.886397598646,4108.483954298482,192135514.00960493,75426472.68343629
340,42775.69705901884,3829.6190547808956,188760447.00982732,75426472.68343629
341,43965.64395431154,4379.59223097245,206379380.4539096,75426472.68343629
342,42755.11964452298,3135.4533412807223,146580044.51266223,75426472.68343629
343,42515.91828085315,3125.697451484679,138438604.5973166,75426472.68343629
344,42059.44912658746,3085.0117307327264,136053367.18615812,75426472.68343629
345,43851.34174201125,4594.242107536285,215393875.75035492,75426472.68343629
346,42236.39270435429,3088.8415461420864,135752479.60731968,75426472.68343629
347,41145.19473354641,2259.220322079927,93003483.2794574,75426472.68343627
348,42142.712485627904,3015.548134737182,133087680.34665163,75426472.68343627
349,43021.05223124581,3891.843817950163,178000751.44489023,75426472.68343627
350,44123.73911439351,4125.559766190959,198318582.42081738,75426472.68343627
351,42928.158815616436,3901.3908259464683,178886694.54972592,75035999.66145368
352,44617.14861193862,4647.629949110959,226840570.92690054,75035999.66145368
353,44359.34976330638,5202.478409596719,247267200.332273,75035999.66145368
354,44418.38714289371,5184.559410444754,259065046.37859583,75035999.66145368
355,41664.9920623054,2859.252342310655,125393349.25269516,75035999.66145366
356,42839.648581672416,3929.8129438923256,179182410.51467252,75035999.66145366
357,44425.40742301076,5179.586661355106,245857465.74050102,75035999.66145366
358,40939.755272228365,2244.3327994928813,91905907.84734464,75035999.66145366
359,41156.997022026255,2463.5069106574456,101497627.1809556,75035999.66145366
360,43647.84140880297,4713.56555488473,221757361.19983706,75035999.66145366
361,41955.28814331892,2859.868848911693,125986614.1723859,75035999.66145366
362,45664.5579538242,6159.819872982285,298361118.51884645,75035999.66145366
363,41714.99457096435,3039.5752172721977,133987207.02034435,74729965.03955695
364,43242.69372530241,4407.221574211304,204965520.73665923,74729965.03955695
365,41666.35077461244,2858.8574580655686,124601052.44183378,74729965.03955695
366,41839.94133481119,3222.0996602956006,140473427.6906473,74729965.03955695
367,42903.17477066654,3797.8559771365312,172990621.37557477,74729965.03955695
368,43306.411774667285,3772.570528086669,180678531.0913871,74729965.03955695
369,41541.675242062454,3065.9590831029627,133403995.09430018,74729965.03955695
370,41846.18939246326,3175.8444407536576,139474212.6505941,74729965.03955695
371,42641.7980449019,3918.0963733655276,178403284.7684909,74729965.03955695
372,41635.84275225643,3125.258725696788,135559113.13993436,74729965.03955695
373,42554.13288274266,3718.4424322023674,168080459.60472903,74729965.03955695
374,41773.807822010014,3135.2208119755664,136732067.35268113,74729965.03955695
375,44978.80393169425,5553.068715850373,282586866.7209797,74729965.03955695
376,42688.59260956681,3689.605865519573,168049777.10692576,74729965.03955695
377,44034.44747443391,4568.789888470377,213801547.78084356,74729965.03955695
378,44594.22875718402,5470.01624259054,262714253.9910366,74729965.03955695
379,43665.04263725946,4432.972538473665,208936309.99901104,74729965.03955695
380,42924.58602649454,4243.352921948443,204755306.82760534,74729965.03955695
381,43652.663951605144,4854.436921604864,226409315.97574773,74729965.03955695
382,43494.682125822765,4760.488626049846,233699430.13642818,74729965.03955695
383,42966.88486688602,3371.579258549552,156191737.42864424,74729965.03955695
384,44293.20752785465,5311.651222373274,249773730.23741165,74729965.03955695
385,43420.82659118432,3846.5550573289815,183711830.51263738,74729965.03955695
386,43535.86528267836,4096.197123663846,215985681.1855709,74729965.03955695
387,42861.3958412491,3693.5080307900716,169868111.19965202,74729965.03955695
388,41558.273409479974,3189.3919135869464,138071816.89509538,74729965.03955695
389,43889.69508401688,4656.586330810182,218744824.14217058,74729965.03955695
390,40940.74801026801,2370.0326121440967,97086370.85017112,74729965.03955695
391,44631.58978807415,4493.014164593532,218892734.3005538,74729965.03955695
392,41573.28140964984,3142.075869659811,137422856.00195494,74729965.03955695
393,43976.640052736795,4836.945203773104,226609098.8451852,74729965.03955695
394,43892.86458600842,4608.582728994759,217301999.00525278,74729965.03955695
395,42138.62487723002,2940.467302840095,130222195.58231457,74729965.03955695
396,44034.57924129015,4688.595194867544,220199906.58898002,74729965.03955695
397,44326.68632228418,3776.3695559603175,188831803.35673314,74729965.03955695
398,41576.25464506178,3008.476965719388,130811994.97599666,74698581.45293958
399,46141.6425854036,5971.941547283803,295238468.41641724,74698581.45293958
400,42868.48210768543,4097.098903481659,199234462.39143667,74698581.45293958
401,45519.80848621599,4706.62864945732,236676787.9391141,74698581.45293958
402,42432.82524319236,3788.898992500078,171012863.0187149,74698581.45293958
403,41003.6156747607,2321.5983144428187,95285831.75738433,74698581.45293958
404,44153.827760544445,5402.3668122343215,254177172.15516776,74698581.45293958
405,42479.45015680439,3684.8009038450946,166639668.2684694,74698581.45293958
406,42763.2753523797,3121.725867805248,147553458.59051645,74698581.45293958
407,43534.21415314679,3750.7167576077254,179750851.6658814,74698581.45293958
408,42676.04733176498,3265.3064586114683,156372627.00449967,74698581.45293957
409,43439.80144392805,3712.912240644079,177024296.5967999,74698581.45293957
410,44273.384328014436,5352.9312827480335,266558303.0486034,74698581.45293957
411,42703.848530700285,3818.126961050874,175362389.9380395,74698581.45293956
412,42433.8844469716,3907.446958635674,176465648.3247472,74698581.45293956
413,43100.60291619922,3902.10311703358,176767912.29471382,74698581.45293956
414,44573.54926254502,5366.835207804565,271638834.4473095,74698581.45293956
415,46415.74147050475,6268.29090839511,328470943.9511751,74646813.67028701
416,41917.084997537626,3186.059034577693,141268971.25559106,74646813.67028701
417,42437.294047084746,3737.9603243565994,169385539.51521108,74646813.67028701
418,42462.956671191285,3855.438041888109,172165632.71605965,74646813.67028701
419,44259.067562745775,4179.577611074814,202295713.1521935,74646813.67028701
420,43819.5620182868,3996.1158406953773,192116028.26759642,74646813.67028701
421,40930.42005862272,2355.7865732724476,96541902.60769334,73654629.48339497
422,40640.94690300354,2603.7804965176083,105998823.26913781,73654629.48339497
423,42210.24925933247,3902.7301046261105,176660787.6652152,73654629.48339497
424,42338.59650195671,3910.02288420421,176435191.14960536,73654629.48339497
425,43216.50084378624,4380.019684483512,205016685.85692528,73654629.48339497
426,42094.52428905472,3977.0301630457425,190829065.46167856,73654629.48339497
427,45882.26685208911,5376.0661958284645,273875040.75420886,73654629.48339497
428,45787.33168219671,5417.031714709292,271444292.8320813,73654629.48339497
429,43245.41501454202,3886.803207667549,185348217.89818507,73654629.48339497
430,41934.5737405074,3676.139632689774,163512637.14358082,73654629.48339497
431,42230.66595741467,3882.230003874464,173399725.26012713,73654629.48339497
432,41668.02161640267,3237.424553706541,140866471.7578463,73654629.48339497
433,44207.92380100655,5303.594289808794,251492104.17662746,73654629.48339497
434,41120.26056196291,3096.713422027649,132637950.05251357,73654629.48339497
435,43023.106546109564,4641.83802840816,213505090.21416235,73654629.48339497
436,41114.334815438255,3247.6357629633885,139530883.75387666,73654629.48339497
437,41895.81100190384,3541.244694559669,159161922.8109778,73654629.48339497
438,44154.87192075295,4104.825022847506,204887807.2980867,73654629.48339497
439,40284.909166899175,2340.0571665907905,94380140.06665035,73654629.48339497
440,43149.6505348438,4671.136946157392,215120177.95725384,73654629.48339497
441,41027.2059711291,2978.3048913900348,127569866.60954174,73654629.48339497
442,42312.78992101854,3807.860430530533,171263356.40938243,73654629.48339497
443,42137.49888782883,3857.7193444638497,173788958.55778497,73654629.48339497
444,40407.91216129921,2529.5648065085416,102210700.28990057,73654629.48339495
445,46589.27032738966,5862.291265445671,297751141.5146597,73654629.48339495
446,41257.597430881775,3165.0518600906007,135732841.93891007,73654629.48339495
447,41121.63407731154,3111.3526256690943,133872095.53435364,73654629.48339495
448,46685.134883907325,6125.13996717809,310681169.5519555,73654629.48339495
449,41171.76769518528,3015.1149205617453,128878864.41475832,73654629.48339495
450,41277.159194202904,3195.344702154929,137945777.49224406,73654629.48339495
451,44577.51824764145,5529.517836706912,266300358.1679639,73654629.48339495
452,41958.464566481984,3979.2586696339013,178261383.8102965,73654629.48339495
453,43751.4823844042,4973.317836846072,256082208.2206385,73654629.48339495
454,43678.74402117865,5390.052950474243,263233527.30786276,73654629.48339495
455,44069.7098019275,5484.804109424789,256315316.90140462,73654629.48339495
456,42845.014334854735,4534.284525352215,207891308.76789927,73654629.48339495
457,41842.73990228972,3792.601990212036,169683644.028969,73654629.48339495
458,45468.88565690754,6808.238407578714,326157033.9950301,73654629.48339495
459,41036.430637811965,2948.576166614743,127263065.75922194,73569003.51462187
460,42576.40074216422,3807.5331794980348,174033116.33718142,73569003.51462187
461,42177.58616314353,3778.482929383264,169263694.53755513,73569003.51462187
462,44244.0004077226,4554.2806998720835,221275304.09409052,73569003.51462187
463,42831.14898027382,4513.833420246372,205795249.3512581,73569003.51462187
464,43565.54862669083,5223.251785503051,243172333.3880158,73569003.51462187
465,43107.47129058058,4046.993041900848,190369537.0532959,73569003.51462187
466,44661.15658793921,6088.560251156179,288478502.2120377,73569003.51462187
467,41807.75062765393,3882.819368128924,172641931.8351738,73569003.51462187
468,41411.242203436836,3216.511192751727,140412443.30691454,73569003.51462187
469,44701.710169349004,5239.976661647455,253874470.21533704,73569003.51462187
470,42876.03549006989,4532.873817873492,207343231.9881818,73569003.51462187
471,41611.58483568432,3365.965464429494,145349659.5492928,73569003.51462187
472,41807.525085548856,3996.0638967545156,177292982.1602607,73569003.51462187
473,41888.67459982127,3941.880788923691,175498400.19917005,73569003.51462187
474,43227.774156755,3855.75919269061,184110697.22008413,73569003.51462187
475,43925.331352200905,5459.238409870478,254715855.8385458,73569003.51462187
476,41958.596771190525,3185.4985878302514,145465715.472628,73569003.51462187
477,42636.675001119926,4099.321783650372,191855024.3707656,73569003.51462187
478,41143.338541025405,3016.2093615321023,131025135.76830506,73569003.51462187
479,43533.76458122295,5190.228125397668,239450883.9774154,73569003.51462187
480,42964.86599843,4634.55915348901,212903624.86955976,73569003.51462187
481,40149.7032171698,2564.597583088096,102923731.6405257,73569003.51462187
482,43802.78910832792,5658.687183161099,264536608.3590346,73569003.51462187
483,41141.88493053913,2986.144243649354,129430585.09384564,73569003.51462187
484,42358.09668836495,3831.0730505409097,172150304.25590372,73569003.51462187
485,43175.401504124064,4027.4384255524683,191624745.326688,73569003.51462187
486,43001.567942088586,4533.527251898409,222285801.11817178,73569003.51462187
487,43676.0983595604,5222.34887522136,244742225.06131035,73569003.51462187
488,45874.856632871306,6148.503598212294,303994469.20513517,73569003.51462187
489,43900.404916185995,4575.068491671874,219374089.04720646,73569003.51462187
490,44458.76019584163,5325.848226189271,256208039.3558836,73569003.51462187
491,44461.961529161534,4684.8428882679655,231276694.57904473,73569003.51462187
492,45913.98619273287,6937.814579270096,365708541.735536,73569003.51462187
493,41911.68238919748,3740.562483457549,167848852.44496688,72961749.23709653
494,40589.46520434883,3075.4446947017746,131676220.23825414,72885180.81475396
495,41619.48303684413,3599.713541587496,160079290.83851653,72885180.81475396
496,40816.36931724569,3316.1686930581745,141503753.01928157,72885180.81475396
497,41639.98544755175,3745.6817832756337,165607701.93675548,72885180.81475396
498,43689.68362140128,5188.781024500265,242761930.190526,72885180.81475396
499,41422.30559343561,3716.7622470249435,163587609.72294444,72885180.81475396
500,43453.06925224606,5147.840369329324,239966205.4508102,72885180.81475395
501,41717.55742476099,3776.3663809981563,168052893.56785998,72885180.81475395
502,44349.45912764076,4547.879836340266,226137005.56589857,72885180.81475395
503,42022.72323965087,4137.935640928261,182613293.45227826,72885180.81475395
504,39884.49484202985,2402.0811917740566,95932846.9091241,72885180.81475395
505,39803.84806910057,2225.188899050091,88644452.22135004,72885180.81475395
506,40977.149788773124,3141.110958861703,134333708.5411363,72885180.81475395
507,44334.29641281609,5946.89330848001,279140374.0225635,72885180.81475395
508,42768.42291026232,4679.911035531285,215913343.43492937,72885180.81475395
509,42307.93203215751,3497.394844479796,159940327.12143302,72885180.81475395
510,42699.585120690936,3843.1901243803686,179716967.07311672,72885180.81475395
511,42382.1148494929,4483.639591461879,203823089.24891734,72885180.81475395
512,42861.9749240596,4446.05441892546,204194114.26095843,72885180.81475395
513,39824.38146858981,2481.223773804739,98880333.23622382,72885180.81475395
514,39917.974935191196,2379.8325393556743,95083584.86085127,72885180.81475395
515,39817.67727728797,2428.1558319584215,96788433.91303426,72885180.81475395
516,42036.357492774456,3725.554801676621,166402650.22724727,72885180.81475395
517,41360.80403053922,3599.76735452305,159452212.18592963,72885180.81475395
518,41530.64974591679,3893.193179490224,172324644.24664095,72885180.81475395
519,42276.80941965834,4110.172698958553,183756497.16732764,72885180.81475395
520,40926.460555556485,3126.5521135756176,133787171.33372235,72885180.81475395
521,42141.306770868076,3984.354104366227,179349302.23991048,72885180.81475395
522,42568.807360619845,4530.331351161209,220784865.53233185,72885180.81475395
523,43548.00659348408,5524.095038521197,257687091.4380549,72885180.81475395
524,43543.50431685742,4677.140851638885,225266441.36972505,72885180.81475395
525,44346.610155641436,6450.620881567074,329462434.2986105,72885180.81475395
526,40855.996253647485,3206.2447052637667,136454151.57618898,72885180.81475395
527,43542.29256738849,3896.8846796029566,190777965.65721542,72885180.81475395
528,41121.58567866601,3184.8916187628492,137927087.06443298,72885180.81475395
529,45104.4701241645,5506.458638754335,295287341.5970499,72885180.81475395
530,44139.07665342212,6268.777649248686,304633289.25868016,72885180.81475395
531,41893.69734988047,3629.32951783721,163228013.9400344,72885180.81475395
532,42604.88693300681,4847.559466482836,219632042.46897525,72885180.81475395
533,40785.17431058483,3038.9397946932645,130424210.96255262,72885180.81475395
534,40939.8174845498,3036.2434461864277,129746437.82553606,72885180.81475395
535,41610.516672005266,3917.0423666822944,173826163.40830666,72885180.81475395
536,40872.553702234305,3254.790221798259,138659848.44739324,72885180.81475395
537,42698.43804842874,4678.717325500719,211923797.19294554,72885180.81475395
538,45235.69292013408,6673.022975213174,332707944.0053216,72885180.81475395
539,43305.00974433612,5260.970285891118,243653090.09409207,72885180.81475395
540,39964.36945670352,2443.617921780908,97707188.16329435,72885180.81475395
541,40047.85506584479,2308.1540663099468,92535679.26139037,72885180.81475395
542,42593.8399600584,3936.8416140095296,183255620.60809353,72885180.81475395
543,42487.60087625422,4396.193549156404,214309652.4863154,72885180.81475395
544,44417.09986167326,6064.860788398726,286132772.71313286,72885180.81475395
545,41019.10172347332,3255.18750008906,138980651.11669236,72885180.81475395
546,45293.5880051345,6881.161550456418,327851866.94736624,72885180.81475395
547,42699.87106399624,3956.3346092839847,183544667.87785444,72885180.81475395
548,41631.96147481299,3651.325725006079,162863359.26885352,72885180.81475395
549,39975.80964055144,2530.902714554238,101294575.27092475,72885180.81475395
550,39814.07802415404,2159.0723622904243,85996075.50910954,72885180.81475395
551,43774.37378271875,4593.907571566861,219949447.1082816,72885180.81475395
552,41654.476075554805,3221.275061111161,146912095.9516878,72885180.81475395
553,40795.02871135503,2950.958644378153,125503413.99918993,72885180.81475395
554,43330.8878457096,4554.449098791108,215166242.72799176,72885180.81475395
555,41120.30818659821,3056.2368448700227,133249608.93159032,72885180.81475395
556,45383.374179688006,4734.552387383371,242514198.6953899,72885180.81475395
557,41819.27483387801,3994.7560781292987,179862295.47716355,72885180.81475395
558,41312.48393836989,3196.9409190722818,137510317.32612592,72885180.81475395
559,39964.36938176264,2517.544449027577,100616380.74311242,72885180.81475395
560,41692.26548931238,3953.5470256371614,178021952.4757816,72885180.81475395
561,41433.26171626056,3611.5588770990626,159295734.41423497,72885180.81475395
562,40681.818829364165,2943.7332678867347,125908374.14364016,72885180.81475395
563,42565.35730989799,4320.857208709554,195884198.67412448,72885180.81475395
564,41783.334299726164,3077.001111873293,139898798.33193594,72885180.81475395
565,41737.20546488647,3105.612958434987,142756836.28210053,72885180.81475395
566,44090.311274105756,6110.1496714704845,299024778.141609,72885180.81475395
567,42502.41730995139,4813.561037083793,217426587.70325595,72885180.81475395
568,41711.93322958847,3804.5327119172134,169737625.5967775,72885180.81475395
569,40791.951636537466,3015.016974805712,129026605.58091393,72885180.81475395
570,42548.58457315782,4530.737157280649,206078956.79903623,72885180.81475395
571,40804.496032037314,3153.2185460509477,134469975.7452279,72885180.81475395
572,40826.70637722702,3246.91963438112,137354656.10860166,72885180.81475395
573,41511.37194302201,2989.874897869187,133949088.53147343,72869548.2512437
574,40685.924516191895,3005.2730523684168,127291298.15146399,72869548.2512437
575,41855.1836932221,3991.601588271938,179249774.6773979,72869548.2512437
576,43283.58575509522,4698.40552870741,222387919.37307054,72869548.2512437
577,41602.06333211298,3914.712840544807,175849855.0428888,72869548.2512437
578,40670.11527980145,2845.5164592526908,121088268.75975902,72869548.25124368
579,41740.30497538693,3890.787983403967,175427219.98487055,72746519.93034098
580,40757.31530520389,3440.0515075412586,145572090.38611916,72746519.93034098
581,42430.09344652613,3986.989439138604,187746136.9440059,72746519.93034098
582,39955.19184306409,2411.988808208265,96581665.37571678,72746519.93034098
583,43095.13118197855,4549.098789400854,214032357.4905556,72746519.93034098
584,40962.31417299625,3346.331585035149,143875173.36207578,72746519.93034098
585,42680.48829957562,3922.96550525141,183723523.81842455,72746519.93034098
586,42426.19263602538,4639.029228589627,224026546.55387402,72746519.93034098
587,43435.69696792812,5434.859654973457,254088287.94242755,72746519.93034098
588,44385.89196916965,5365.987100806975,258716706.61994967,72746519.93034098
589,40648.89175509942,3126.8876768242094,134447601.57904574,72746519.93034098
590,40541.897368619,3379.270531857523,142648801.7100116,72746519.93034098
591,43389.84009799683,5420.865268340161,252043325.83664745,72746519.93034098
592,41728.12991079529,3876.724686255471,171442260.907136,72746519.93034098
593,42630.447816883345,4637.864757323545,228171155.05096912,72746519.93034098
594,40522.03743842966,3157.795037119236,134491569.57227805,72746519.93034098
595,42685.901955655245,4717.070071550144,214824095.22764128,72746519.93034098
596,40783.8053942712,3088.126588355707,131654263.1040833,72746519.93034098
597,41849.04823709152,3836.1637520208546,171669648.27739745,72746519.93034098
598,41541.11300300496,3941.1537323009857,174254994.107728,72746519.93034098
599,42525.83802941486,4751.333850209993,215996214.65936574,72746519.93034098
600,43498.684082855,4471.346047353621,213951877.5502637,72746519.93034098
601,40664.3341307664,3026.5453212883285,128659750.02044825,72746519.93034098
602,41424.456589452224,3767.333898407104,167655476.44391656,72746519.93034098
603,40079.845832822306,2394.485864916897,96122622.5644987,72746519.93034098
604,43451.02441049164,4606.457913832062,218116784.07234368,72746519.93034098
605,45919.584275048575,6010.189199984776,298567128.9540251,72746519.93034098
606,40361.549911441645,2634.040292101497,106821170.1794426,72746519.93034098
607,40922.74270631852,3415.1696638720287,146854671.726776,72746519.93034098
608,39903.35885241311,2717.798253665968,108806208.66260342,72746519.93034098
609,42471.25017286041,3722.11113663818,174300526.66082674,72376815.76536775
610,40581.30027491589,3449.576796427967,146977260.99246925,72376815.76536775
611,41380.616087989816,3739.2371223898435,164581932.8436122,72376815.76536775
612,44121.251287494946,5612.647386890804,270631498.82317936,72376815.76536775
613,41563.11257211373,3716.4770655028574,164304818.2287154,72376815.76536775
614,42578.6242071798,3985.7597637643034,188463703.27268654,69885610.57647495
615,40601.33707031074,3168.9468570005,135525138.41506773,69885610.57647493
616,40570.05332889983,2948.394311801775,124650144.44850591,69885610.57647493
617,43810.75172365479,5192.862259155772,246901270.5584669,69885610.57647493
618,42379.10060016272,4715.753444890166,225875020.47052592,69885610.57647493
619,42067.90076157067,4532.532445007195,203967220.30392686,69885610.57647493
620,41488.32294300955,3891.0067451082296,171857059.75015822,69885610.57647493
621,40518.34693228024,3101.7499683873243,131438767.97149356,69885610.57647493
622,41571.4545396038,3846.802998544927,169613354.71401376,69885610.57647493
623,40595.07116922663,3165.5878165536406,133943486.55946882,69885610.57647493
624,43260.552098416156,5181.109518479834,240821290.64035994,69885610.57647493
625,39576.469472674835,2316.5297915688034,91779345.73814686,69885610.57647493
626,39449.75125739675,2401.316511897655,94688174.52498138,69885610.57647493
627,41550.71434233575,3117.0414206099404,144078404.91094095,69885610.57647493
628,41557.80224656663,3907.5726303062984,173212761.42893887,69885610.57647493
629,44169.35380845505,6404.292264577302,310998171.399176,69885610.57647493
630,43269.14205190989,5269.944625501935,243262084.41460943,69885610.57647493
631,40417.481409628665,3087.966565215978,130896337.4829138,69885610.57647493
632,42455.85309065642,4878.243729296531,233931825.96638447,69885610.57647493
633,43156.43373826734,5137.004176905566,237552198.63197333,69885610.57647493
634,41286.01836161983,3465.7391696003506,153408184.3386378,69885610.57647493
635,42972.34352141546,4483.667283035784,212109959.35891134,69290975.77554268
636,41004.070028502625,3057.0234973920224,131829089.12100264,69290975.77554268
637,40288.99399169476,3099.524691470972,131283700.72055216,68139044.3459109
638,43637.09512607306,5482.8297270501635,262225146.87607375,66886604.57380909
639,40684.95087878747,3835.693133301608,179665596.8808966,66886604.57380909
640,38830.65459283818,2266.2689912700125,87953431.4642111,66886604.57380909
641,40988.77000652788,3745.731249736114,163905262.72843757,66886604.57380909
642,40086.96275207534,3188.654815581473,135080042.14411777,66886604.57380909
643,38888.51672408371,2415.3606572630115,94058471.72890978,66886604.57380909
644,40788.748673056216,3803.741110088369,165926816.13865346,66886604.57380909
645,40679.337666522995,3762.7544039198633,163023875.747208,66886604.57380909
646,44150.823066190016,6112.226447797266,303910413.871196,66886604.57380909
647,40487.44269158119,2862.9542655883192,127637435.94058785,66886604.57380909
648,43311.090025487174,5412.824453418037,268431240.64875188,66886604.57380909
649,39635.30476014109,3017.5264618253304,125104507.0682766,66886604.57380909
650,39534.75376917141,2810.8361687359957,117132272.34859963,66886604.57380909
651,42654.649045898914,4574.315709419031,215775555.96026888,66886604.57380909
652,39215.67773051425,2109.410161884791,82724967.32281093,66886604.57380909
653,40900.831237616345,3690.8022468445547,162457022.61332858,66886604.57380909
654,41315.85981081434,4388.342081748126,195335653.61035606,66886604.57380909
655,38668.376774857425,2203.676043647879,85186487.94971927,66886604.57380909
656,41775.52194018074,4728.819829580038,212484439.0864454,66886604.57380909
657,39814.265511884776,2951.895439461732,123428619.78364988,66886604.57380909
658,41572.04804064367,4400.534220206959,198873020.05257198,66886604.57380909
659,41502.620859283554,4525.061565114193,202781016.7107255,66886604.57380909
660,42577.09998917846,3810.787388170959,184198681.50865752,66886604.57380909
661,43623.81252520822,5867.141254476228,273723721.7125466,66886604.57380909
662,38971.227265146284,2514.5519331313008,98138213.41204843,66886604.57380909
663,45141.21953711716,5464.108875001728,278030880.84294784,66886604.57380909
664,40537.28534719047,3725.213290425956,160739989.23855522,66886604.57380909
665,39971.02910358317,3209.841215884204,133489744.93897083,66886604.57380909
666,40256.24573315963,3330.7448453539123,140407056.9727103,66886604.57380909
667,39985.609149943615,3160.9311966570344,132862886.41707006,66886604.57380909
668,39725.971071601845,3063.7573429403287,127193884.56759879,66886604.57380909
669,43292.73404461087,5279.637604389103,250344641.9513409,66886604.57380909
670,45303.69784516863,6951.453664748445,349474762.36746013,66886604.57380909
671,39795.079572200106,2724.5707768032485,113933868.98907891,66886604.57380909
672,42313.50684849055,5263.058154639433,237337948.7576666,66886604.57380909
673,41756.056314793255,4499.352983460913,201459062.4643052,66886604.57380909
674,39633.84913952059,2991.7169647418423,124123743.37122965,66886604.57380909
675,40528.861540831065,3676.516405260691,159436370.9271799,66886604.57380909
676,39651.163946373614,3065.0974895172835,127894746.88638642,66886604.57380909
677,41484.71491220877,4487.423740321438,200368507.537571,66886604.57380909
678,40855.313298012436,3609.112452445751,158096927.07206786,66886604.57380909
679,42410.62521146836,5589.8526725203665,265444976.20525455,66886604.57380909
680,43132.231950540394,6119.471976164483,282267150.1594309,66886604.57380909
681,40733.11429583417,3612.9468232886707,157540868.64020583,66886604.57380909
682,41670.42364415219,4513.283077171212,202136739.4792024,66886604.57380909
683,40908.98949477143,3846.572157114323,180597222.31429404,66886604.57380909
684,40644.36304986828,3766.8070232271625,163784381.9405184,66886604.57380909
685,45161.29696019403,6200.941453216957,326598277.7608234,66886604.57380909
686,40546.785277636314,3762.85197686472,164435949.6695093,66886604.57380909
687,38818.53630435952,2263.888009129866,88046329.48965657,66886604.57380909
688,39641.465508085006,3109.9990626659546,130126751.52838409,66886604.57380909
689,44307.4578035733,6963.479984978988,337640160.1334372,66886604.57380909
690,41034.44335420501,3047.0966816497585,140680455.41106826,66886604.57380909
691,39970.14826229932,3088.5634543851775,130009828.23321906,66886604.57380909
692,46102.43525464254,6746.27912886094,346796064.1426705,66886604.57380909
693,39962.505203670924,3174.558324681152,132920932.64296529,66886604.57380909
694,39971.40096344151,2944.668064130165,124449788.30705886,66886604.57380909
695,41019.16528884653,3705.646528792502,164348706.03606123,66886604.57380909
696,41576.553184337194,4515.351458799787,215966038.79445204,66886604.57380909
697,43916.06767643066,5571.1781667123905,265681935.45040694,66886604.57380909
698,40834.45169818668,3742.9473788292576,164654393.34944916,66886604.57380909
699,43350.612777981834,5138.91034577221,243355348.50151682,66886604.57380909
700,42494.191125710844,4508.354107097328,209950212.57560372,66886604.57380909
701,40798.35258847031,4119.360191679676,179189113.84264594,66886604.57380909
702,42213.167807823935,4272.54507650891,200174691.1949277,66886604.57380909
703,40789.70282945922,3674.2823759452162,159820884.82417765,66886604.57380909
704,41479.94656556829,4261.50600138104,191538867.92242178,66886604.57380909
705,45042.10029113468,7537.540044630763,366855959.87991846,66886604.57380909
706,40752.264427497284,3070.954208061086,138203299.94226247,66886604.57380909
707,42512.452647684455,5207.822188966905,238220520.59422493,66886604.57380909
708,39833.92402382491,3166.9324163403144,131465750.05695018,66886604.57380909
709,42175.40106871915,4628.667622285764,211000161.2281442,66886604.57380909
710,40772.363662273136,3886.270480023649,168340124.57545382,66886604.57380909
711,39839.43654914328,2847.5407503508386,119598102.42454822,66886604.57380909
712,41304.20455522604,4535.104043059953,202490002.78448138,66886604.57380909
713,40585.27370996533,3188.855225375018,143639202.1082037,66886604.57380909
714,41415.66291531922,3668.153454452239,166502935.5687337,66886604.57380909
715,40579.02164711952,3607.0467320951634,155967562.45927522,66886604.57380909
716,40837.413277858446,3654.109322296413,162451121.5554357,66886604.57380909
717,41780.74673352069,3802.5784825092983,176566915.5382473,66886604.57380909
718,41604.21803276663,4478.508672540096,199022717.3552736,66886604.57380909
719,39746.527248367245,2825.9544207280987,118272620.39239228,66886604.57380909
720,42630.927647029064,5424.291485733838,249996637.68302813,66886604.57380909
721,41391.6605167353,3495.9904134287026,161236856.16986662,66886604.57380909
722,39867.158092211306,2995.758024062422,124476336.73288624,66886604.57380909
723,39800.13532246083,2982.7021086923414,125884016.6874464,66886604.57380909
724,42624.68084055436,4503.157855393266,211221786.35435665,66886604.57380909
725,42508.22510784438,5144.636239964672,247539921.676095,66886604.57380909
726,43213.79373810479,6031.509431410081,290798390.5187328,66886604.57380909
727,39990.08843344163,3128.7980322797957,132021426.63867001,66886604.57380909
728,40678.645050471394,3794.4096652156995,167114449.21108204,66886604.57380909
729,41545.502142374375,4358.46958820296,196993743.268922,66886604.57380909
730,39575.3592060551,2574.308709086631,101959427.00298384,66886604.57380909
731,40592.17523953326,3577.3623361580053,155009101.68838945,66886604.57380909
732,39850.84508432227,2866.090899352284,120235511.47780573,66886604.57380909
733,41368.632870047026,3808.5163802662164,173792875.1154792,66886604.57380909
734,38651.27820637659,2087.399622209492,80712992.12415342,66886604.57380909
735,40172.811488156425,3091.408714746463,129693174.14552562,66886604.57380909
736,43937.27484949266,6004.480555827464,297884607.8240328,66886604.57380909
737,40501.42310800038,3634.9711136741084,157824969.3809293,66886604.57380909
738,38922.5877507105,1981.3797623734154,77225187.23938061,66886604.57380909
739,39460.946884698096,2729.693726135642,113423676.88584399,66886604.57380909
740,40006.85813687377,2882.752876143516,122425836.2998733,66886604.57380909
741,40740.26780794364,2994.0574545838267,137166648.59799376,66442882.34523086
742,41299.864109019894,4515.453615217599,201849893.93537587,66442882.34523086
743,39750.8666983994,3387.603329514225,140228920.83015224,66442882.34523086
744,42163.66763992503,5098.738321503373,229889569.74299246,66442882.34523086
745,40108.89878045749,3147.751641929807,131730517.11156872,66210412.61557665
746,40348.82055216124,3490.426902421657,151777051.38929185,66210355.65036466
747,39329.081349584754,2908.8884234202314,121352389.89707749,66210355.650364645
748,42044.439441133,4784.1478017990785,219949483.71799713,66210355.650364645
749,40595.52088570957,2902.881994811897,130993049.4931058,66210355.650364645
750,41217.22869268121,4338.561032099668,192455867.3109992,66210355.650364645
751,41241.583081485274,4407.644458393229,196341859.65416485,66210355.650364645
752,40653.111365299075,3818.357040849208,167408114.69565144,66210355.650364645
753,40387.34967594995,3879.1183706738825,167951075.75221324,66210355.650364645
754,40197.66900771567,3757.5054938058906,161073897.8687778,66210355.650364645
755,42122.04704795424,4881.93436915237,219891212.203025,66210355.650364645
756,40269.25491123901,3694.6255893905886,159526761.80579543,66210355.650364645
757,42296.184667050125,3774.5334892429405,211226271.30694115,66210355.650364645
758,42428.96803506753,4681.4984063249185,220628979.3211299,66210355.650364645
759,46113.59556896863,5401.165706186297,282224902.11290324,66210355.650364645
760,43841.27715583856,6057.292778116285,301309859.49213606,66210355.650364645
761,41310.56699421385,3559.9288798677685,163409825.70544976,64503072.01332549
762,41428.616654838406,4529.358555912207,200368761.95401093,64503072.01332549
763,40546.49812003873,3605.6872201239626,169801014.25271183,64503072.01332549
764,39542.44434997752,3025.3493459887177,126019896.97701807,64503072.01332549
765,40412.43962052263,3376.937012935114,146547137.95815936,64503072.013325475
766,39563.98747461183,2945.831036375518,122309230.62543225,64503072.013325475
767,43246.69188749617,5135.385053696419,242963613.81239384,64503072.013325475
768,41590.3959504944,3566.1296593965644,163188648.5645904,64503072.013325475
769,40457.578270557926,3644.9180778422756,157063070.37181288,64503072.013325475
770,43451.99696197487,5741.209722441422,264676966.40914315,64503072.013325475
771,38946.99006926073,2402.644868966122,93602536.03215083,64503072.013325475
772,40642.21925321701,3690.6868993480507,162023023.86061132,64503072.013325475
773,41477.556294102884,3610.9504906888005,168197632.7767635,64503072.013325475
774,42283.73313968378,4704.662175228587,237965428.2230707,64503072.013325475
775,40512.488060608855,3672.0623363052605,158586945.04645962,64503072.013325475
776,39507.657268399125,3256.772800676031,134988161.1739064,64503072.013325475
777,40585.00600021037,3711.0775882122443,160707749.84520912,64503072.013325475
778,43263.58027221847,5964.833887191635,275001808.8912408,64503072.013325475
779,40074.50551756762,2994.002551214003,126352781.19463623,64503072.013325475
780,44363.01709692958,6294.519694871391,302121245.63410616,64503072.013325475
781,42829.764844348174,5326.036920547196,259749891.62247714,64503072.013325475
782,39612.042396741585,2773.6300470225347,115622384.62845612,64503072.013325475
783,39962.52831125146,3099.2852775754386,129676630.3819311,64503072.013325475
784,44140.52623778043,4748.006944597151,266367476.22315058,64503072.013325475
785,41751.04126376613,4041.5033807778354,184731373.54475537,64503072.013325475
786,40494.739902333036,3646.60770365028,157427308.83791155,64503072.013325475
787,39760.21092898181,2858.478374081061,119648314.30271015,64503072.013325475
788,44719.20452367652,6071.985178857038,337303015.05801517,64503072.013325475
789,41369.28863269127,3671.026799279848,166827202.82025248,64503072.013325475
790,41683.67733284575,4528.001661416364,204199856.44377026,64503072.013325475
791,41247.326446664505,4487.641534723738,200449529.41399175,64503072.013325475
792,40421.64499146841,3708.933181846787,161449772.54884616,64503072.013325475
793,44122.257954831526,6450.117593389832,318018376.58191645,64503072.013325475
794,41480.96068852407,4577.222755397582,204995074.22878468,64503072.013325475
795,40583.0364907483,3890.8677847518834,169665386.8239661,64503072.013325475
796,40540.17635354614,3733.826519919832,162323484.5665471,64503072.013325475
797,39767.20447970921,2898.931529604452,120826333.8539191,64503072.013325475
798,43476.259352027904,5103.0971899489505,242517509.55331296,64503072.013325475
799,40313.732075989756,3662.607953303423,159639932.24774423,64503072.013325475
800,42613.06182791594,5277.1069952278685,241380074.35354018,64503072.013325475
801,42565.83031011555,4375.7812545100915,202580074.03121108,64503072.013325475
802,42161.25124675578,5022.780736783293,227469946.01907492,64503072.013325475
803,39879.384159902445,3012.033706457088,127213215.17536585,64503072.013325475
804,41393.142807368924,3676.5154344470598,169511029.25806206,63534997.68467583
805,38795.12644533524,2253.0708471507915,87429523.87057729,63534997.68467583
806,38683.66115999217,1955.223494777075,75681063.2758255,63534997.68467583
807,40615.10294952301,2900.239521055045,130388472.50370887,63534997.68467583
808,41491.63457868826,3673.0177968318776,169086585.64980125,63534997.68467583
809,38893.384343973055,2152.144009766437,83912247.011499,63534997.68467581
810,40545.784967464155,3596.589638999816,158650500.99037376,63534997.68467581
811,42339.22954767342,4775.89681282631,221302761.54367152,63534997.68467581
812,39630.07156584505,2969.051046754471,124322775.8785489,63534997.68467581
813,39405.837481843584,2844.3336714717784,118153495.88539729,63534997.68467581
814,38672.06502318528,2183.8895223194595,84452891.41061214,63534997.68467581
815,39472.176154503606,3265.89893268089,134693079.36653867,63534997.68467581
816,38620.88639112529,2036.4912113164908,78724437.96604586,63534997.68467581
817,39830.93906263294,2908.4598427249016,121593434.4274337,63534997.68467581
818,46818.40044288874,6716.469558849909,339689246.0016877,63534997.68467581
819,40626.3654507819,3473.9326590195515,152292254.94262773,62794958.59051223
820,41630.50284360975,4584.9115292985,203859868.6028444,62794958.59051223
821,40319.677694462385,3776.698180870121,162690731.68297693,62794958.59051223
822,38829.01446285819,2408.3681028077913,93514044.67077553,62794958.59051223
823,40666.335759148526,3732.943425586148,161786030.07491308,62794958.59051223
824,40408.01928406389,3878.9117138140546,167226482.17077813,62794958.59051223
825,39699.01993934007,2994.34893309921,125036809.75250256,62545361.98214586
826,39650.0047324287,2969.1985047526905,123594168.3023959,62545361.98214586
827,38599.34904610784,2057.0629469641567,79380792.99153887,62545361.98214586
828,39160.47659669311,2092.587765175157,82158317.0634592,62545361.98214586
829,39828.89509425386,2968.9231832224973,124389720.93061933,62545361.98214586
830,41561.00945598386,4396.706596020322,196418818.3445951,62545361.98214586
831,40522.67917992978,3480.121292460826,151358397.28378433,62545361.98214586
832,39877.284302564134,3053.4404583068813,127853382.0735968,62454927.35036541
833,38464.24776869854,1892.7089351901661,72809873.24745676,62365568.25694276
834,40208.90000433536,3628.646575638993,156876109.76131648,62365568.25694276
835,41770.00011150625,4377.730499725628,196663438.16378728,62365568.25694276
836,41787.23223980688,4505.271093870986,207077038.42026356,62365568.25694276
837,41572.26568681552,3671.3278447382945,170576382.64083582,62365568.25694276
838,40286.985550556,3630.964453977255,156692053.21558982,62365568.25694276
839,39657.117345321705,2932.109213319714,122923848.68787737,62365568.25694276
840,42005.69134128954,4457.337328219442,206723040.25010675,62365568.25694276
841,44924.24398853954,6443.616607234997,308160543.3761009,62365568.25694276
842,39733.386087473875,3033.334836192653,125842143.61331019,62365568.25694276
843,38774.752801916075,2101.8240407102494,81580064.30353881,62365568.25694274
844,40137.61927061256,3616.7859842431026,155400923.36648446,62365568.25694274
845,39441.05019978083,2909.6782574241215,121133510.40513578,62365568.25694274
846,39635.7494714705,2841.2917656709656,118032268.82409859,62365568.25694274
847,38616.43609815671,2300.56098341028,88984300.65720549,62365568.25694274
848,41114.66285617946,4182.463313671027,187030795.5054945,62365568.25694274
849,39583.3996816925,3041.8081845732536,126453276.48447733,62365568.25694274
850,39919.78611542859,2881.125256852902,121722650.76063636,62365568.25694274
851,39442.25114742001,2784.5487444048026,115538954.26537442,62365568.25694274
852,41237.418994084335,4372.248355867848,195428730.87608543,62084371.59556628
853,39497.18641093329,2640.4124583827534,111638740.6103088,62084371.59556628
854,38740.64935447049,2283.237605703766,88548848.29546356,62084371.59556628
855,39685.7257093195,2860.6249171771606,119164731.43487637,62069980.87734884
856,38998.27324640345,2349.2980353870676,91920843.91388343,62069980.87734884
857,39675.88922394279,2933.188699910739,121940058.77685726,62069980.87734884
858,39794.26099892338,2787.5912281759715,117102394.15728292,62069980.87734884
859,41325.8204388617,4424.949770846276,197062361.21330243,62069980.87734884
860,40763.98754948511,3857.419713000715,167183785.51419914,62069980.877348825
861,38780.03205919129,2456.1004767808686,95512304.66271727,62060919.051579915
862,39463.747148056354,2919.3217823985065,121439400.8267617,62060919.051579915
863,40221.58058049504,3687.3844692852954,158093623.69034123,62060919.051579915
864,43328.347310037236,5380.926215198512,253155696.5736931,62060919.051579915
865,40293.30790558222,3537.6733925248673,152086525.2329031,62060919.051579915
866,41270.59316964245,4570.497007694801,202435946.20584163,62060919.051579915
867,41427.31211827098,4677.135534509865,208116399.64244857,62060919.051579915
868,41685.88283188804,3734.3490100303234,173596520.358552,62060919.051579915
869,38556.506900700566,2291.669665210903,88401554.80084553,62060919.051579915
870,39382.953939117935,2751.65202657551,113838870.34821232,62060919.051579915
871,41322.292267793564,4519.234217149311,201146651.47531515,62060919.051579915
872,39507.11660212144,2913.2758509234623,120626218.90780225,61484217.712495044
873,44397.76446787717,4456.274725565634,232730191.75893927,61484217.712495044
874,40952.00706012499,3756.048677699643,171010019.14771822,61484217.712495044
875,39268.69371593983,2906.373529716351,120915711.0244247,61484217.712495044
876,39961.55505333516,3006.4330608396217,133815284.21526298,61484217.71249504
877,40922.536893397424,3730.273927979898,168435895.86789635,61484217.71249504
878,40234.783236834905,3843.021571648956,164162807.70928705,61484217.71249504
879,40998.76165238556,4289.923793844113,189838981.87981516,61484217.71249504
880,39022.8377464371,3119.686559680102,128726263.39772391,61290289.17785138
881,39040.69729915145,2895.566323893201,118913449.09961975,61290289.17785138
882,40071.77327663366,3715.4237196519957,158879235.18666163,61290289.17785138
883,39739.602961061355,3430.593871281965,146268901.47270718,61290289.17785138
884,38012.98624628169,1955.207311985041,74281858.18918756,61290289.17785138
885,39804.908086091236,3616.8579547219806,154198713.1753447,61290289.17785138
886,40880.82760867552,4437.258846610877,196621882.411481,61290289.17785138
887,42718.684367977185,5372.008580637155,248590974.48909754,61290289.17785138
888,39677.902716356315,3444.8975870580507,148100891.40801138,61290289.177851364
889,41701.37224469858,3605.1319186465525,172765866.77187607,61290289.177851364
890,39861.95526624807,3804.853511700409,160844562.784421,61290289.177851364
891,40063.52484732178,3346.51466336545,145771656.51583758,61290289.177851364
892,38918.663005107956,2860.975659246572,116675160.06666467,61290289.177851364
893,40949.292676468634,4405.725759113368,194331892.1901179,61290289.177851364
894,38983.54659474612,3084.05606293693,125828754.88244578,61290289.177851364
895,39095.84984074057,2883.0813231137427,118148656.1470292,61290289.177851364
896,39820.51232504618,3534.183564695649,151806407.1447637,61290289.177851364
897,40347.464528085,3863.649665263518,172857844.86929965,61290289.177851364
898,43561.952210946016,6620.438054360548,320028371.5321949,61290289.177851364
899,43264.22844443568,5237.842776950783,250491584.3097969,61290289.177851364
900,37789.23716818904,2158.320838032173,81566623.03164986,61290289.177851364
901,38959.07730999799,2821.0794529184277,115334041.63806298,61290289.177851364
902,38889.2972879984,2748.9267031718036,113761446.20372579,61290289.177851364
903,40106.3860753376,3591.327700727738,155873306.9778451,61290289.177851364
904,44549.67442107893,6106.834353890063,318835836.09764296,61290289.177851364
905,40379.51687213839,3730.0895307386636,159240002.98940715,61290289.177851364
906,39575.12548212535,3567.4081595226844,151789650.90467334,61290289.177851364
907,40969.41574889724,4620.021371954504,205153771.40069652,61290289.177851364
908,39713.71330877229,3600.8165432212095,154275656.37043148,61290289.177851364
909,37961.593143106686,2031.3984803269839,77150085.66193064,61290289.177851364
910,42541.13208861122,4350.186010920975,209291455.91453603,61290289.177851364
911,39536.364426225795,3493.0081382842227,149064541.25771335,60601748.000646494
912,38194.91950103083,2099.266088014713,80248646.42585452,60601748.000646494
913,37954.371815890016,1949.1419255843175,74052822.80128726,60601748.00064648
914,41649.87578222247,5337.012920491518,251589150.14658183,60601748.00064648
915,40040.140513752376,3621.105586761908,155687774.65439552,60601748.00064648
916,40845.980830779605,4600.020761098717,201770055.0339659,60601748.00064648
917,39095.502632963115,2889.315170892859,119458447.06100138,60601748.00064648
918,41597.62152014832,4391.769883960985,200786523.93566024,60601748.00064648
919,39097.29493561118,3059.231033242082,126007450.43471181,60601748.00064648
920,40580.602722943666,3691.122994177501,165547041.26647025,60601748.00064648
921,40852.34843479718,4404.411156523747,192918676.95545822,60601748.00064648
922,38823.56944479195,2691.66777737947,110031777.33355887,60601748.00064648
923,37919.92464937149,1844.378614643146,69959862.70138603,60601748.00064648
924,38949.079636850045,3127.8483531309803,127579139.36384098,60601748.00064648
925,39826.81718698495,3518.062551685993,150946244.54610267,60601748.00064648
926,38960.07980704608,2760.132303425628,114886701.81849484,60445567.448373064
927,39972.0144076899,3839.4893751812124,165102401.9889109,60445567.448373064
928,38765.659574426856,2841.3942148116266,116812146.13463864,60445567.448373064
929,39532.41344885356,3668.744820381863,157547967.81061348,60445567.448373064
930,41485.29816032996,3852.0729900674282,182368589.42710704,60445567.448373064
931,43932.368455083066,5761.53120222378,290649390.80081904,60445567.448373064
932,39569.04013545289,3693.9837242421445,157591512.48141253,60445567.448373064
933,39781.479525164075,3762.463192097045,159821530.37172696,60445567.448373064
934,41087.48070466683,4464.273964627391,198733366.15354982,60445567.448373064
935,44026.42020967325,6882.889444536178,336486125.0463741,60445567.448373064
936,41505.87933760169,5168.084203125071,242603911.63822404,60445567.448373064
937,39610.21996682451,2877.888424703486,126136062.750337,60445567.448373064
938,42338.40893503265,5115.950083910118,237656647.2525065,60445567.448373064
939,37849.035506016124,2030.244228880269,76896332.69214517,60445567.448373064
940,38712.562517741404,2617.102545003305,107718596.3739076,60445567.448373064
941,37850.54844493136,2191.7822509802213,82996573.43686196,60445567.448373064
942,39802.42891231126,3566.1100123004458,153036287.28127325,60445567.448373064
943,38687.66269444952,2865.1887973083562,117422836.12608695,60445567.448373064
944,41701.59624979909,4626.640288299481,213821260.79940844,60445567.448373064
945,41280.24372537382,4256.010191317927,195069603.46663553,60445567.448373064
946,41414.718987428874,4291.446898495995,198041050.38963714,60445567.448373064
947,41062.61660976517,4517.164065063061,200645223.81665856,60445567.448373064
948,40618.37036223525,4665.987014867508,203712660.45781496,60445567.448373064
949,38840.43739897032,2864.480215796409,118065463.6657521,60445567.448373064
950,40702.88096974805,4524.513907092829,200090133.71421516,60445567.448373064
951,40678.40340143281,3575.739298572936,161635534.32047844,60445567.448373064
952,39775.38258159997,3658.9212603188716,156639469.08665842,60445567.448373064
953,44080.96592309772,5998.525357811396,288838824.72334844,60445567.448373064
954,44186.49505526726,6018.946884324338,313566818.5157255,60445567.448373064
955,39797.49799463693,3031.2713744789494,133107971.87611635,60445567.448373064
956,41740.52877091455,3620.2178550254275,174265567.1026774,60445567.448373064
957,40521.46246448539,4569.60024395664,199692210.84922546,60445567.448373064
958,41665.18151623562,5107.677136759862,245555153.72421223,60445567.448373064
959,38056.39263357265,2222.2959984833324,84603342.70234394,60445567.448373064
960,41974.203743668935,5200.211092669551,236378740.07380763,60445567.448373064
961,39774.521693484465,3586.280216673854,153158396.67044264,60445567.448373064
962,42197.119393728644,5257.354191477843,242704743.72256097,60445567.448373064
963,40577.47399912084,4386.600554175582,193838732.8789565,60445567.448373064
964,39841.01846696696,3898.8664333290026,168116877.09738272,60445567.448373064
965,37874.335859649684,2014.4279656164963,76363503.94093728,60445567.448373064
966,39118.5759427613,3119.192665980873,129130286.22519636,60445567.448373064
967,38987.17207496423,2946.7161100694466,121099613.40597305,60445567.448373064
968,40588.60074283929,4498.932706483776,197857028.20988372,60445567.448373064
969,39871.554043674805,3846.4836327695934,164632169.5203058,60445567.448373064
970,39704.17486811998,3829.650423532509,164044336.24987522,60445567.448373064
971,43284.09057065467,5246.079985629107,252369350.06651244,60445567.448373064
972,38937.08283067796,3058.0257287674926,126482012.37265846,60445567.448373064
973,39065.02407081543,2996.721212363807,122360513.95062184,60445567.448373064
974,38911.13477001037,2903.3318616024358,119808648.67794104,60077439.88964371
975,41424.10022845098,4568.422935694556,227257110.35880813,60077439.88964371
976,40159.53011661208,4232.093946427827,182601280.2049672,60077439.88964371
977,38826.672739582646,2933.0980190716054,119866558.07912216,60077439.88964371
978,42033.36465802902,5201.718568541464,252778859.61716214,60077439.88964371
979,41254.7402065584,5265.672356377467,247446177.99985567,60077439.88964371
980,38656.91927674626,2812.1133293162343,114341613.83292826,60077439.88964371
981,38901.69356271477,2905.8162094034788,119034173.24055338,59601640.07497434
982,40936.86960624991,5031.151342347689,224070857.54861307,59601640.07497434
983,43540.57241072884,7517.465628587658,356081309.81147397,59601640.07497434
984,39156.846848089386,2780.374352306488,122904579.23693466,58084984.10409506
985,40999.005363822755,5919.942589775429,272993255.8199916,58084984.10409506
986,39960.6783666886,4323.03914724342,190979906.52649242,58084984.10409504
987,39217.78333997139,3621.057836367785,158674450.98308372,58084984.10409504
988,39187.1507386013,4461.917361350113,189413381.14287168,58084984.10409504
989,38395.56250876209,3692.739720943725,154113309.35154608,58084984.10409504
990,38458.651603586404,3650.4044669186565,152270674.90322787,58084984.10409504
991,41188.91027592858,5310.478827295074,239765048.27224165,58084984.10409504
992,36577.55434037131,1885.2589890230233,68970129.39517361,58084984.10409504
993,38197.36234569774,3610.8907154558447,149263664.68760324,58084984.10409504
994,38201.72804507586,3515.9810032170644,145853541.31930622,57917360.39287847
995,38857.70267685695,3719.377778032933,161280638.64658493,57917360.39287847
996,39070.04369956509,4214.430738402474,179859785.2669505,57917360.39287847
997,39903.80053598768,5084.347471318822,219847254.58013886,57917360.39287847
998,39192.76081465317,4431.647249774961,203451778.54247397,57917360.39287847
999,38951.53123637436,4427.726093425341,188076096.41537383,57917360.39287847
1000,38063.71778862328,3696.3491337811874,151597477.72775525,57917360.39287847
1001,40374.71385151915,5283.15852718105,229118221.66031465,57917360.39287847
1002,39766.96971789904,4263.483852375616,189449337.3759429,57917360.39287847
1003,38147.02063679655,3680.872560931834,151871714.17753214,57917360.39287847
1004,39000.20147679959,3470.3258438819007,150974536.76469398,57917360.39287847
1005,38191.833384444864,3528.8608593236386,146209557.2943836,57917360.39287847
1006,39038.29672489823,4146.796405685438,176336767.30793273,57917360.39287847
1007,38095.38651027055,3609.871625166935,148620213.71740335,57917360.39287847
1008,36265.23436755758,2074.1692657763897,75223727.92992899,57595178.61184841
1009,38695.0695944152,4432.37829340439,186066755.93102846,57595178.61184841
1010,38754.08431352842,3503.6796821707903,152766444.86648786,57595178.61184841
1011,36262.55265887539,2161.710794412925,78348418.73263445,57595178.61184841
1012,36436.981332731564,2111.0893106530493,77436337.50827733,57595178.61184841
1013,38075.20177128045,3636.0707933605167,162746583.69490275,57595178.61184839
1014,37085.854716635324,2795.4062703989534,109920111.24502866,57595178.61184839
1015,37279.608235177664,2924.7058893148196,116153701.84251669,57595178.61184839
1016,38143.68004984266,3673.0319319236296,149957961.68046555,57595178.61184839
1017,39730.87536437182,5085.498340611834,231490376.7620235,57595178.61184839
1018,38699.62819850489,4167.796937801504,174962505.52389142,57595178.61184839
1019,36759.57132422938,2757.5572903584443,107768643.68099678,57595178.61184839
1020,44189.2110556214,5999.931231482904,309256080.04163396,57595178.61184839
1021,38733.26350354104,4499.707339061705,188460635.5699729,57595178.61184839
1022,39637.8839118483,4445.708392611665,194427029.26150948,57595178.61184839
1023,38031.764457204175,3598.5916253291543,147009490.56743783,57595178.61184839
1024,37049.16448804196,2834.846743541496,110484259.32434547,57595178.61184839
1025,38672.64124451375,3566.903209292498,153937270.70567796,57595178.61184839
1026,37256.55138784439,2934.883091821941,115571252.15435815,57595178.61184839
1027,39694.68521278498,5071.7524765560565,231892911.04510435,57595178.61184839
1028,37793.364096448604,3629.4505766326756,146610286.09292254,57595178.61184839
1029,37182.33046305028,2899.925162677524,114747927.0333747,57595178.61184839
1030,38029.34818998837,3568.3663746249504,145586243.2467162,57595178.61184839
1031,39615.81407613751,4959.893452821168,212399444.93166703,57595178.61184839
1032,38174.05568442464,3539.8635612842454,146357882.0978157,57595178.61184839
1033,39264.4344005362,4486.132212300613,189639478.88602656,57595178.61184839
1034,38189.88335438224,3516.648048893442,145713795.99755976,57595178.61184839
1035,38131.4261229112,3526.4696108099915,146557221.59168744,57595178.61184839
1036,36486.22408855744,2095.6919650903264,76570181.93643805,57595178.61184839
1037,36883.09023288485,2906.0667115535366,112969508.72781661,57595178.61184839
1038,36977.63947809654,2817.964441864418,109803833.8383193,57595178.61184839
1039,38787.40240310018,4366.3534997025145,184486416.80882996,57595178.61184839
1040,40697.257450252866,4964.302470344341,234936103.99254662,57595178.61184839
1041,39697.417957385,4993.549788828945,214584083.9239569,57595178.61184839
1042,40041.65530027676,4434.852162020341,197449100.20660645,57595178.61184839
1043,39632.95822430497,5077.303019454923,230711118.28764462,57595178.61184839
1044,38201.44894982904,3639.792205955061,148958498.8209898,57595178.61184839
1045,38001.7685846068,3617.9055340402665,147993941.09634605,57595178.61184839
1046,37854.45617713481,3454.346914123836,141339633.1009211,57595178.61184839
1047,39794.325850302805,5108.390291329679,234210211.34091765,57595178.61184839
1048,40064.57772107194,4465.182709158339,198750650.70959726,57595178.61184839
1049,40497.121089394685,4453.566511985454,205374066.2749757,57595178.61184839
1050,36888.72255009158,2818.6814365714336,109710606.62134805,57595178.61184839
1051,36938.8884961987,2727.7512230554526,106484451.76352204,57595178.61184839
1052,38807.76404253807,3676.9029608234437,159305807.57789165,57595178.61184839
1053,35987.02614888649,2186.0270387419932,78676471.95573542,57595178.61184839
1054,38731.422030401416,3593.658485583898,156244850.8662178,57595178.61184839
1055,40601.87186815597,5879.80409810002,255490628.74802607,57595178.61184839
1056,40798.01791858793,4199.467070265846,193913024.52169687,57595178.61184839
1057,38718.261763072696,3638.2954361215184,159419585.2543853,57595178.61184839
1058,36283.16961425217,2133.685495525067,77656405.75374015,57595178.61184839
1059,37123.83156207021,3006.5218500490505,118007913.83435683,57595178.61184839
1060,37027.0507311907,2890.7373536891955,113648305.06903669,57595178.61184839
1061,38276.0790378534,3874.9285208889078,159872029.9361338,57595178.61184839
1062,40736.7857257289,5842.585969676007,269520224.36961824,57595178.61184839
1063,38129.159087468724,3781.363296680925,156022173.7476824,57595178.61184839
1064,37497.524846846914,3171.3145982717188,125141078.38566414,57595178.61184839
1065,39986.292730770285,3710.2529989148416,169360307.37704536,57595178.61184839
1066,40713.88592594524,3626.2587059059324,175250546.06686133,57595178.61184839
1067,37187.97677750826,2868.757966581454,111904028.61181077,57595178.61184839
1068,39494.11018342264,3558.3126739100167,162858750.2089476,57393088.287446015
1069,37101.962830296114,2797.7456877346544,109949032.35710922,57393088.287446015
1070,42709.62448628362,6106.357496754665,283693067.1962265,57393088.287446015
1071,39887.47545623462,4446.547930102789,195700317.87754804,57393088.287446015
1072,40716.48995717588,6074.633419193516,264168077.94421762,57393088.287446015
1073,38329.79584694515,3830.607979181454,173284800.07701603,57393088.287446015
1074,35927.77699002535,2094.226506753257,75252912.35897069,57393088.287446015
1075,37132.973906290994,3022.500789755238,117398604.17731273,57393088.287446015
1076,38746.18113509756,4408.145188636199,186130813.00970736,57393088.287446015
1077,38767.69708216259,4498.450314178226,188593430.29939866,57393088.287446015
1078,38144.45777436921,3645.2252479130702,150065599.05877742,57393088.287446015
1079,36066.83831911256,1974.6966770160857,71302613.53404577,57245345.46469956
1080,41143.70831451915,4392.582886569059,209970647.54637647,57245345.46469956
1081,38162.31759958485,3697.740319835041,152126761.24685735,57245345.46469956
1082,36914.17167768318,2896.578392677823,112865069.64528616,57245345.46469956
1083,38542.830003793446,4242.019866443404,178323611.42888975,57245345.46469956
1084,35852.909638052224,1902.2644196420865,68193772.99901275,57245345.46469956
1085,36793.429362885974,3092.3961486117682,119464353.5882626,57245345.46469956
1086,38822.520022544646,3576.024690022036,154173877.94793725,57245345.46469956
1087,37088.906884677366,2980.2914031919,116532060.00751522,57245345.46469956
1088,39643.212284302106,4441.03090158094,217135406.13941878,57245345.46469956
1089,38001.293316385636,2925.0051407465075,124004207.96347311,57245345.46469956
1090,39048.26411928499,3762.2851746315564,167758526.6546231,57245345.46469956
1091,38585.29509935097,3343.6225182170615,146141567.54382104,57245345.46469956
1092,41052.45187786116,5179.3622921078095,238930885.6548226,57245345.46469956
1093,37156.7560737461,2824.512115139079,111239755.62536895,57245345.46469956
1094,38786.61210063046,4240.24850183695,177377002.5055123,57245345.46469956
1095,37952.25649840187,2957.055616511468,127010047.5205342,57245345.46469956
1096,40682.97991170022,6075.635783767205,278066586.5797069,57245345.46469956
1097,38733.08724237702,3691.46149837799,158839470.3558317,57245345.46469956
1098,39646.91516570369,4478.597882503022,219964589.09598607,57245345.46469956
1099,35919.29792690801,2027.0229061671937,72913684.91212097,57245345.46469956
1100,38664.093631347394,4460.975336014503,201803497.85268435,57245345.46469956
1101,41878.902292951,5916.827475669619,286103625.4367715,57245345.46469956
1102,38420.31932382693,4296.409163028903,192329937.83620328,57245345.46469956
1103,39575.26934828883,5456.202637482817,246100991.34538332,57245345.46469956
1104,37635.60680396875,3439.9577305540734,139593878.17421088,57061141.01838055
1105,37807.41509277211,3525.6646936032653,142917342.90266898,57061141.01838055
1106,36990.21922785637,2857.987018832801,112913290.09157375,57061141.01838055
1107,36588.78047019931,2874.3434241723858,111827161.92021263,57061141.01838055
1108,39444.15770121272,4665.028212385352,205214151.94143885,57061141.01838055
1109,37025.0064663705,2743.2678597744916,106847597.92838605,57061141.01838055
1110,43033.10503684012,6518.354304265457,330372255.24086297,57061141.01838055
1111,37719.13250616564,3791.432120880999,168743551.80616897,57061141.01838055
1112,37741.9899370489,3505.2132272850804,143201496.26876792,57061141.01838055
1113,36721.633962915934,2871.703278974078,111667128.60952592,57061141.01838055
1114,36761.40917336153,2837.78958343257,109626227.00850305,57061141.01838055
1115,39570.78421683953,3696.604672713339,171504207.83476055,57061141.01838055
1116,37702.89229758086,2842.2257047753506,120511643.89015839,57061141.01838055
1117,36885.67125403328,2860.591975882473,111859552.82691331,57061141.01838055
1118,39437.32570283686,4412.653523455682,192859627.08215538,57061141.01838055
1119,37746.493361039764,3713.665050420432,151126466.58344418,57061141.01838055
1120,36892.525256157496,2649.574799891217,103774022.20704807,57061141.01838055
1121,38372.65658538342,3427.021443525378,148723742.08759812,57061141.01838055
1122,38714.334451049785,4218.435035510427,175719042.92407674,57061141.01838055
1123,38485.62891247467,4356.975186798537,196213401.77732688,57061141.01838055
1124,40109.99607835702,4370.507203342497,200469971.33038932,57061141.01838055
1125,39285.1524457193,5318.864347136763,251303024.37378222,57061141.01838055
1126,35922.39309541644,2190.8564555849525,78763902.53926109,57061141.01838055
1127,41568.186498545234,5081.136823547813,236104609.62672067,57061141.01838055
1128,38596.0162274592,4246.425694832607,179571172.3888293,57061141.01838055
1129,36881.83660900793,2964.8181193289734,114624680.89343205,57061141.01838055
1130,37856.74396843907,3570.385125240503,146640487.05144256,57061141.01838055
1131,36918.929007566534,2942.523923868009,114449822.53102908,57061141.01838055
1132,38659.088260946926,4319.57857236939,180214087.12746328,57061141.01838055
1133,36836.88533542784,2725.600091762894,106271688.73202804,57061141.01838055
1134,41271.71412130112,5657.950465372274,256331213.6553669,57061141.01838055
1135,38467.97267183496,4286.971850328943,179386637.71961224,57061141.01838055
1136,37883.6098308195,3730.6596620045575,153170796.3914971,57061141.01838055
1137,39107.57086551613,4487.609405682589,195562418.64292175,57061141.01838055
1138,37491.82579514451,2806.89592557939,120594042.32663119,57061141.01838055
1139,37545.53705876369,3637.0669782925625,147769855.9282568,57061141.01838055
1140,36584.67341992579,2707.841663765391,105264528.57685253,57061141.01838055
1141,37641.27791601924,3372.822013352745,136884738.4407151,57061141.01838055
1142,38103.890469019774,3737.906889198091,154613845.36693817,57061141.01838055
1143,35876.862163347934,2101.1299054365327,75381343.81753865,57061141.01838055
1144,37606.88327450904,3800.3685128786356,153694701.26294696,57061141.01838055
1145,38770.94272013154,4495.461276286205,205778477.37344792,57061141.01838055
1146,39312.20769324825,5031.131340244341,213863061.27695745,57061141.01838055
1147,37823.03300174666,3516.9334496956667,143313765.04426906,57061141.01838055
1148,35795.275414117044,2087.7034427319236,74831018.94838004,57061141.01838055
1149,36588.215335480876,2838.034084805373,110244290.16913703,57061141.01838055
1150,40165.227588373804,5085.670420927299,226010810.575301,57061141.01838055
1151,37027.197472160995,2978.4618571812216,117180702.73302546,57061141.01838055
1152,35742.14055091121,2170.1047887511145,77582387.81326756,57061141.01838055
1153,37482.88825934289,3570.259396876955,145494071.8014621,57061141.01838055
1154,40469.698149059404,4515.365845281277,206730960.57008213,57061141.01838055
1155,37728.98905440339,3446.174020961976,140748209.9295178,57061141.01838055
1156,39172.337588691094,4975.576649691664,210318697.62622488,57061141.01838055
1157,38946.88510714339,4310.963802298782,180784752.42876706,57061141.01838055
1158,36794.42288249001,2901.357375894992,113271291.19233286,57061141.01838055
1159,40263.542206486854,3916.468424133151,186279463.1588667,57061141.01838055
1160,39378.03610233602,4272.562003825876,186396067.03571397,57061141.01838055
1161,37544.96607559131,3563.169281160681,145217051.78230637,57061141.01838055
1162,38724.87664377848,4364.997296130163,184854713.05719215,57061141.01838055
1163,36072.49124648187,1849.090818579379,66857382.730402514,57061141.01838055
1164,40835.39334047712,5230.924240142214,258933427.02510566,57061141.01838055
1165,38479.93597224985,4533.541289935307,204205415.7501168,57061141.01838055
1166,37792.71299579434,3401.020532294214,139041848.45790285,57061141.01838055
1167,35982.21735135595,2165.0833617620383,77959877.09195098,57061141.01838055
1168,37488.48917492086,3448.171821338475,140574867.1929747,57061141.01838055
1169,37637.35440332117,3491.264301615886,142319727.56410366,57061141.01838055
1170,39541.24922364582,5010.555135141794,213554345.38915902,57005662.10929815
1171,39397.16103415164,4329.448778409259,190848143.69893426,57005662.10929815
1172,40060.12823364411,5051.115105624699,222357187.49884486,57005662.10929815
1173,35967.74935056852,2220.8551569665788,80018911.02381453,57005662.10929815
1174,37707.39575821404,3640.423257301045,148558377.4319877,57005662.10929815
1175,36648.48082664037,2729.3748567782004,105703749.84026608,57005662.10929815
1176,38328.94025621592,3482.235752698205,150509155.08399412,57005662.10929814
1177,37437.78442157725,3497.76280012886,141355787.64106923,57005662.10929814
1178,37241.9552271394,3185.5004979869436,124703629.94101691,57005662.10929814
1179,36671.74572331937,2914.941250808588,113509189.87165308,57005662.10929814
1180,36732.47431133293,2848.005422397027,111416124.18216905,57005662.10929814
1181,38689.19831091234,4314.914219808839,194541264.09068125,57005662.10929814
1182,38566.57985936283,4461.085368829472,189563527.74172503,57005662.10929814
1183,38814.7440016892,4340.8042500447655,184356255.94742042,57005662.10929814
1184,35716.732511691334,2069.688659594427,73910804.68624654,57005662.10929814
1185,36716.611597938994,2822.018181655202,110601588.43106952,57005662.10929814
1186,38834.16469501147,4333.619904563402,182205355.4624144,57005662.10929814
1187,35860.15348098118,2030.9605584700544,72853100.37740555,57005662.10929814
1188,36751.26138641808,2877.665249428091,111369864.57461719,57005662.10929814
1189,38278.70092293415,4375.935984946359,182649193.22258356,57005662.10929814
1190,36659.9218019851,2613.852958714996,101752462.59767438,57005662.10929814
1191,36083.19659238118,1908.4704206151612,69197169.26202491,56519978.1300436
1192,36943.09028102046,3386.34293426983,150022448.62781388,56370951.63128455
1193,37557.47875653489,3724.6834723870975,153881558.75919932,56370951.63128455
1194,37249.90550216652,3589.661016243533,143504756.7971397,56370951.63128455
1195,42511.109652960455,8392.926805331994,396769786.77329576,56370951.63128455
1196,35484.92780477227,2330.653170981533,82682932.53043321,56370951.63128455
1197,35614.78995849438,2160.3992673250805,77035936.23293942,56370951.63128455
1198,37322.18817019731,3613.1641379265034,146017555.5728913,56370951.63128455
1199,37288.91348625412,3417.7093504474315,138429244.17413136,56370951.63128455
1200,35264.87086064471,2058.386271825627,72621747.3732259,56370951.63128455
1201,37114.9695876332,3394.6595689843007,136056713.9868763,56370951.63128455
1202,36941.90356838802,3044.6360248273754,124844765.25632307,56370951.63128455
1203,37425.99409907711,2882.9020855214767,120375825.07764561,56370951.63128455
1204,37362.65166943132,3686.2181464448163,150219122.3210432,56370951.63128455
1205,35744.74189716989,2164.6418720019105,77849307.03131726,56370951.63128455
1206,36466.7965155382,2904.6417009517245,113524087.4351623,56370951.63128455
1207,35545.58368986995,1901.823844698057,67687666.69019084,56370951.63128455
1208,36219.992479986446,2824.9899365427,107808550.88462043,56370951.63128455
1209,35495.69862354737,2080.4062390268164,73862087.79677477,56370951.63128455
1210,38867.950833914205,4313.286425320701,185978386.24538442,56370951.63128455
1211,36233.07524015108,2785.1571010611965,106600466.83977216,56370951.63128455
1212,40192.36985840394,5293.2678975349,233184068.9014747,56370951.63128455
1213,37330.29191903997,3640.0479494535903,147994249.5090507,56370951.63128455
1214,38651.913852895304,3792.6608073660523,166179662.94739184,56370951.63128455
1215,37466.17936380512,3707.712829006899,150064342.1349287,56370951.63128455
1216,36570.254074921366,2837.555623480552,110464169.33042796,56370951.63128455
1217,36893.48658299327,2801.469607136372,108527742.50198683,56370951.63128455
1218,35619.34662573843,2055.1074057041474,73269143.82968196,56370951.63128455
1219,36425.71925072367,2865.0839988124417,109610154.55225627,56370951.63128455
1220,36064.5360409788,2737.866681709838,104419469.76406144,56370951.63128455
1221,38451.50172323561,4269.775936868589,196439737.72848743,56300429.877336316
1222,39095.36188792308,5287.935552441911,224366199.22573394,56300429.877336316
1223,35492.59137248445,2059.4309945953864,73277180.53004618,56300429.877336316
1224,37546.61189326337,3457.9762317192058,139937431.39962485,56300429.877336316
1225,36388.09979609113,2856.0872169210097,110138012.39976664,56300429.877336316
1226,37106.527781279925,3614.680139148436,144687042.6279753,55525639.077758625
1227,39318.83756893985,5168.800753995217,259376990.22814098,55525639.077758625
1228,36639.14363819601,3404.248850263603,136277926.60101074,55525639.077758625
1229,39604.82863392755,5174.213634917952,241743418.42634043,55525639.077758625
1230,37540.15144355661,4357.228779069275,180909796.66385838,55525639.07775861
1231,37182.477559630395,3784.3929243912776,152439497.3443852,55525639.07775861
1232,36596.66319772563,3484.4887465634806,137990293.15664232,55525639.07775861
1233,38940.8769623146,5466.3000042321655,241488289.63787842,55525639.07775861
1234,37807.82424764441,3709.9695488066754,160171134.97716156,55525639.07775861
1235,37732.344523449494,4208.951609334865,172348802.45346722,55525639.07775861
1236,34794.715252909155,2074.505824043406,72251785.18614239,55525639.07775861
1237,38371.25750726276,5180.721345593685,228415396.4662904,55525639.07775861
1238,37478.72102769597,4190.432594769833,171641557.16689897,55525639.07775861
1239,38041.16979914783,4551.9719449171,187534338.70822063,55525639.07775861
1240,36266.14140581513,2840.850404099622,109409570.15086226,55525639.07775861
1241,35007.12738840247,2198.9687069687084,77104122.15557538,55525639.07775861
1242,35222.888621899794,2401.7994070157565,85060971.9915801,55525639.07775861
1243,36685.30403345457,2850.085284156756,115932294.12163088,55525639.07775861
1244,35316.00230929398,2020.2442019860978,71487253.88850577,55525639.07775861
1245,37796.598305176936,4234.080976332008,172955067.4694927,55525639.07775861
1246,38555.81912478666,4241.0718059609735,183057895.05359703,55525639.07775861
1247,36011.11707773627,2883.1417065607666,112062007.70613523,55525639.07775861
1248,39276.36705113626,4994.468777760894,217852313.5078053,55525639.07775861
1249,35118.25770776223,2213.1156153113143,77851708.72171131,55525639.07775861
1250,36763.9379915108,3725.8868368043186,148438686.6744107,55525639.07775861
1251,37987.71018987751,4539.143292870638,188289090.42166758,55525639.07775861
1252,38215.16621432668,5148.91245110633,213285499.41729027,55525639.07775861
1253,35834.27435343857,2845.7549501909307,108789220.98859215,55525639.07775861
1254,35834.86331584874,2717.3796930035433,104790221.07216951,55277110.197888434
1255,40092.273475746115,5209.869595061458,237350350.27216524,55277110.19788841
1256,37577.27501907614,3765.8873713459457,160851548.17133716,55216864.49598019
1257,35387.28400809718,2787.8537228221444,104472798.6266526,55216864.49598019
1258,39372.925554869915,6175.031793087421,273710405.8800857,55216864.49598019
1259,34934.48257807974,2124.112661103628,74398263.75266124,55216864.49598019
1260,36518.54631697475,3690.9461800002778,144520431.3342231,55216864.49598019
1261,34627.05479528974,2078.0848043740784,72028303.65071031,55216864.49598019
1262,35641.21589541007,2801.911118091506,105005455.24688376,55216864.49598019
1263,35722.587517812455,2691.709707421218,101925917.03249674,55216864.49598018
1264,37588.52713439608,4303.380152411834,190594512.5577398,55216864.49598018
1265,34514.54521133645,2013.993457680072,69573417.82521218,55198511.40361073
1266,34630.27295789008,1969.4047669689994,68268560.66554886,55198511.40361073
1267,34887.60896916059,2212.5476774548515,77328543.37994453,55198511.40361073
1268,37494.111450205106,4484.7775023402455,181573578.4888048,55198511.40361073
1269,37706.67493164064,3985.05294406022,166167204.08455968,55198511.40361073
1270,36259.920031770795,2753.7319523877227,111721779.89109512,55198511.40361073
1271,37419.98499945276,4139.853445588779,171114560.05763823,54153999.48554745
1272,36245.28233437452,2779.8480156083015,106161613.93382105,53992372.92377186
1273,38424.53330261352,4279.79597946306,181956481.9530253,53992372.92377186
1274,35009.11594563818,2138.086121174752,74986336.69820365,53992372.92377186
1275,34975.723366924954,2093.6274460014533,73308652.09318624,53780940.91026293
1276,37428.08523635262,4485.246933570953,198988597.1644052,53780940.91026293
1277,35593.283949070916,2706.919016545905,102909856.15337129,53780940.91026293
1278,36823.47066157633,3806.6912306680038,152404581.2803654,53780940.91026293
1279,38049.3538208314,5132.219699667098,211648094.06920418,53780940.91026293
1280,34847.6445926772,2180.6538442060014,76045536.46606067,53780940.91026293
1281,34632.366222824385,1794.459192601894,62179473.9872633,53780940.91026293
1282,35592.19955924315,2652.126834152144,100197976.47739501,53780940.91026293
1283,38280.76307550808,5060.81405294932,225852143.38191763,53780940.91026293
1284,38684.126794808275,4435.003895877931,211195340.44453856,53780940.91026293
1285,40283.91216077654,6118.015641385527,301135068.90422386,53780940.91026293
1286,35858.88048868503,2816.993402116762,107489997.91259106,53780940.91026293
1287,36391.64796903838,2936.120380230023,111931063.29185677,53780940.91026293
1288,39291.9004116265,6032.63206165897,266831711.17525202,53780940.91026293
1289,35644.60037061881,2815.25879597309,105872981.5407954,53780940.91026293
1290,35568.64094684667,2730.218241307947,104394084.29982062,53780940.91026293
1291,35484.32689821332,2687.7523026168587,101669264.97097449,53780940.91026293
1292,34949.534075585645,2092.319534580148,73182728.47629786,53780940.91026293
1293,36402.32118605678,3592.833490488837,140895929.95249936,53780940.91026293
1294,34803.5003053497,2008.4502892797966,69960363.91504261,53780940.91026293
1295,36635.93227637466,3666.9951780408164,144343966.86557296,53780940.91026293
1296,35894.796701446016,2884.788503993,110732317.58247057,53780940.91026293
1297,35209.10479475513,2056.3602441404482,72756352.95049052,53780940.91026293
1298,38445.87308161899,5058.966340223265,210285343.98672238,53780940.91026293
1299,38355.552306852405,4922.847653179119,204942128.47174755,53780940.91026293
1300,35880.94092693532,2768.3669993808344,105369651.1069717,53780940.91026293
1301,36334.32236836691,3368.6992501205277,132493612.92489605,53780940.91026293
1302,35696.70386763658,2739.1516959941773,104116235.5782779,53780940.91026293
1303,42121.68792175678,8455.133639890098,381777593.5417508,53780940.91026293
1304,36519.25739028031,2843.2535896640893,117307991.56246886,53780940.91026293
1305,38851.275071513985,5349.436003668428,226447315.21712294,53780940.91026293
1306,39593.61124512508,5857.755799758905,247726553.75496754,53780940.91026293
1307,34894.98902847367,2262.35469501851,79030267.04923058,53780940.91026293
1308,36244.89441730396,3547.792838787462,139701563.4566551,53780940.91026293
1309,35663.76705264838,2744.4401597003775,103671710.0440968,53780940.91026293
1310,36927.31090437399,3732.742388512585,149430604.34480384,53780940.91026293
1311,38157.87702798406,3373.602180774177,150946950.96101385,53780940.91026293
1312,37462.72655805161,4187.451322413823,171907977.96735483,53780940.91026293
1313,38383.30473246281,5201.223471924057,216236963.9212696,53780940.91026293
1314,35616.91390237241,3028.1773350503818,114888446.82268862,53780940.91026293
1315,37655.02903632842,3491.765809127258,148348707.4512837,53780940.91026293
1316,36819.65043408342,3640.937693636758,146670968.4337276,53780940.91026291
1317,36626.275537039925,2785.842577465864,116105851.0827345,53780940.91026291
1318,38325.120036193766,4250.722349478301,181799026.7078702,53780940.91026291
1319,34796.08119816761,1891.9417338342478,65946157.376050316,53780940.91026291
1320,34832.83975557376,2203.4946648711957,76845163.36492966,53780940.91026291
1321,36475.54581707254,3726.9059273090375,147401141.230273,53780940.91026291
1322,37608.62579694136,4478.888882158393,182977320.83490777,53780940.91026291
1323,35715.043826641435,2776.6391490006204,105493800.21308029,53780940.91026291
1324,35680.0431048978,2871.940673655458,108368959.18411247,53780940.91026291
1325,37265.787070914266,4330.038965055003,176988642.26232582,53780940.91026291
1326,35993.1523430094,2979.8073398672605,112845871.22106464,53780940.91026291
1327,35742.17169976803,2990.2129483861067,113268028.7691685,53780940.91026291
1328,37513.92418797373,4293.2313089576,175496760.26815403,53780940.91026291
1329,36047.88255879929,2893.353137316025,109876667.78890112,53780940.91026291
1330,36462.91601153764,3450.50630950148,135376159.8333703,53780940.91026291
1331,37731.45287995415,4683.790113651453,192506991.6533416,53780940.91026291
1332,35728.66269447397,2578.1064002999,98299936.76706123,53780940.91026291
1333,42988.06060192975,6001.069122128906,290660380.89112246,53780940.91026291
1334,35871.976270505314,2828.5543322208227,108618490.26629981,53780940.91026291
1335,36595.680428108266,3659.2480268442173,146663330.65526587,53780940.91026291
1336,35665.81284955148,2821.764290870526,106534264.82153668,53780940.91026291
1337,35526.14683810818,2792.2472623352432,106545172.7352622,53780940.91026291
1338,36495.179100923575,3382.6766659288796,134134624.41149649,53780940.91026291
1339,35644.45497052055,3043.6958728086674,115562012.65300515,53780940.91026291
1340,35171.84511773901,2211.645442956231,77903963.01440838,53780940.91026291
1341,39602.878899720774,5337.5123712411905,232903224.74432102,53780940.91026291
1342,38348.193431268606,4500.550681714256,194827042.39043498,53780940.91026291
1343,39338.51310653857,5090.606115958259,221695059.39388138,53780940.91026291
1344,40142.432316408886,6001.4097043292895,263128815.29652482,53780940.91026291
1345,36542.127327995564,3752.6509017268168,147862648.8007823,53780940.91026291
1346,34945.17384814487,1945.3297165873744,68174573.86837243,53780940.91026291
1347,36754.56077724215,3740.8250812072897,147399218.93351367,53780940.91026291
1348,34993.10843195893,2046.637640573565,71685747.22640459,53780940.91026291
1349,34654.621795725514,2014.584282484328,69937638.49437353,53707448.679469995
1350,36346.27863881315,3636.551364617369,143659565.31870177,53707448.679469995
1351,40032.75515528933,6060.391482160808,262443526.5628094,53707448.679469995
1352,38163.77186339305,5194.275809557355,227770445.74464065,53707448.679469995
1353,35977.01468738663,3681.616782970946,142829865.68941003,53707448.679469995
1354,35714.625776633286,2880.5787422619787,109898899.03912386,53707448.679469995
1355,34594.764109655676,2078.582441573942,72097206.04760091,53707448.679469995
1356,35259.71453287496,2508.385062019348,95600311.43681383,53707448.679469995
1357,37457.60738503911,3520.7155088129366,147496390.2240344,53707448.679469995
1358,36235.20968317408,3462.3276636442447,137082681.50041682,53707448.679469995
1359,35118.729245998176,2843.32537883877,105672106.97544731,53707448.679469995
1360,41075.103738345686,5844.2398284859355,263572383.24979526,53707448.679469995
1361,37352.012609736936,3738.1431524249556,157297819.69783083,53707448.679469995
1362,34691.30806840001,2208.410970994976,76801896.09681068,53707448.679469995
1363,38956.79323264416,5816.177765146853,243301702.5354898,53707448.679469995
1364,35302.62381297121,2803.463391929646,104676547.94218946,53307124.18607913
1365,34623.07633487337,2148.7827857391685,74607032.73266852,53307124.18607913
1366,36482.19925957823,3604.444634358665,143909910.4535354,53307124.18607913
1367,36389.14703572765,3584.2966609188247,141654134.18070063,53307124.18607913
1368,35172.51172309135,2903.3340166811245,107433798.38420117,53307124.18607913
1369,35204.25284406692,2705.053390773138,101644525.99535052,53307124.18607913
1370,38730.43170941805,4129.986096078499,185673817.22129822,53307124.18607913
1371,35297.50585267901,2997.470930483415,112265968.66727161,53307124.18607913
1372,39446.955002567076,5794.831590778829,247561414.2215554,53307124.18607913
1373,38852.55352237579,5172.088726938282,236905149.85223633,53307124.18607913
1374,36359.13688614638,3521.0084500059784,139190769.5173977,53307124.18607913
1375,37099.43829921911,3518.7733854544117,147031387.84301552,53307124.18607913
1376,34550.90533174424,1942.6307175803013,67226966.78419846,53307124.18607913
1377,35266.56015332901,2820.3801126788867,105655877.29447314,53307124.18607913
1378,35387.98234334075,2700.5843819933966,101724422.42614105,53307124.18607913
1379,37948.86384478667,5252.215875361506,218190029.02732748,53307124.18607913
1380,35381.41201409655,2977.053125162599,112315054.35074405,53307124.18607913
1381,35979.593112751136,2878.982017557594,110647339.23225813,53307124.18607913
1382,37427.668143785166,4377.491804272987,179879665.58898264,53307124.18607913
1383,38209.03310048588,5429.76667820379,226622025.75360218,53307124.18607913
1384,36659.63163621065,3003.018527131988,122105730.47634797,53307124.18607913
1385,34842.05327601388,2302.790694643473,80653409.09752405,53307124.18607913
1386,35694.010662632856,2933.1519424538537,110110376.80631861,53307124.18607913
1387,34369.0215041244,2301.8268390299445,79173274.58880988,53307124.18607913
1388,35652.06361303085,2866.040737734068,107815176.68780681,53307124.18607913
1389,36401.45162708617,3344.1931155513666,132223606.70720708,53307124.18607913
1390,36448.10179085986,3730.0908990689486,145829841.03976303,53307124.18607913
1391,35413.03100054136,2858.911236293815,107894375.5835017,53307124.18607913
1392,35667.7001723751,3032.9322997030226,115534881.69465213,53307124.18607913
1393,37074.909092405585,4503.341692430868,196491490.33394867,53307124.18607913
1394,36599.11282071322,3565.1840844065873,141344035.62948427,53307124.18607913
1395,37202.680407911634,4276.291606691698,174395675.55170578,53307124.18607913
1396,38682.66327141569,5047.307318625473,215519347.04677302,53307124.18607913
1397,34412.53674914376,2131.7164032645424,73506352.60742278,53307124.18607913
1398,40795.701208137696,5097.104971605922,260142233.15228945,53307124.18607913
1399,34636.38597348633,2130.353192463045,73957228.78068629,53307124.18607913
1400,35130.77299332731,2577.5360222264653,96720540.19148193,53307124.18607913
1401,36516.64321107792,3655.230241438168,143048467.26847634,53307124.18607913
1402,37112.4605063357,3547.6001354300324,148760021.87119168,53307124.18607913
1403,37385.864343593,4500.391468967622,182797630.96207058,53307124.18607913
1404,36356.69492358191,3590.2246012668547,140203704.54520854,53307124.18607913
1405,34407.64863519017,1992.098664957827,68660625.7287294,53307124.18607913
1406,37277.324046402035,4375.665527821846,174858425.69338927,53307124.18607913
1407,38055.58579581479,3985.4723202144437,176999619.56066668,53307124.18607913
1408,36406.30158600301,3792.249201609534,149268882.54184657,53307124.18607913
1409,37125.45804365092,4318.647000531936,175463940.40940383,53307124.18607913
1410,38266.23552231485,5094.7510401905465,211348602.55133834,53307124.18607913
1411,38029.00540427168,4438.408514921359,188480034.00615194,53307124.18607913
1412,36997.64873284654,4195.952335911379,168683749.8846882,53307124.18607913
1413,34613.07648863724,2100.5344622316106,72769218.24712591,53307124.18607913
1414,36174.19653906363,3366.078797907542,134679870.79496032,53307124.18607913
1415,34634.95889052977,2017.8141865273642,69924110.13674578,53307124.18607913
1416,38203.794132240364,4405.528687523407,187947395.23884365,53307124.18607913
1417,36080.12363629996,2744.6890274817138,112603922.48917511,53307124.18607913
1418,36162.322427352556,2831.7860919590844,114359831.9023489,53307124.18607913
1419,38363.175795042924,4266.361769974189,183383594.92027676,53307124.18607913
1420,34639.05706005781,2191.6744464757417,76096251.87004761,53307124.18607913
1421,38163.89471858265,4537.620384779874,213416143.4859566,53307124.18607913
1422,34784.304571917106,2200.889728128826,76690607.6404347,53307124.18607913
1423,37626.76382251803,4579.149366963489,187545372.78693882,53307124.18607913
1424,37055.458268848146,4216.80824491166,170555974.47700346,53307124.18607913
1425,36640.70902497436,3769.7840219746586,149450096.54484454,53307124.18607913
1426,37017.93917450016,4328.999619956698,174151902.5243482,53307124.18607913
1427,34305.285756742414,1996.3853336476084,68529034.83962163,53307124.18607913
1428,37369.84607469992,3628.951458370067,152237770.23388058,53307124.18607913
1429,36247.267033496944,2725.735730312971,112069221.00674811,53307124.18607913
1430,36917.60932729757,4373.404614819914,176199285.93396688,53307124.18607913
1431,37336.08622889043,3519.7077655457615,148222990.11773893,53307124.18607913
1432,38865.218959137856,5245.53370784869,239255418.57054526,53307124.18607913
1433,38293.520096353874,4375.451114822681,187723327.0297079,53307124.18607913
1434,35121.79699496124,2732.605196057881,102824714.00200215,53307124.18607913
1435,36557.06072287535,3871.4141787893686,166222403.86615536,53307124.18607913
1436,35338.294612494166,2588.3015589758807,97013857.65753777,53307124.18607913
1437,35540.69592895192,2891.5098691290304,109071504.72444431,53307124.18607913
1438,37905.08536947916,5123.721656820142,227062184.90245017,53307124.18607913
1439,37091.392860428576,4368.882430065942,175286819.34309158,53307124.18607913
1440,37347.08047884508,4416.621250473361,178259504.81669608,53307124.18607913
1441,34977.10008321193,2269.917523686237,79599463.03376144,53307124.18607913
1442,35560.95924180515,2689.1927952591877,102849386.2311383,53307124.18607913
1443,34258.48150727892,1907.6418625876006,65463213.67085622,53307124.18607913
1444,38026.01424984149,4956.197214942869,206166850.87828958,53307124.18607913
1445,34390.08687017045,2129.9139174715947,73329735.09427398,53307124.18607913
1446,37112.60781695887,3586.0572050177398,150648111.6939929,53295495.39308557
1447,34806.28742032911,2089.718665018743,72888165.71593395,53295495.39308557
1448,36271.13976297152,3652.50783704092,143699929.27443194,53295495.39308557
1449,36350.30811755338,3633.2995711334333,143409656.60864148,53295495.39308557
1450,38315.587272116696,5280.2719576832915,219640444.72524127,53295495.39308557
1451,38460.540994418356,5321.1434880464785,222531050.57061353,53295495.39308557
1452,37501.56526358049,4579.470272893313,187067217.37141353,53295495.39308557
1453,34727.57425439046,2304.349309751817,80208258.13525459,53295495.39308557
1454,37044.42270867982,4412.214027165519,179242718.00258914,53295495.39308557
1455,36512.35078187693,3758.5562744380404,147076449.1394933,53295495.39308557
1456,35489.54832451402,2877.1940427389295,107802523.01140401,53295495.39308557
1457,35340.833092500965,2944.226732996023,110741137.07342343,53295495.39308557
1458,39134.91138801728,5342.644945456769,227862310.34187502,53295495.39308557
1459,35903.85707616688,2879.6089135240827,112166033.8852692,53295495.39308557
1460,37336.042836168825,4612.5793255841945,188026150.67573842,53295495.39308557
1461,34731.169575845815,1969.9763033280847,68430527.6044882,53295495.39308557
1462,35279.30698879009,2680.762165617467,100183793.73106611,53295495.39308557
1463,37130.833648505184,3619.892211129113,152073228.7812941,53295495.39308557
1464,36343.123174692824,3719.4683075735725,148189445.62069878,53295495.39308557
1465,34488.50591034063,2050.269086879764,70738576.28172374,53295495.39308557
1466,35605.174431106185,2707.126453350845,102072219.83768143,53295495.39308557
1467,35518.26792196925,2581.822932765122,97656721.27720419,53295495.39308557
1468,37515.67792624214,4441.103924267238,180140415.34376085,53295495.39308557
1469,36499.041190821954,3662.3162682036186,143797268.83611563,53295495.39308557
1470,36138.84912355627,3514.2668702477267,137811759.94444096,53295495.39308557
1471,35205.78626029274,2646.5272678901647,99555361.72421005,53295495.39308557
1472,35259.71585254851,2737.9954369813727,102866950.93614641,53295495.39308557
1473,38232.97119432204,5105.537434568842,212934923.48688132,53295495.39308557
1474,37271.546482507125,3554.385623380942,147335685.4999947,53295495.39308557
1475,37125.680683601844,3315.0723576512114,140600374.53203464,53295495.39308557
1476,37357.62963773966,4280.252255795874,175088916.23215234,53295495.39308557
1477,34486.668674946486,1984.3155164650507,68642722.2469067,53295495.39308557
1478,35344.9995162744,2687.501162247645,100690837.30251661,53295495.39308557
1479,35333.33080717531,2659.8448379127267,99406159.2885998,53295495.39308557
1480,35531.727027226356,2857.6296591188748,107406468.75958619,53295495.39308557
1481,34432.982128405216,2111.8200218425745,72771462.24133863,53295495.39308557
1482,37981.89931555767,4120.63323286456,176485814.58047017,53295495.39308557
1483,36439.106025764995,3606.438189298728,142022852.13631016,53295495.39308557
1484,36176.61656347411,3666.227878464541,143945778.7215042,53295495.39308557
1485,35479.83682532967,2831.0649311637508,106059946.92839852,53295495.39308557
1486,39331.789263409366,5110.85367082905,222350803.03603315,53295495.39308557
1487,36089.21075030978,2741.448068194153,110412661.60422349,53295495.39308557
1488,34396.02255957211,2031.7207810217092,69955619.77733162,53295495.39308557
1489,36281.85898444625,3466.3611853742004,137422772.48555666,53295495.39308557
1490,35929.57154753699,3014.1488025283966,116449725.25602897,53295495.39308557
1491,37945.17212517701,4138.179267625958,176335510.82557902,53295495.39308557
1492,36214.06655952789,3516.1961431594655,138325916.16254842,53295495.39308557
1493,35775.879299423126,3053.5928988803544,114878533.51111999,53295495.39308557
1494,39165.438369728785,5369.580581299181,228738511.25980076,53295495.39308557
1495,35489.184076106074,2825.369221695516,107975148.55470118,53295495.39308557
1496,36440.3450504881,3539.4205868765216,139232487.51042512,53295495.39308557
1497,37070.09455216149,3742.601055980392,158251691.7696342,53295495.39308557
1498,38395.12928719338,4287.182598972889,183998923.52383,53295495.39308557
1499,38472.03561388566,4486.099072748517,190639051.25430664,53295495.39308557
