,per_it_avg_total_length,per_it_avg_max_path_length,per_it_avg_fitness,per_it_best_fitness
0,59330.33990071963,7032.077642328395,59330.33990071963,56271.32238311315
1,65886.5683589935,9703.27819874208,65886.5683589935,56271.32238311315
2,63505.083146923396,9763.194514147981,63505.083146923396,56271.32238311315
3,65071.718784270015,10091.65635312067,65071.718784270015,56271.32238311315
4,60897.14712436941,9159.196970728177,60897.14712436941,56024.191801990404
5,60077.530816776794,8645.523889099059,60077.530816776794,55997.17702523888
6,66021.42477137926,10767.252652017643,66021.42477137926,55997.17702523888
7,60449.17482283353,8933.686689789625,60449.17482283353,55170.35657666442
8,65729.71304980086,10284.279029951209,65729.71304980086,54993.49273747731
9,58375.24945623761,8648.78979227771,58375.24945623761,54993.49273747731
10,62496.98623294981,10079.770717322785,62496.98623294981,54993.49273747731
11,60443.0296679162,9543.192782882072,60443.0296679162,54993.49273747731
12,59379.70208782606,9197.467785049303,59379.70208782606,54883.40120703121
13,62597.76528042171,10141.952072382062,62597.76528042171,54827.10374768868
14,58706.088453112796,8480.072182452072,58706.088453112796,54457.457079225256
15,59916.95333656756,8876.746927815097,59916.95333656756,54273.00646247405
16,59245.82584882395,8494.115053435025,59245.82584882395,54144.07032602619
17,56319.82810628433,6199.754717138394,56319.82810628433,54144.07032602619
18,60394.30202613466,9027.567396335286,60394.30202613466,54144.07032602619
19,57535.68517990007,6986.385184764343,57535.68517990007,52905.61129416228
20,55737.680186866884,6894.549500106191,55737.680186866884,52905.61129416228
21,59662.597561760515,8191.44512942893,59662.597561760515,52905.61129416228
22,62443.3729132068,9011.422645323993,62443.3729132068,52905.61129416228
23,55457.04869017199,6196.818772253085,55457.04869017199,52905.61129416228
24,56122.77895434451,6176.6239905126195,56122.77895434451,52905.61129416228
25,58600.75019352138,8240.477056963246,58600.75019352138,52905.61129416228
26,57463.52646260784,7093.430206919647,57463.52646260784,52905.61129416228
27,63222.45446287282,10884.061484088903,63222.45446287282,52905.61129416228
28,59664.33778800933,8159.723235411472,59664.33778800933,52905.61129416228
29,57683.42552851782,6950.430548280949,57683.42552851782,52905.61129416228
30,57057.34650334537,6879.740860808551,57057.34650334537,52905.61129416228
31,57684.31947224932,7653.59301821107,57684.31947224932,52905.61129416228
32,55986.34986299426,6287.774414938216,55986.34986299426,52155.09552048589
33,57171.52367652892,6969.340481785456,57171.52367652892,52155.09552048589
34,56471.120612263054,7132.469536532645,56471.120612263054,52155.09552048589
35,55621.758797189534,6932.981996546803,55621.758797189534,52155.09552048589
36,58585.30151788215,8890.175746578916,58585.30151788215,52155.09552048589
37,59490.34312104719,8503.485360797153,59490.34312104719,52155.09552048589
38,56593.537485026485,6911.462015376295,56593.537485026485,51959.26911359717
39,63282.01436089802,10290.158782567338,63282.01436089802,51959.26911359717
40,59088.69899799364,7689.93625610356,59088.69899799364,51959.26911359717
41,59433.165714618706,8313.246722019672,59433.165714618706,51959.26911359717
42,58032.4704818224,6973.657541744465,58032.4704818224,51959.26911359717
43,63703.00034520576,10348.485562187547,63703.00034520576,51959.26911359717
44,57893.78707550631,8011.365417856301,57893.78707550631,51959.26911359717
45,57638.474038345375,8270.681572067184,57638.474038345375,51959.26911359717
46,54734.85457088185,6359.375158449332,54734.85457088185,51959.26911359717
47,61592.54688186839,8286.674716328085,61592.54688186839,51959.26911359717
48,55350.86118193249,6869.076450086681,55350.86118193249,51959.26911359717
49,61575.32216578098,9002.460909203133,61575.32216578098,51959.26911359717
50,58479.244003857915,8176.380890835256,58479.244003857915,51959.26911359717
51,60283.309156080475,8366.32712852716,60283.309156080475,51959.26911359717
52,58575.272540544756,9045.933072045422,58575.272540544756,51959.26911359717
53,56605.10425432686,7557.48340912102,56605.10425432686,51959.26911359717
54,55817.446578932846,6864.945502376312,55817.446578932846,51137.80305221929
55,58239.16844716571,7900.671937528074,58239.16844716571,50965.34330515139
56,55698.24351219835,7200.597886491244,55698.24351219835,50965.34330515139
57,60559.01118012449,10106.48333782455,60559.01118012449,50965.34330515139
58,57577.615128894904,7317.178427907189,57577.615128894904,50965.34330515139
59,58771.98589388246,9695.799571561278,58771.98589388246,50965.34330515139
60,57351.80129095852,6549.629808941824,57351.80129095852,50965.34330515139
61,61362.54700559906,9513.10360490735,61362.54700559906,50965.34330515139
62,58762.277839243645,8059.225580949316,58762.277839243645,50560.156213586
63,56998.81018161778,8822.929176024667,56998.81018161778,50560.156213586
64,56380.37161007595,6589.836482452622,56380.37161007595,50560.156213586
65,58420.39402597714,8616.450486009813,58420.39402597714,50560.156213586
66,56313.49849974438,7216.018283071957,56313.49849974438,50560.156213586
67,60855.78641940034,9246.127840950197,60855.78641940034,50560.156213586
68,55648.18614218291,6590.306476440985,55648.18614218291,50560.156213586
69,57464.289330200605,7864.911618743412,57464.289330200605,50560.156213586
70,56825.94837236515,7936.957052458971,56825.94837236515,50560.156213586
71,58232.95019402334,9268.872486045064,58232.95019402334,50139.97864844619
72,57595.448802229934,8741.781378681022,57595.448802229934,50139.97864844619
73,56590.38699428381,7904.459272280418,56590.38699428381,50139.97864844619
74,55364.17422350426,7187.792897165231,55364.17422350426,50139.97864844619
75,58077.65927925186,8605.817810323515,58077.65927925186,50139.97864844619
76,56147.20681211507,7880.467095021803,56147.20681211507,50139.97864844619
77,55421.96350000694,7856.58729104104,55421.96350000694,50139.97864844619
78,61131.67142941465,9408.975487843929,61131.67142941465,50139.97864844619
79,56990.413817471555,7962.4208652161105,56990.413817471555,50139.97864844619
80,56404.598660023104,7904.578658177963,56404.598660023104,50139.97864844619
81,57940.550438246646,7179.808322829462,57940.550438246646,50139.97864844619
82,54561.31583485599,6471.845403493369,54561.31583485599,50139.97864844619
83,53963.87244605595,6616.21256475042,53963.87244605595,50139.97864844619
84,56847.96645048728,7856.657093415194,56847.96645048728,50139.97864844619
85,60743.956043094964,9398.051776435923,60743.956043094964,50139.97864844619
86,56634.73296835768,7795.846423165953,56634.73296835768,50139.97864844619
87,55439.78583292224,7309.445427256857,55439.78583292224,50139.97864844619
88,58364.49638582694,8688.04692022617,58364.49638582694,50139.97864844619
89,54446.142816256455,7185.88354216787,54446.142816256455,50139.97864844619
90,57838.0714526088,7177.200496651762,57838.0714526088,50139.97864844619
91,54495.63609700465,6720.77948748989,54495.63609700465,50139.97864844619
92,61045.502640039,8735.20823350602,61045.502640039,50139.97864844619
93,56994.36405721355,8620.540320620621,56994.36405721355,50139.97864844619
94,60147.599684864166,9468.982290674814,60147.599684864166,50139.97864844619
95,55831.00901168783,6636.3884032619,55831.00901168783,49780.56364603828
96,56058.44229146491,7971.278770659325,56058.44229146491,49780.56364603828
97,55728.47755851998,8040.266057108686,55728.47755851998,49403.21888034381
98,59398.11532061301,8726.861165284627,59398.11532061301,49403.21888034381
99,54840.361071005,7712.64419194565,54840.361071005,49403.21888034381
100,56702.624708110365,8553.916087342606,56702.624708110365,49403.21888034381
101,55725.819072092396,7772.785143143697,55725.819072092396,49204.04215032089
102,56427.39346682654,7739.277140783129,56427.39346682654,49204.04215032089
103,56224.10875593083,8507.460434688963,56224.10875593083,49204.04215032089
104,55495.53114525799,7186.41301620352,55495.53114525799,49204.04215032089
105,55472.032477906534,7048.62472473738,55472.032477906534,49204.04215032089
106,57564.888431315354,9142.082794897502,57564.888431315354,49204.04215032089
107,56272.27724874251,7776.548917667601,56272.27724874251,49204.04215032089
108,54842.930058941,7231.966494435229,54842.930058941,49204.04215032089
109,53832.47298595174,6239.61556927956,53832.47298595174,49204.04215032089
110,52893.651090170024,6281.974448666925,52893.651090170024,49204.04215032089
111,62210.553880592706,9183.368644652754,62210.553880592706,49204.04215032089
112,59081.12846210897,10027.73165521774,59081.12846210897,49204.04215032089
113,55323.859902195785,7875.785264702454,55323.859902195785,49204.04215032089
114,57826.370217880794,9039.632091565527,57826.370217880794,49204.04215032089
115,57218.621606076966,7861.650652597937,57218.621606076966,49204.04215032089
116,55486.27573924506,7731.346852608779,55486.27573924506,49204.04215032089
117,59240.980123652014,8559.428973335798,59240.980123652014,49204.04215032089
118,53121.38319967326,6290.652086411215,53121.38319967326,49204.04215032089
119,56784.032834938655,7880.049177224937,56784.032834938655,49204.04215032089
120,51846.824252268336,5428.389809945007,51846.824252268336,49204.04215032089
121,58649.55201924792,8573.330883557575,58649.55201924792,49204.04215032089
122,53442.65442061281,6418.39287815541,53442.65442061281,49204.04215032089
123,58090.24590128,8204.088668022614,58090.24590128,49204.04215032089
124,54721.52600241911,6857.488131755747,54721.52600241911,49204.04215032089
125,53460.74785673744,6822.623843438108,53460.74785673744,49056.28811809228
126,60349.445086566775,9117.28400031343,60349.445086566775,49056.28811809228
127,52834.36625796853,6417.457212383672,52834.36625796853,49056.28811809228
128,58299.19468043614,7116.068341261668,58299.19468043614,49056.28811809228
129,55903.80715951279,8445.706346030285,55903.80715951279,49056.28811809228
130,56083.22138151633,7731.3150185361055,56083.22138151633,49056.28811809228
131,53680.72510184893,6438.993095428109,53680.72510184893,49056.28811809228
132,59480.85771939595,9236.302329643628,59480.85771939595,49056.28811809228
133,57284.354033404845,8488.389095417268,57284.354033404845,49056.28811809228
134,53264.215272599795,6574.929027452739,53264.215272599795,49056.28811809228
135,52046.62840620596,5666.957155208803,52046.62840620596,49056.28811809228
136,53554.59623665584,6202.004951672179,53554.59623665584,49056.28811809228
137,54718.66467032612,6243.134594682513,54718.66467032612,49056.28811809228
138,56581.916501261934,7795.268492706945,56581.916501261934,49056.28811809228
139,56044.85731185034,7642.813223449108,56044.85731185034,49056.28811809228
140,59308.176089444125,9573.608024995778,59308.176089444125,49056.28811809228
141,55035.732234253104,7136.056084381696,55035.732234253104,49056.28811809228
142,53229.16725985275,7088.779196425739,53229.16725985275,49056.28811809228
143,55309.180224843745,7017.881475161406,55309.180224843745,49056.28811809228
144,58273.21795170562,9270.785568227942,58273.21795170562,49056.28811809228
145,52061.87107804867,5572.004715922974,52061.87107804867,49056.28811809228
146,55768.028231130294,8415.576869778823,55768.028231130294,49056.28811809228
147,54681.71544164304,7639.940495055251,54681.71544164304,49056.28811809228
148,54668.66668307329,6873.811103879962,54668.66668307329,49056.28811809228
149,55613.243910014244,7843.328518007674,55613.243910014244,49056.28811809228
150,51182.19069120739,5054.496687760267,51182.19069120739,49056.28811809228
151,58972.07969789156,8396.469463219331,58972.07969789156,49056.28811809228
152,57449.079953663706,7860.2428945242955,57449.079953663706,49056.28811809228
153,57468.359077378955,7873.521823831388,57468.359077378955,49056.28811809228
154,59930.019511106424,9410.003370209011,59930.019511106424,49056.28811809228
155,60004.28104433072,9808.728747317622,60004.28104433072,49056.28811809228
156,54464.06718205933,6841.662322815922,54464.06718205933,49056.28811809228
157,60496.258313550534,10104.369035329884,60496.258313550534,49056.28811809228
158,55232.556331683765,7820.046626868342,55232.556331683765,49056.28811809228
159,59263.21610527091,8649.50384744692,59263.21610527091,49056.28811809228
160,54907.48456140221,7788.564627393918,54907.48456140221,49056.28811809228
161,55387.51302769438,6933.826188679988,55387.51302769438,49056.28811809228
162,55830.37556468577,7679.630260972964,55830.37556468577,49056.28811809228
163,53937.750967103915,7025.932990723411,53937.750967103915,49056.28811809228
164,52498.948965774674,5572.1939723757005,52498.948965774674,49056.28811809228
165,54777.63745427479,7761.45848926352,54777.63745427479,49056.28811809228
166,55249.005591549074,7044.1198719669865,55249.005591549074,49056.28811809228
167,57501.17780756987,8595.890522867016,57501.17780756987,49056.28811809228
168,55089.10125041819,7190.9903129189715,55089.10125041819,49056.28811809228
169,56070.34507448793,7747.45456930744,56070.34507448793,49056.28811809228
170,53788.89644793809,6879.782116326,53788.89644793809,49056.28811809228
171,56527.431888167375,7773.160483162801,56527.431888167375,49056.28811809228
172,59576.836864159864,9971.358690288678,59576.836864159864,49056.28811809228
173,58257.49241677355,7586.072220166539,58257.49241677355,49056.28811809228
174,56827.65754495926,8493.081834983652,56827.65754495926,49056.28811809228
175,57090.88428126821,7750.489282788799,57090.88428126821,49056.28811809228
176,55344.37205838309,7803.742026579576,55344.37205838309,49056.28811809228
177,55726.29888296727,8536.642286103859,55726.29888296727,49056.28811809228
178,56104.28592768428,7116.345667461195,56104.28592768428,49056.28811809228
179,56377.964898950464,7842.105230671652,56377.964898950464,49056.28811809228
180,53369.83456376571,5704.979238032832,53369.83456376571,49056.28811809228
181,52178.07819317415,5570.989948332567,52178.07819317415,49056.28811809228
182,56216.77477008033,8405.554859394668,56216.77477008033,49056.28811809228
183,53781.876757166174,7001.527250510172,53781.876757166174,49056.28811809228
184,55143.76385747248,7061.3381830848975,55143.76385747248,49056.28811809228
185,57288.481640916645,9152.58166622986,57288.481640916645,49056.28811809228
186,56375.16577567453,8417.668434355654,56375.16577567453,49056.28811809228
187,58224.88562450096,7877.190495319624,58224.88562450096,49056.28811809228
188,55040.80094901981,7676.023503785164,55040.80094901981,49056.28811809228
189,53158.20392860148,6202.741042707365,53158.20392860148,49056.28811809228
190,52071.80703297142,5675.661571364763,52071.80703297142,48879.40393368955
191,58865.3490317569,8604.367947683557,58865.3490317569,48879.40393368955
192,55310.17309728566,7176.736978258932,55310.17309728566,48879.40393368955
193,53538.63300179677,7061.012156915516,53538.63300179677,48879.40393368955
194,56216.20726233247,7923.968442452354,56216.20726233247,48879.40393368955
195,56972.29303381066,7841.014140370678,56972.29303381066,48879.40393368955
196,54692.51977413338,7083.116133022701,54692.51977413338,48879.40393368955
197,54788.43447657591,7657.414714499646,54788.43447657591,48879.40393368955
198,57055.97280147027,8552.243408787395,57055.97280147027,48879.40393368955
199,56160.48483880983,7122.960478582914,56160.48483880983,48879.40393368955
200,55582.25825640499,7766.684364081137,55582.25825640499,48879.40393368955
201,55288.93801543111,7732.731406959994,55288.93801543111,48879.40393368955
202,56148.70152500765,8553.976262524011,56148.70152500765,48879.40393368955
203,52640.8813822562,6224.868046907233,52640.8813822562,48879.40393368955
204,54061.939289378024,7010.747083893421,54061.939289378024,48879.40393368955
205,52886.719770191485,6343.8108474046285,52886.719770191485,48879.40393368955
206,58165.610255240324,9277.355275214673,58165.610255240324,48879.40393368955
207,53314.23755027655,6333.774494512588,53314.23755027655,48879.40393368955
208,53693.74444334013,6890.505731065159,53693.74444334013,48879.403933689544
209,55228.609429615935,7591.1518456933645,55228.609429615935,48879.403933689544
210,56406.774253080504,8572.039630211133,56406.774253080504,48879.403933689544
211,57078.60318419222,8585.997703193922,57078.60318419222,48879.403933689544
212,55720.82952763237,8390.95687561117,55720.82952763237,48879.403933689544
213,52829.80604443698,6366.185893259158,52829.80604443698,48879.403933689544
214,53120.81074118471,6511.175531333292,53120.81074118471,48879.403933689544
215,56822.552697747036,8410.458528709973,56822.552697747036,48879.403933689544
216,56165.95843077096,7104.086440001656,56165.95843077096,48879.403933689544
217,57040.61631356443,9100.467529429812,57040.61631356443,48879.403933689544
218,56729.16034163606,7084.928301450316,56729.16034163606,48879.403933689544
219,56218.06362211182,7730.201682234014,56218.06362211182,48879.403933689544
220,53756.158786192056,7082.039368116656,53756.158786192056,48879.403933689544
221,55137.23951150632,6983.589492603731,55137.23951150632,48879.403933689544
222,57876.34629592275,8481.15918370687,57876.34629592275,48879.403933689544
223,55449.392297775776,6987.582378968249,55449.392297775776,48879.403933689544
224,54778.80758550579,7673.964296202517,54778.80758550579,48879.403933689544
225,57657.00316493589,7794.585357422657,57657.00316493589,48879.403933689544
226,54717.248573883415,7158.207460547678,54717.248573883415,48879.403933689544
227,60905.390358330995,9269.568250423554,60905.390358330995,48879.403933689544
228,57632.14914559822,8977.26366584844,57632.14914559822,48879.403933689544
229,55698.79934359057,7554.9091948185,55698.79934359057,48879.403933689544
230,54624.4559311144,6951.9043630709175,54624.4559311144,48879.403933689544
231,54186.82795408984,6938.294048362784,54186.82795408984,48879.403933689544
232,57708.45442302573,8613.41596101158,57708.45442302573,48879.403933689544
233,53503.740186055,6376.496835902528,53503.740186055,48879.403933689544
234,54682.606295860416,6474.256778046282,54682.606295860416,48879.403933689544
235,56108.853316469715,8340.968986016898,56108.853316469715,48879.403933689544
236,57165.58921469981,7846.420876569716,57165.58921469981,48879.403933689544
237,56099.80039796267,7075.0391296325615,56099.80039796267,48879.403933689544
238,53852.29729920026,6362.766194391077,53852.29729920026,48879.403933689544
239,57440.16865538942,8471.221264286445,57440.16865538942,48879.403933689544
240,58685.78098717019,9207.817811485806,58685.78098717019,48879.403933689544
241,58170.88494045961,8350.36871498302,58170.88494045961,48879.403933689544
242,56251.385504474034,6941.069976545596,56251.385504474034,48879.403933689544
243,53953.53018824784,6970.529054151484,53953.53018824784,48879.403933689544
244,54373.13068143274,6248.08742370846,54373.13068143274,48879.403933689544
245,57619.029631986086,8499.96999113335,57619.029631986086,48879.403933689544
246,56799.35867444643,7978.997551873686,56799.35867444643,48879.403933689544
247,54672.310631338725,6355.875008862589,54672.310631338725,48879.403933689544
248,59872.360867200805,9273.668317705768,59872.360867200805,48879.403933689544
249,56367.98640924996,7926.092906513813,56367.98640924996,48879.403933689544
250,58924.651851511815,9166.284434291483,58924.651851511815,48879.403933689544
251,61072.00551629895,9926.810498166698,61072.00551629895,48879.403933689544
252,57500.799674900445,9059.567140102397,57500.799674900445,48879.403933689544
253,55634.50793821266,6973.097795751235,55634.50793821266,48879.403933689544
254,57038.163712804686,8259.82834683172,57038.163712804686,48879.403933689544
255,56397.83079566809,8366.130842799272,56397.83079566809,48879.403933689544
256,58786.82121515866,8465.387711113923,58786.82121515866,48879.403933689544
257,52212.11030459779,5775.384288473362,52212.11030459779,48879.403933689544
258,56905.33147807072,8361.263645470224,56905.33147807072,48879.403933689544
259,53982.898573973354,6215.41384048377,53982.898573973354,48879.403933689544
260,55765.11102177056,7796.109309626156,55765.11102177056,48879.403933689544
261,55122.06764532592,7812.993260913531,55122.06764532592,48879.403933689544
262,54574.1776623196,7922.761234508465,54574.1776623196,48879.403933689544
263,54107.01783635968,6962.091297742551,54107.01783635968,48879.403933689544
264,58838.80898789114,9848.90507072219,58838.80898789114,48879.403933689544
265,52013.086163581895,6353.547293846,52013.086163581895,48879.403933689544
266,60006.610025596936,7947.137144861493,60006.610025596936,48879.403933689544
267,54888.975250474294,7040.3194036113055,54888.975250474294,48879.403933689544
268,56827.5080109096,9167.187678740616,56827.5080109096,48879.403933689544
269,60268.28885180361,9908.53268517167,60268.28885180361,48879.403933689544
270,52142.62059699053,6207.05157311284,52142.62059699053,48879.403933689544
271,53701.342683344046,6874.747139103465,53701.342683344046,48879.403933689544
272,55783.343672136,7789.303193313606,55783.343672136,48879.403933689544
273,53594.17600843394,6294.9115391106025,53594.17600843394,48879.403933689544
274,55552.57594682909,6891.168326247569,55552.57594682909,48879.403933689544
275,52829.392876721526,6353.702422312365,52829.392876721526,48879.403933689544
276,52045.3307766135,5684.695496825831,52045.3307766135,48879.403933689544
277,53993.55681611918,7052.233792346415,53993.55681611918,48879.403933689544
278,56576.4813569115,7886.511127316067,56576.4813569115,48879.403933689544
279,59082.03220745415,9200.873641547008,59082.03220745415,48879.403933689544
280,57357.77610728822,7910.83826409162,57357.77610728822,48879.403933689544
281,52910.55082856039,6402.801081363029,52910.55082856039,48879.403933689544
282,52942.293545728644,6439.44397383865,52942.293545728644,48879.403933689544
283,57984.659212149134,9967.519386294021,57984.659212149134,48879.403933689544
284,59123.27243483068,9233.674959439046,59123.27243483068,48879.403933689544
285,56648.58746134307,7659.915589530143,56648.58746134307,48879.403933689544
286,55912.263865420085,8443.353605331818,55912.263865420085,48879.403933689544
287,58268.55616576182,9249.61787058106,58268.55616576182,48734.493125656976
288,55244.47147625147,7901.2548013230535,55244.47147625147,48734.493125656976
289,51541.70379980371,5634.060252577318,51541.70379980371,48734.493125656976
290,61730.39290162702,9431.18703922068,61730.39290162702,48734.493125656976
291,57041.29260234205,9171.264999917541,57041.29260234205,48734.493125656976
292,55904.05490766751,7684.531493640243,55904.05490766751,48734.493125656976
293,59240.125163965065,9356.513734198383,59240.125163965065,48734.493125656976
294,54933.72436533511,6993.294221661953,54933.72436533511,48734.493125656976
295,58127.39690868858,9016.539904144985,58127.39690868858,48734.493125656976
296,58355.96244714812,8389.371246768907,58355.96244714812,48734.493125656976
297,59661.615873388226,8343.404935286631,59661.615873388226,48734.493125656976
298,56163.27800146702,7627.85888913612,56163.27800146702,48734.493125656976
299,55795.16240944937,7032.261702834631,55795.16240944937,48734.493125656976
300,54963.5361089591,6883.253435494544,54963.5361089591,48734.493125656976
301,55441.13714921214,7950.977560542693,55441.13714921214,48734.493125656976
302,56647.34631743158,7565.788559507286,56647.34631743158,48734.493125656976
303,56507.99687032652,7660.846946748674,56507.99687032652,48652.39829591028
304,58683.49004986455,8642.762062621296,58683.49004986455,48652.39829591028
305,57775.65841785617,9022.817711109266,57775.65841785617,48652.39829591028
306,60677.65714999576,8703.107918106496,60677.65714999576,48652.39829591028
307,57585.73722957141,7915.366055427805,57585.73722957141,48652.39829591028
308,58341.877646886314,7779.266448097796,58341.877646886314,48652.39829591028
309,58103.92370806417,9303.611208545606,58103.92370806417,48652.39829591028
310,57149.535570841355,8652.062612101628,57149.535570841355,48652.39829591028
311,59819.511178817156,8578.81171600292,59819.511178817156,48652.39829591028
312,58750.8797676982,8524.813329839315,58750.8797676982,48652.39829591028
313,60911.22870650598,9387.246552424362,60911.22870650598,48652.39829591028
314,56138.98036561541,8387.537846360168,56138.98036561541,48652.39829591028
315,61062.34125219941,9390.604276702443,61062.34125219941,48652.39829591028
316,57937.323116873005,9280.516250592991,57937.323116873005,48652.39829591028
317,55914.984893470144,8429.294552299263,55914.984893470144,48652.39829591028
318,56541.454819114566,7637.093280789211,56541.454819114566,48652.39829591028
319,58380.752618107086,7862.578117874556,58380.752618107086,48652.39829591028
320,58473.398383698855,9061.15377219047,58473.398383698855,48652.39829591028
321,56210.83904917628,7649.948330334121,56210.83904917628,48652.39829591028
322,53930.350107288454,6954.714491874816,53930.350107288454,48652.39829591028
323,60425.02222647256,8650.384668660652,60425.02222647256,48652.39829591028
324,58973.10497295395,7869.835837706987,58973.10497295395,48652.39829591028
325,60218.660869657455,9222.731409606362,60218.660869657455,48652.39829591028
326,55802.239600530695,7803.751148537517,55802.239600530695,48652.39829591028
327,54837.099918753825,7725.60886988821,54837.099918753825,48652.39829591028
328,56897.64497784944,9180.2200634336,56897.64497784944,48652.39829591028
329,53745.747892671534,7139.907569142548,53745.747892671534,48652.39829591028
330,56599.80639063185,8494.996666895331,56599.80639063185,48652.39829591028
331,62207.65582194816,9927.694468100444,62207.65582194816,48652.39829591028
332,55900.620817780204,7782.42444028109,55900.620817780204,48652.39829591028
333,56742.204098888986,8549.320723222536,56742.204098888986,48652.39829591028
334,58556.214135961745,9941.13971053017,58556.214135961745,48652.39829591028
335,56941.92186170021,8522.710630119851,56941.92186170021,48652.39829591028
336,55980.61118247849,8262.428135541719,55980.61118247849,48652.39829591028
337,58490.55796767506,8448.36714525338,58490.55796767506,48652.39829591028
338,59253.33896568832,8517.73817207253,59253.33896568832,48652.39829591028
339,61997.710655286595,9165.759235814141,61997.710655286595,48652.39829591028
340,56727.10010734545,8643.466293369886,56727.10010734545,48652.39829591028
341,59505.17964854713,9454.997968010648,59505.17964854713,48652.39829591028
342,61050.29757939732,9132.992384291085,61050.29757939732,48652.39829591028
343,59958.24176058193,9212.853580388615,59958.24176058193,48652.39829591028
344,58872.091803137024,9341.419601391162,58872.091803137024,48652.39829591028
345,61085.0001653433,9831.331988142323,61085.0001653433,48652.39829591028
346,56970.60467874528,8429.931003267644,56970.60467874528,48652.39829591028
347,57910.11924113093,9101.213030728533,57910.11924113093,48652.39829591028
348,58468.53805824332,8444.369875854374,58468.53805824332,48652.39829591028
349,58756.482306648126,8382.69734814867,58756.482306648126,48652.39829591028
350,54816.632429700556,7871.154418965486,54816.632429700556,48652.39829591028
351,59379.755716664484,9314.311574901247,59379.755716664484,48652.39829591028
352,54562.093013466954,6938.389423263853,54562.093013466954,48652.39829591028
353,56411.35149161711,8472.619046285214,56411.35149161711,48652.39829591028
354,60375.02072948745,9299.957812335027,60375.02072948745,48652.39829591028
355,55554.79698879483,7727.811102001198,55554.79698879483,48652.39829591028
356,56589.41321809169,8553.558618771141,56589.41321809169,48652.39829591028
357,53732.07110436131,6844.705218855617,53732.07110436131,48652.39829591028
358,54344.76455106287,7232.665434219113,54344.76455106287,48652.39829591028
359,56659.99002712903,8464.065642858108,56659.99002712903,48652.39829591028
360,57821.78729770901,9001.038003392345,57821.78729770901,48652.39829591028
361,58658.12455628092,8456.980606433108,58658.12455628092,48652.39829591028
362,55299.388605717475,7572.212640148084,55299.388605717475,48652.39829591028
363,57021.5622422543,7122.581439417836,57021.5622422543,48652.39829591028
364,55764.36325532665,7104.795569039938,55764.36325532665,48652.39829591028
365,60377.976975377824,9335.435121341088,60377.976975377824,48652.39829591028
366,57869.26680499368,8441.396581736451,57869.26680499368,48652.39829591028
367,54213.36683403873,7607.0826114310985,54213.36683403873,48652.39829591028
368,58985.103218733784,8439.045035312296,58985.103218733784,48652.39829591028
369,59422.15869283868,9687.153427945723,59422.15869283868,48652.39829591028
370,58571.35902176939,8477.828746044663,58571.35902176939,48652.39829591028
371,61728.024522772444,9291.594159859786,61728.024522772444,48652.39829591028
372,61104.356352384435,9373.086631473861,61104.356352384435,48652.39829591028
373,59197.7247495093,7898.262992371767,59197.7247495093,48652.39829591028
374,56145.5737700421,7065.745146927629,56145.5737700421,48652.39829591028
375,64883.264835631046,10717.293176599418,64883.264835631046,48652.39829591028
376,59749.35047051507,10723.187302585678,59749.35047051507,48652.39829591028
377,54369.93669709061,6436.2908773379095,54369.93669709061,48652.39829591028
378,54704.52986730613,7792.587432840119,54704.52986730613,48652.39829591028
379,57677.38185992234,8437.82206332798,57677.38185992234,48652.39829591028
380,56358.26029636274,7076.996918259899,56358.26029636274,48652.39829591028
381,56637.68754797514,7824.4673982146,56637.68754797514,48652.39829591028
382,58783.79254142583,7840.520834691463,58783.79254142583,48652.39829591028
383,54498.269831384256,6988.794633664911,54498.269831384256,48652.39829591028
384,54033.69124468346,6660.013345314108,54033.69124468346,48652.39829591028
385,54441.79842961188,7786.156377837438,54441.79842961188,48652.39829591028
386,57326.230947832366,7828.985526700324,57326.230947832366,48652.39829591028
387,53451.10940331118,6193.063004363003,53451.10940331118,48652.39829591028
388,54471.973127265446,7586.245055590861,54471.973127265446,48652.39829591028
389,58194.94706032386,7881.0867116835125,58194.94706032386,48652.39829591028
390,60578.11081161995,8478.074874682894,60578.11081161995,48652.39829591028
391,56987.89098225435,8368.556145563502,56987.89098225435,48652.39829591028
392,60078.79168807671,9358.639584895684,60078.79168807671,48652.39829591028
393,60434.452086056895,9304.645508503801,60434.452086056895,48652.39829591028
394,54597.01087129291,7242.3072190686125,54597.01087129291,48652.39829591028
395,61678.41328339603,8487.789545297393,61678.41328339603,48652.39829591028
396,54999.649218891434,7797.119677286883,54999.649218891434,48652.39829591028
397,58620.30814322942,8367.468891542669,58620.30814322942,48652.39829591028
398,53372.94510609191,6460.261097291359,53372.94510609191,48652.39829591028
399,54233.35136157876,7685.33003061059,54233.35136157876,48652.39829591028
400,57726.346123531206,8464.276387924363,57726.346123531206,48652.39829591028
401,53850.963221438906,6987.300564345489,53850.963221438906,48652.39829591028
402,55768.51615776605,7892.636781097795,55768.51615776605,48652.39829591028
403,56390.52774476605,8574.261869111364,56390.52774476605,48652.39829591028
404,54347.97721303883,7045.373207291773,54347.97721303883,48652.39829591028
405,58283.13774644367,9414.558658631948,58283.13774644367,48652.39829591028
406,59185.5540535189,8587.380200736698,59185.5540535189,48652.39829591028
407,58027.067892227715,8386.017273663467,58027.067892227715,48652.39829591028
408,54205.7710160252,6978.112517112726,54205.7710160252,48652.39829591028
409,55008.44376970013,7220.643746262629,55008.44376970013,48652.39829591028
410,58926.17676675009,8388.505091901312,58926.17676675009,48652.39829591028
411,54586.36318168659,7631.793879879125,54586.36318168659,48652.39829591028
412,61167.06569029561,8548.929464514098,61167.06569029561,48652.39829591028
413,56816.97553517918,7081.4176334406,56816.97553517918,48652.39829591028
414,58025.25713994169,8559.57986436955,58025.25713994169,48652.39829591028
415,62085.11726771635,9320.413937821064,62085.11726771635,48652.39829591028
416,60916.512040435766,9870.403254649744,60916.512040435766,48652.39829591028
417,54991.67989642897,7024.816870204726,54991.67989642897,48652.39829591028
418,56663.03953804027,8390.684289837987,56663.03953804027,48652.39829591028
419,53119.36227537369,6177.543134397577,53119.36227537369,48652.39829591028
420,52380.54752637369,6241.25972967299,52380.54752637369,48652.39829591028
421,61787.6140684696,8622.495201833552,61787.6140684696,48652.39829591028
422,55618.72063301095,7085.759476603179,55618.72063301095,48491.10616833674
423,58809.02962759271,9327.206594672622,58809.02962759271,48491.10616833674
424,56555.11775368343,7661.281486467551,56555.11775368343,48491.10616833674
425,63298.55936337961,10507.139438933164,63298.55936337961,48491.10616833674
426,56847.965574509675,8348.563698149088,56847.965574509675,48491.10616833674
427,52720.354329075126,6255.685312873326,52720.354329075126,48491.10616833674
428,59953.45612541662,8194.698183098673,59953.45612541662,48491.10616833674
429,55783.69368682797,7713.825812775428,55783.69368682797,48491.10616833674
430,56038.61644296916,7885.304930694391,56038.61644296916,48491.10616833674
431,55232.31856311514,7723.248614940331,55232.31856311514,48491.10616833674
432,59266.01010777398,9162.696226959659,59266.01010777398,48491.10616833674
433,59162.20904491289,8436.508339660426,59162.20904491289,48491.10616833674
434,58333.627575486746,8488.343637004762,58333.627575486746,48491.10616833674
435,57353.98678949104,8617.08856632499,57353.98678949104,48491.10616833674
436,54767.360374944925,7271.1246341562555,54767.360374944925,48491.10616833674
437,56183.96813360417,7966.601083749905,56183.96813360417,48491.10616833674
438,55772.15461990092,7049.688214353128,55772.15461990092,48491.10616833674
439,58858.99523084673,8447.948713369944,58858.99523084673,48491.10616833674
440,57600.88512587945,8396.052338116115,57600.88512587945,48491.10616833674
441,54365.003689450605,6938.616851739978,54365.003689450605,48491.10616833674
442,56133.31963111383,7690.186027262959,56133.31963111383,48491.10616833674
443,55774.62430859196,7883.079508959849,55774.62430859196,48491.10616833674
444,55284.26397709378,7045.002022042585,55284.26397709378,48491.10616833674
445,57707.73895197797,8403.601497203217,57707.73895197797,48491.10616833674
446,58054.83377881047,8631.2071598444,58054.83377881047,48491.10616833674
447,55316.99406833799,8585.576537980523,55316.99406833799,48491.10616833674
448,55882.110516447385,7685.862984568365,55882.110516447385,48491.10616833674
449,54340.90551185615,7095.583665158873,54340.90551185615,48491.10616833674
450,61229.437549503855,9079.766079444737,61229.437549503855,48491.10616833674
451,55281.15669860394,7586.097613750166,55281.15669860394,48491.10616833674
452,60016.72629410197,9247.39890300039,60016.72629410197,48491.10616833674
453,61914.47643647828,10032.247806818486,61914.47643647828,48491.10616833674
454,58767.46014057707,8540.178911698265,58767.46014057707,48491.10616833674
455,57436.557657101795,9257.69412760185,57436.557657101795,48491.10616833674
456,55239.49654569153,7089.011594396773,55239.49654569153,48491.10616833674
457,55753.04976149204,7798.433209289091,55753.04976149204,48491.10616833674
458,63152.42320352579,10716.633884371224,63152.42320352579,48491.10616833674
459,55473.12618658893,7730.502347193852,55473.12618658893,48491.10616833674
460,56031.454200080865,8529.749099977027,56031.454200080865,48491.10616833674
461,54767.77343960265,7803.571784453135,54767.77343960265,48491.10616833674
462,54973.35202796264,7722.491240782523,54973.35202796264,48491.10616833674
463,59157.299587175854,9792.741597064498,59157.299587175854,48491.10616833674
464,62190.45687882342,9172.057851610505,62190.45687882342,48491.10616833674
465,58003.12859032592,8303.181961652668,58003.12859032592,48491.10616833674
466,55990.41450858496,8418.522802100599,55990.41450858496,48491.10616833674
467,54538.76325652663,7720.384006346607,54538.76325652663,48491.10616833674
468,60879.71722579845,9817.164930845141,60879.71722579845,48491.10616833674
469,53212.98465491901,6983.345827734547,53212.98465491901,48491.10616833674
470,59926.28394200998,9239.575083111156,59926.28394200998,48491.10616833674
471,60223.86844083179,9120.08839703913,60223.86844083179,48491.10616833674
472,55503.60877157575,7039.2140252435875,55503.60877157575,48491.10616833674
473,58614.19283619176,9130.10254378088,58614.19283619176,48491.10616833674
474,56542.80060848731,7793.365759034367,56542.80060848731,48491.10616833674
475,56714.47828351388,8622.367355238799,56714.47828351388,48491.10616833674
476,55284.3081777543,7668.226974798819,55284.3081777543,48491.10616833674
477,55520.2287666298,8502.712178708724,55520.2287666298,48491.10616833674
478,56069.073015373186,8435.947295646318,56069.073015373186,48491.10616833674
479,64908.1823351189,11374.41479821777,64908.1823351189,48491.10616833674
480,57375.99881630158,8489.001841338182,57375.99881630158,48491.10616833674
481,60739.316175592445,9335.443044355434,60739.316175592445,48491.10616833674
482,57487.07852839709,9294.2753517312,57487.07852839709,48491.10616833674
483,55576.94720347224,7598.168611086078,55576.94720347224,48491.10616833674
484,61464.95072861125,8606.223946811411,61464.95072861125,48491.10616833674
485,58151.59707407423,8616.451432971333,58151.59707407423,48491.10616833674
486,53633.65832250302,6359.723287074061,53633.65832250302,48491.10616833674
487,57233.73023280643,8442.506633938781,57233.73023280643,48366.13987149082
488,56584.30843932765,7901.852947645687,56584.30843932765,48366.13987149082
489,52859.1401134714,6225.851975239869,52859.1401134714,48366.13987149082
490,58174.02194935681,9168.387825238422,58174.02194935681,48366.13987149082
491,56922.592916090085,7032.395723161622,56922.592916090085,48366.13987149082
492,56462.273444492,8360.389053387908,56462.273444492,48366.13987149082
493,54126.88036651545,7098.583370617453,54126.88036651545,48366.13987149082
494,54460.65186213031,7663.957483276677,54460.65186213031,48366.13987149082
495,58478.2323830734,9043.192315852362,58478.2323830734,48366.13987149082
496,56756.34096297361,7734.57874754479,56756.34096297361,48366.13987149082
497,55966.64934011756,7845.099794692069,55966.64934011756,48366.13987149082
498,53813.0557125379,7173.265732979822,53813.0557125379,48366.13987149082
499,54581.60519342656,7160.187618292184,54581.60519342656,48366.13987149082
500,54500.6319937523,7160.107085861744,54500.6319937523,48366.13987149082
501,55504.937990044025,7615.191275653715,55504.937990044025,48366.13987149082
502,54828.971246163404,7569.797101141824,54828.971246163404,48366.13987149082
503,58781.73527909344,9218.829537190973,58781.73527909344,48366.13987149082
504,58604.1983754785,9865.015746908339,58604.1983754785,48366.13987149082
505,55611.209175223616,8470.275427496159,55611.209175223616,48366.13987149082
506,57619.65634922357,9059.18571387421,57619.65634922357,48366.13987149082
507,59472.1163248996,8522.749979009503,59472.1163248996,48366.13987149082
508,58064.281783055354,9924.322777475212,58064.281783055354,48366.13987149082
509,56892.26746918673,9132.020072128862,56892.26746918673,48366.13987149082
510,55562.46251674953,7806.215172035762,55562.46251674953,48366.13987149082
511,60376.72399208385,9859.686218591418,60376.72399208385,48366.13987149082
512,57128.22663352832,8456.291345219124,57128.22663352832,48366.13987149082
513,55654.25480134798,7763.35176263665,55654.25480134798,48366.13987149082
514,56287.413194627596,8330.489188175317,56287.413194627596,48366.13987149082
515,60068.78223529656,9251.464564859121,60068.78223529656,48366.13987149082
516,56753.52484469352,8705.882240921408,56753.52484469352,48366.13987149082
517,59172.16014879715,9336.647950898452,59172.16014879715,48366.13987149082
518,62901.79970455785,9287.944139660965,62901.79970455785,48366.13987149082
519,58569.871126330414,8572.170940240534,58569.871126330414,48366.13987149082
520,58057.69201804317,8946.110416214033,58057.69201804317,48366.13987149082
521,58111.44732688462,8495.753942440208,58111.44732688462,48366.13987149082
522,55233.70960342556,6945.225912013861,55233.70960342556,48366.13987149082
523,58140.7192840725,8560.335429115672,58140.7192840725,48366.13987149082
524,54683.936284010706,7630.117775435152,54683.936284010706,48366.13987149082
525,56224.62170552994,7671.752301640098,56224.62170552994,48366.13987149082
526,56766.1954719061,8497.544748524724,56766.1954719061,48366.13987149082
527,57936.58298825377,8613.152551380106,57936.58298825377,48366.13987149082
528,58552.751653342995,8583.37147306348,58552.751653342995,48366.13987149082
529,56678.37319398703,8410.049927543776,56678.37319398703,48366.13987149082
530,56768.686360704516,8394.380294924693,56768.686360704516,48366.13987149082
531,59413.89477278681,8627.587711904855,59413.89477278681,48366.13987149082
532,60798.357162305925,10462.341474659988,60798.357162305925,48366.13987149082
533,54968.926417474075,7924.914399550122,54968.926417474075,48366.13987149082
534,52883.02548887739,6202.752244873964,52883.02548887739,48366.13987149082
535,57500.71384945531,7803.864378163176,57500.71384945531,48366.13987149082
536,56260.21390096193,7854.922032788626,56260.21390096193,48366.13987149082
537,57357.17357415133,8408.8884285596,57357.17357415133,48366.13987149082
538,56247.00388843083,8389.212146702524,56247.00388843083,48366.13987149082
539,55303.10608759268,8387.959318141291,55303.10608759268,48366.13987149082
540,57507.072903359796,7793.707706101342,57507.072903359796,48366.13987149082
541,59314.38100806207,9386.075996573481,59314.38100806207,48366.13987149082
542,51321.72922527582,5570.654243696757,51321.72922527582,48366.13987149082
543,61234.63064532471,10751.387353914575,61234.63064532471,48366.13987149082
544,56591.647237802295,8422.248297803813,56591.647237802295,48366.13987149082
545,57250.15435216797,9296.903150839227,57250.15435216797,48366.13987149082
546,57787.89654047166,7070.01185053714,57787.89654047166,48366.13987149082
547,57864.41575695052,9165.498093095917,57864.41575695052,48366.13987149082
548,52665.554344252276,6136.078768526776,52665.554344252276,48366.13987149082
549,58180.56359666209,8451.302566862769,58180.56359666209,48366.13987149082
550,56068.83093085734,8261.043988259911,56068.83093085734,48366.13987149082
551,54641.09345950538,6963.729420225436,54641.09345950538,48366.13987149082
552,56620.735437624,8694.553689931368,56620.735437624,48366.13987149082
553,57353.138102809746,9007.271996928774,57353.138102809746,48366.13987149082
554,56854.05107062522,8523.235351688028,56854.05107062522,48366.13987149082
555,53692.63211205865,6501.620558554077,53692.63211205865,48366.13987149082
556,53743.48579261046,7759.736624879176,53743.48579261046,48366.13987149082
557,56509.66573315479,7840.677494062771,56509.66573315479,48366.13987149082
558,55844.358999947515,8043.112116080335,55844.358999947515,48366.13987149082
559,57684.36117540924,9218.975525229034,57684.36117540924,48366.13987149082
560,58973.286336563506,9169.376291125036,58973.286336563506,48366.13987149082
561,56410.87962229393,9150.710806613153,56410.87962229393,48366.13987149082
562,57733.99833882986,9134.92116616607,57733.99833882986,48366.13987149082
563,57291.455629870004,9806.310946037182,57291.455629870004,48366.13987149082
564,56579.46459547737,9194.786775299854,56579.46459547737,48366.13987149082
565,55799.861485103305,7774.854208988114,55799.861485103305,48366.13987149082
566,53159.41019172211,7050.103329156411,53159.41019172211,48366.13987149082
567,56940.23218774407,7861.924171333727,56940.23218774407,48366.13987149082
568,55769.240181153604,7832.905625685582,55769.240181153604,48366.13987149082
569,55864.73123015715,7760.178081806653,55864.73123015715,48366.13987149082
570,56434.9809415959,7761.633643456604,56434.9809415959,48366.13987149082
571,59882.78949604938,9144.629070456922,59882.78949604938,48338.98909261168
572,55035.136519416585,7078.432788718763,55035.136519416585,48338.98909261168
573,54238.86959601169,7500.675604668932,54238.86959601169,48338.98909261168
574,57206.505232640426,8560.968852168915,57206.505232640426,48338.98909261168
575,53813.630652634754,7044.636488069988,53813.630652634754,48338.98909261168
576,54674.05139151604,7866.341152114498,54674.05139151604,48338.98909261168
577,54846.46853276029,7762.296056292343,54846.46853276029,48338.98909261168
578,54228.84456503975,7724.023519937856,54228.84456503975,48338.98909261168
579,57034.06616719868,9186.827378996433,57034.06616719868,48338.98909261168
580,55209.207532155815,8402.771768062212,55209.207532155815,48338.98909261168
581,53956.20806430911,6403.743792064636,53956.20806430911,48338.98909261168
582,54332.9987151473,6328.273899603946,54332.9987151473,48338.98909261168
583,52950.52475601563,6172.116146506224,52950.52475601563,48338.98909261168
584,61918.94399201034,10602.167289895717,61918.94399201034,48338.98909261168
585,60436.80524173032,10616.557898437395,60436.80524173032,48338.98909261168
586,57445.61155526177,8407.969316333754,57445.61155526177,48338.98909261168
587,57846.63218664087,8416.132522285781,57846.63218664087,48338.98909261168
588,57362.31490809907,7734.2465337423655,57362.31490809907,48338.98909261168
589,56800.510482696256,6982.500126837903,56800.510482696256,48338.98909261168
590,56529.75091501862,7779.301257933592,56529.75091501862,48338.98909261168
591,59606.64775262082,9715.301533908641,59606.64775262082,48338.98909261168
592,55894.888939543765,7808.209998458586,55894.888939543765,48338.98909261168
593,55836.075236272685,7847.064957113474,55836.075236272685,48338.98909261168
594,56780.843905112786,8482.882828147889,56780.843905112786,48338.98909261168
595,58428.84985470517,8340.001385043684,58428.84985470517,48338.98909261168
596,57933.527864236035,9200.583883336783,57933.527864236035,48338.98909261168
597,54902.94574694814,7673.199536532842,54902.94574694814,48338.98909261168
598,55046.87625115986,7684.36360399063,55046.87625115986,48284.71456408399
599,57279.573065452976,8464.521466480026,57279.573065452976,48284.71456408399
600,53686.56988207922,7142.834773389778,53686.56988207922,48284.71456408399
601,56669.68475067866,7713.3144301893435,56669.68475067866,48284.71456408399
602,54748.68467500744,7142.930763574246,54748.68467500744,48284.71456408399
603,61526.041639710624,9915.135598063163,61526.041639710624,48284.71456408399
604,61221.450235507895,10604.387640632145,61221.450235507895,48284.71456408399
605,55504.515294157434,7786.489080841944,55504.515294157434,48284.71456408399
606,52826.04778288262,6343.941654400349,52826.04778288262,48284.71456408399
607,54379.799111647226,7646.192820933659,54379.799111647226,48284.71456408399
608,62286.73940432023,9851.315582475987,62286.73940432023,48284.71456408399
609,58278.11350304673,8551.91800390932,58278.11350304673,48284.71456408399
610,61509.376487537505,10632.14699313808,61509.376487537505,48284.71456408399
611,56917.85725554598,7779.033967103014,56917.85725554598,48284.71456408399
612,57687.62053946951,9212.644561713863,57687.62053946951,48284.71456408399
613,59117.31420817629,8518.590378428755,59117.31420817629,48284.71456408399
614,56280.41882816002,9210.833250702126,56280.41882816002,48284.71456408399
615,55729.16954092363,8405.192609979136,55729.16954092363,48284.71456408399
616,55791.90616912507,8443.53245575073,55791.90616912507,48284.71456408399
617,53301.77539791376,6924.332200412233,53301.77539791376,48284.71456408399
618,53674.19554354953,6502.643589052897,53674.19554354953,48284.71456408399
619,58885.38725169533,7911.934829421303,58885.38725169533,48284.71456408399
620,54728.53171805267,7114.908912135601,54728.53171805267,48284.71456408399
621,60533.01442484617,9990.38876643092,60533.01442484617,48284.71456408399
622,58460.884706041645,9159.956715190507,58460.884706041645,48284.71456408399
623,57434.81557021934,8630.834365376866,57434.81557021934,48284.71456408399
624,56802.01448053603,7685.580055413945,56802.01448053603,48284.71456408399
625,58087.25457640468,8473.636671135388,58087.25457640468,48284.71456408399
626,54965.04521052124,7658.988209375742,54965.04521052124,48284.71456408399
627,54822.79170411728,7695.890269550489,54822.79170411728,48284.71456408399
628,55552.10694112724,7100.713938810206,55552.10694112724,48284.71456408399
629,55059.425596229514,7040.144447444969,55059.425596229514,48284.71456408399
630,56754.775900658664,9067.349824752278,56754.775900658664,48284.71456408399
631,51428.37716147814,5762.405488250287,51428.37716147814,48284.71456408399
632,54177.81727577284,7659.1407913359635,54177.81727577284,48284.71456408399
633,56064.19035868974,8517.310803203709,56064.19035868974,48284.71456408399
634,55851.63088426452,7808.322764172522,55851.63088426452,48284.71456408399
635,55191.19219397245,7273.961870830836,55191.19219397245,48284.71456408399
636,56280.960403790275,6347.9985494455195,56280.960403790275,48284.71456408399
637,56714.96186806953,8389.011907040132,56714.96186806953,48284.71456408399
638,55004.46847818146,7111.649887665759,55004.46847818146,48284.71456408399
639,53623.80558318901,6886.246459680378,53623.80558318901,48284.71456408399
640,61482.68212396244,9964.625986207922,61482.68212396244,48284.71456408399
641,59115.85212092651,8536.83343552149,59115.85212092651,48284.71456408399
642,57521.05111884484,9912.523409631447,57521.05111884484,48284.71456408399
643,57890.09014374988,9297.490196334873,57890.09014374988,48284.71456408399
644,58563.510859414564,8559.250240387802,58563.510859414564,48284.71456408399
645,56069.3971698381,7727.586068352184,56069.3971698381,48284.71456408399
646,53279.350864761065,6240.333942165105,53279.350864761065,48284.71456408399
647,54174.74363623755,6516.2526292432485,54174.74363623755,48284.71456408399
648,55177.2704530473,7701.63392301127,55177.2704530473,48284.71456408399
649,56490.0856537192,7747.4226844518,56490.0856537192,48284.71456408399
650,55174.10110883657,8584.641237904383,55174.10110883657,48284.71456408399
651,56191.3815685727,6939.936756255314,56191.3815685727,48284.71456408399
652,55401.73529404962,7852.316826764184,55401.73529404962,48284.71456408399
653,55851.0265573716,7851.338092906002,55851.0265573716,48284.71456408399
654,52444.92400341023,5648.278406708166,52444.92400341023,48284.71456408399
655,56241.53223238159,7231.918733746711,56241.53223238159,48284.71456408399
656,59095.73551098317,9256.105278026922,59095.73551098317,48284.71456408399
657,54774.36259376153,7702.901778850544,54774.36259376153,48284.71456408399
658,56966.66434367667,8306.24339136843,56966.66434367667,48284.71456408399
659,58299.85193724597,9256.012112645947,58299.85193724597,48284.71456408399
660,54968.94798269693,7615.989461295896,54968.94798269693,48284.71456408399
661,58456.72402854196,8413.095377219983,58456.72402854196,48284.71456408399
662,55913.65217560402,8407.224173565297,55913.65217560402,48284.71456408399
663,51341.86593184597,5527.200770839382,51341.86593184597,48284.71456408399
664,53967.577166099756,6471.597773441729,53967.577166099756,48284.71456408399
665,59721.36150445562,8478.313825711379,59721.36150445562,48284.71456408399
666,60902.44097826544,10595.182758221854,60902.44097826544,48284.71456408399
667,61485.2087418638,9234.62951234921,61485.2087418638,48284.71456408399
668,52731.603882395895,6238.639259877089,52731.603882395895,48284.71456408399
669,59101.31140626279,8438.755201946962,59101.31140626279,48284.71456408399
670,58589.88046374659,9129.163994686993,58589.88046374659,48284.71456408399
671,54256.8501450972,7731.693999114595,54256.8501450972,48284.71456408399
672,56974.05766570549,9292.404922276979,56974.05766570549,48284.71456408399
673,61003.86586565876,9168.7466263071,61003.86586565876,48284.71456408399
674,52875.4577316394,6432.590743022904,52875.4577316394,48284.71456408399
675,56117.38822543646,6980.962575032367,56117.38822543646,48284.71456408399
676,57612.711269967454,8520.363427290631,57612.711269967454,48284.71456408399
677,53099.27821959751,6782.89702380743,53099.27821959751,48284.71456408399
678,55700.90425862826,7761.784432560793,55700.90425862826,48284.71456408399
679,62972.1470105145,9252.689931801586,62972.1470105145,48284.71456408399
680,57588.73305406222,7766.861091307757,57588.73305406222,48284.71456408399
681,56555.105762777675,7876.150440021886,56555.105762777675,48284.71456408399
682,57345.167999601355,7816.463189333952,57345.167999601355,48284.71456408399
683,56951.817116022095,9231.92810862818,56951.817116022095,48284.71456408399
684,62881.78099161327,9262.303304065765,62881.78099161327,48284.71456408399
685,56337.11858957978,7815.023431628217,56337.11858957978,48284.71456408399
686,56718.090344583536,9059.952066511425,56718.090344583536,48284.71456408399
687,54515.7205466534,7689.398925691293,54515.7205466534,48284.71456408399
688,56802.09683633786,8596.858890553394,56802.09683633786,48284.71456408399
689,55897.90036757995,7674.251750379728,55897.90036757995,48284.71456408399
690,57196.093896363804,8572.08256126398,57196.093896363804,48284.71456408399
691,53396.92498481147,6919.055776214346,53396.92498481147,48284.71456408399
692,54169.73999916607,7704.419878078775,54169.73999916607,48284.71456408399
693,55598.904452757,7734.089042238916,55598.904452757,48284.71456408399
694,55659.93512614005,7655.11578864419,55659.93512614005,48284.71456408399
695,57004.7202071351,9004.73319064811,57004.7202071351,48284.71456408399
696,55325.82110471034,7873.054313228218,55325.82110471034,48284.71456408399
697,57546.137015901775,7688.565405140738,57546.137015901775,48284.71456408399
698,57128.78119246954,8504.024843910141,57128.78119246954,48284.71456408399
699,59627.15773119376,9232.424388878566,59627.15773119376,48284.71456408399
700,54719.4508434842,7715.808274344291,54719.4508434842,48284.71456408399
701,58808.37155600996,8395.35642211311,58808.37155600996,48284.71456408399
702,56672.465033676846,8622.481316764704,56672.465033676846,48284.71456408399
703,59626.790202910466,8543.51284981508,59626.790202910466,48284.71456408399
704,55278.63640903268,8175.057088474624,55278.63640903268,48284.71456408399
705,57336.81794364597,8455.723928664564,57336.81794364597,48284.71456408399
706,54881.5483484176,6350.953457434971,54881.5483484176,48284.71456408399
707,57222.2055230606,7791.574181515201,57222.2055230606,48284.71456408399
708,60874.50043919912,9231.853618059962,60874.50043919912,48284.71456408399
709,53560.664621207245,6999.0821284354,53560.664621207245,48284.71456408399
710,55471.94978242552,7723.21236345267,55471.94978242552,48284.71456408399
711,59468.10003719975,9220.616539112783,59468.10003719975,48284.71456408399
712,54198.395030943655,7162.68304054548,54198.395030943655,48284.71456408399
713,54390.19661911734,7697.430311752166,54390.19661911734,48284.71456408399
714,52167.06442660872,5582.576531216168,52167.06442660872,48284.71456408399
715,60490.817640054214,9379.776980814388,60490.817640054214,48284.71456408399
716,59889.47972328002,9793.134866247445,59889.47972328002,48284.71456408399
717,57511.38028493857,8491.051641527876,57511.38028493857,48284.71456408399
718,52656.82595244343,6407.499686845019,52656.82595244343,48284.71456408399
719,59339.796740972684,8582.504241546165,59339.796740972684,48284.71456408399
720,57461.228297542024,9103.759415662451,57461.228297542024,48284.71456408399
721,57115.669193792724,9028.122777123615,57115.669193792724,48284.71456408399
722,54667.74260953594,6935.4685306843485,54667.74260953594,48284.71456408399
723,54194.95414790466,7091.304228130543,54194.95414790466,48284.71456408399
724,54526.41512815419,7193.910777838559,54526.41512815419,48284.71456408399
725,57556.1782860635,9861.040808222471,57556.1782860635,48284.71456408399
726,54892.0923175142,7897.305652983558,54892.0923175142,48284.71456408399
727,59811.57856696033,8431.001174319408,59811.57856696033,48284.71456408399
728,57846.24021023642,8645.716694404002,57846.24021023642,48284.71456408399
729,54647.38385798072,7702.717842830168,54647.38385798072,48284.71456408399
730,55123.329237242266,8422.9206822855,55123.329237242266,48284.71456408399
731,59063.75695218089,8577.654400812233,59063.75695218089,48284.71456408399
732,55127.842417535816,8505.192627385613,55127.842417535816,48284.71456408399
733,56905.43119837165,8439.864211206044,56905.43119837165,48284.71456408399
734,55167.80206694569,7725.818599245613,55167.80206694569,48284.71456408399
735,53354.92022136379,7125.256808092588,53354.92022136379,48284.71456408399
736,58515.36550099523,8514.27321979134,58515.36550099523,48284.71456408399
737,56581.86270184405,9017.287196664536,56581.86270184405,48284.71456408399
738,55784.91784731481,7782.779302412966,55784.91784731481,48284.71456408399
739,55709.3048508317,7808.291022948559,55709.3048508317,48284.71456408399
740,54551.866610626144,7176.308553901201,54551.866610626144,48284.71456408399
741,55407.94003215207,7074.224609730731,55407.94003215207,48257.78372457074
742,62084.7304151739,11310.642667098942,62084.7304151739,48257.78372457074
743,55560.69855330617,7652.0034566198565,55560.69855330617,48257.78372457074
744,58193.35776379707,9254.472258792703,58193.35776379707,48257.78372457074
745,59029.31928025489,9146.59536164056,59029.31928025489,48257.78372457074
746,59693.60771549499,9157.44875626186,59693.60771549499,48257.78372457074
747,56346.655078787044,7084.954836856768,56346.655078787044,48257.78372457074
748,57811.61021043608,8459.62871189215,57811.61021043608,48257.78372457074
749,51928.4250468109,5727.20883259063,51928.4250468109,48257.78372457074
750,55080.94907694622,8416.601399900666,55080.94907694622,48257.78372457074
751,51469.37632720171,6262.373626270377,51469.37632720171,48257.78372457074
752,58711.12387459789,8624.8883957369,58711.12387459789,48257.78372457074
753,58714.33467239138,8505.251314912983,58714.33467239138,48257.78372457074
754,55091.413327258386,7260.362468214172,55091.413327258386,48257.78372457074
755,54705.60799214207,7976.508713166188,54705.60799214207,48257.78372457074
756,58250.29170282001,8537.138225820696,58250.29170282001,48257.78372457074
757,52725.47094257746,5671.6657946674995,52725.47094257746,48257.78372457074
758,57828.426060238715,8003.171919500945,57828.426060238715,48257.78372457074
759,53922.9859100264,7079.817898006399,53922.9859100264,48257.78372457074
760,57956.49721724688,9284.878077461017,57956.49721724688,48257.78372457074
761,54543.78207288774,7771.473882121199,54543.78207288774,48257.78372457074
762,57312.248162058255,8506.019062360381,57312.248162058255,48257.78372457074
763,59371.45528633652,8627.779496887999,59371.45528633652,48257.78372457074
764,54344.99765086857,7687.0514707756865,54344.99765086857,48257.78372457074
765,55793.94204617564,7076.472433222456,55793.94204617564,48257.78372457074
766,54651.250530631296,6970.605556351443,54651.250530631296,48257.78372457074
767,54712.17900082706,7859.942089977887,54712.17900082706,48257.78372457074
768,53289.756300874986,6262.339169255066,53289.756300874986,47900.365212999066
769,52672.19507045967,6185.921654716815,52672.19507045967,47900.365212999066
770,55429.752459815274,7115.189210122994,55429.752459815274,47900.365212999066
771,54600.1966838418,7169.399234906887,54600.1966838418,47900.365212999066
772,52573.916849096444,6308.7786670095575,52573.916849096444,47900.365212999066
773,54239.55440087112,7337.576336754981,54239.55440087112,47900.365212999066
774,56565.904786690524,8008.362172657932,56565.904786690524,47900.365212999066
775,55266.46180793866,8450.498347643146,55266.46180793866,47900.365212999066
776,54903.93208640524,7778.845566781869,54903.93208640524,47900.365212999066
777,53919.01781296935,7862.292621151972,53919.01781296935,47900.365212999066
778,55093.36349508052,8355.267952702896,55093.36349508052,47900.365212999066
779,57964.13693135327,8517.988182865352,57964.13693135327,47900.365212999066
780,57314.733176199414,8620.551879295526,57314.733176199414,47900.365212999066
781,57116.273773948764,9179.528665173151,57116.273773948764,47900.365212999066
782,56416.58975830568,7880.330617468464,56416.58975830568,47900.365212999066
783,57114.33285034636,7818.209514676599,57114.33285034636,47900.365212999066
784,59889.93909117362,10571.710997770117,59889.93909117362,47900.365212999066
785,55919.234938217254,8464.89148538074,55919.234938217254,47900.365212999066
786,54326.00948156384,6369.5121718384125,54326.00948156384,47900.365212999066
787,55741.33326843013,9264.030872840385,55741.33326843013,47900.365212999066
788,59315.73931807683,9062.992898398124,59315.73931807683,47900.365212999066
789,53856.19384234946,7026.127858158949,53856.19384234946,47900.365212999066
790,57437.123319158156,8733.54496082084,57437.123319158156,47900.365212999066
791,54474.19446724913,7779.822901866862,54474.19446724913,47900.365212999066
792,59651.22957954158,10030.756996593182,59651.22957954158,47900.365212999066
793,55633.29488213322,7819.195094096294,55633.29488213322,47900.365212999066
794,53115.01982468217,7069.284177936113,53115.01982468217,47803.292836777444
795,61814.19818615202,10077.701749319476,61814.19818615202,47803.292836777444
796,61991.40873924496,9437.287786259336,61991.40873924496,47803.292836777444
797,56885.017175761495,8478.720928437342,56885.017175761495,47803.292836777444
798,63365.49992926109,9832.50351245046,63365.49992926109,47803.292836777444
799,56310.99002612485,8353.787800302236,56310.99002612485,47803.292836777444
800,57627.19032610371,9838.816536132825,57627.19032610371,47803.292836777444
801,53357.470632419936,7054.426657652817,53357.470632419936,47803.292836777444
802,55813.02491290648,8198.229984594169,55813.02491290648,47803.292836777444
803,57828.101575840075,9216.361378420166,57828.101575840075,47803.292836777444
804,55436.4260587161,8517.421045665145,55436.4260587161,47803.292836777444
805,56340.680276649866,9231.554486499614,56340.680276649866,47803.292836777444
806,55178.501912523505,8497.813839452536,55178.501912523505,47803.292836777444
807,54041.17007361071,7176.578568555536,54041.17007361071,47803.292836777444
808,59339.31560953836,8819.095433379334,59339.31560953836,47803.292836777444
809,56831.351526167055,7857.528895476925,56831.351526167055,47803.292836777444
810,55680.36997741436,8460.052080145473,55680.36997741436,47803.292836777444
811,54473.76938291992,7980.187596452864,54473.76938291992,47803.292836777444
812,53985.668472566234,6315.632910541634,53985.668472566234,47803.292836777444
813,57732.53050820607,7792.369409149226,57732.53050820607,47803.292836777444
814,57640.937235276775,9264.205399568458,57640.937235276775,47803.292836777444
815,51732.74112000222,6343.298314792083,51732.74112000222,47803.292836777444
816,58417.53351979782,9454.853426525044,58417.53351979782,47803.292836777444
817,61776.335319696474,9118.88356802855,61776.335319696474,47803.292836777444
818,55841.317071634796,8667.130034929449,55841.317071634796,47803.292836777444
819,54087.63307151633,6939.765391743412,54087.63307151633,47803.292836777444
820,51803.25212934617,5708.8889148453,51803.25212934617,47803.292836777444
821,59357.80145662753,7972.834380804561,59357.80145662753,47803.292836777444
822,56090.96244946048,7827.828395423276,56090.96244946048,47803.292836777444
823,56460.80094810801,8546.006398712369,56460.80094810801,47803.292836777444
824,54490.561465993655,7110.87321892306,54490.561465993655,47803.292836777444
825,55367.27347813081,7085.12163278435,55367.27347813081,47803.292836777444
826,53763.3461356533,7090.596775285568,53763.3461356533,47803.292836777444
827,54326.98730916505,7221.967906344415,54326.98730916505,47803.292836777444
828,53153.74497212076,6369.454589233638,53153.74497212076,47803.292836777444
829,57147.49178062172,8529.621496202426,57147.49178062172,47803.292836777444
830,59215.52291360344,8779.897285083318,59215.52291360344,47803.292836777444
831,55250.18650307858,7641.8848749303,55250.18650307858,47803.292836777444
832,54214.97649802944,7045.528120794904,54214.97649802944,47803.292836777444
833,57302.04574808643,7802.871573707064,57302.04574808643,47803.292836777444
834,58994.96624266858,8593.228877151243,58994.96624266858,47803.292836777444
835,54017.270888351326,7759.9025902644735,54017.270888351326,47803.292836777444
836,63145.935460075525,9929.685238538217,63145.935460075525,47803.292836777444
837,58487.15496481252,8645.644287004805,58487.15496481252,47803.292836777444
838,57881.03651540573,9319.357282190782,57881.03651540573,47803.292836777444
839,54886.79972164015,7780.674006102165,54886.79972164015,47803.292836777444
840,55519.48607931961,7754.7766070398375,55519.48607931961,47803.292836777444
841,57006.13637381536,8723.09114836223,57006.13637381536,47803.292836777444
842,59300.08373690018,8673.195407911076,59300.08373690018,47803.292836777444
843,53214.87567086008,6658.956657810495,53214.87567086008,47803.292836777444
844,56535.26310247518,7846.64770913323,56535.26310247518,47803.292836777444
845,54161.631779432835,7035.955468343753,54161.631779432835,47803.292836777444
846,54227.779067670854,7242.129222908113,54227.779067670854,47803.292836777444
847,55785.50358356937,8196.865405568713,55785.50358356937,47803.292836777444
848,60456.69478158662,9296.91746898249,60456.69478158662,47803.292836777444
849,54542.85353580236,7645.279813551121,54542.85353580236,47803.292836777444
850,57220.957516730276,9262.00920938464,57220.957516730276,47803.292836777444
851,57677.83472586212,8357.237952249956,57677.83472586212,47803.292836777444
852,53444.813318686094,7045.155946386303,53444.813318686094,47803.292836777444
853,54080.677423238565,7139.198090481431,54080.677423238565,47803.292836777444
854,54963.79649960987,8598.597544123942,54963.79649960987,47803.292836777444
855,61310.99249612391,9867.987338555246,61310.99249612391,47803.292836777444
856,54805.39654682373,7752.78543433977,54805.39654682373,47803.292836777444
857,55365.90237327748,7623.858833932466,55365.90237327748,47803.292836777444
858,56979.7856078136,8468.073764794144,56979.7856078136,47803.292836777444
859,53297.17010476927,7057.144504907727,53297.17010476927,47803.292836777444
860,58147.48487893806,9075.315728415004,58147.48487893806,47803.292836777444
861,58517.99329251199,10160.257623167963,58517.99329251199,47803.292836777444
862,54820.79789660654,7803.660406626659,54820.79789660654,47803.292836777444
863,56130.71483333067,9349.772707654536,56130.71483333067,47803.292836777444
864,58451.407401245786,10247.216781676747,58451.407401245786,47803.292836777444
865,53049.900044887,6902.064280787023,53049.900044887,47803.292836777444
866,54092.39125615095,7186.182595161615,54092.39125615095,47803.292836777444
867,54672.90369792942,8095.789028127372,54672.90369792942,47803.292836777444
868,53527.94353612019,6291.077950270618,53527.94353612019,47803.292836777444
869,54424.78062721264,7156.995536902845,54424.78062721264,47803.292836777444
870,54163.482097616405,7240.516714183423,54163.482097616405,47803.292836777444
871,57110.642425000944,8527.599232246754,57110.642425000944,47803.292836777444
872,55304.09170690492,7636.485725635464,55304.09170690492,47803.292836777444
873,57827.47254504153,9272.079135124939,57827.47254504153,47803.292836777444
874,54158.22765943988,7756.106806516784,54158.22765943988,47803.292836777444
875,55752.006201277,7775.282185881008,55752.006201277,47803.292836777444
876,59247.07802493211,9357.801887310052,59247.07802493211,47803.292836777444
877,53475.24250408731,7049.588164843983,53475.24250408731,47803.292836777444
878,57124.90627205327,7901.178403473995,57124.90627205327,47803.292836777444
879,57735.36660546156,7980.274106251995,57735.36660546156,47803.292836777444
880,55187.40449371461,8292.147380746508,55187.40449371461,47803.292836777444
881,56511.67033478406,8404.723133582964,56511.67033478406,47803.292836777444
882,57663.78653571347,6996.637141691962,57663.78653571347,47803.292836777444
883,53543.74367763688,6421.4731136381,53543.74367763688,47803.292836777444
884,57305.12744833137,9231.9988729953,57305.12744833137,47803.292836777444
885,56079.35030724692,8352.346057360479,56079.35030724692,47803.292836777444
886,57354.62138493113,8745.05188528331,57354.62138493113,47803.292836777444
887,53252.18978885787,6323.34262294857,53252.18978885787,47803.292836777444
888,55406.56376874717,7664.525246063032,55406.56376874717,47803.292836777444
889,52898.691544651825,6978.901174471222,52898.691544651825,47803.292836777444
890,55167.96972293444,8329.499963429673,55167.96972293444,47803.292836777444
891,57466.09567501447,9197.067880749953,57466.09567501447,47803.292836777444
892,56598.47497921465,8532.724083916428,56598.47497921465,47803.292836777444
893,53938.55165576634,7763.554531456635,53938.55165576634,47803.292836777444
894,57154.408230137706,8516.336395015122,57154.408230137706,47803.292836777444
895,55235.10489989094,7814.2763361635225,55235.10489989094,47803.292836777444
896,55556.00164870516,8595.0560217174,55556.00164870516,47803.292836777444
897,55005.299371183384,8349.503354653983,55005.299371183384,47803.292836777444
898,56020.71436280974,8023.215227469652,56020.71436280974,47803.292836777444
899,51386.876808155896,5683.174480030607,51386.876808155896,47803.292836777444
900,55014.05396761411,8291.397815393484,55014.05396761411,47803.292836777444
901,57126.4946803255,7723.629940556057,57126.4946803255,47803.292836777444
902,54638.24935617564,7707.087445856599,54638.24935617564,47803.292836777444
903,50961.94592259625,5725.762445381475,50961.94592259625,47803.292836777444
904,56354.83460588169,7807.741871402551,56354.83460588169,47803.292836777444
905,57947.9520783231,10063.771717462083,57947.9520783231,47803.292836777444
906,54222.01211081259,7573.109099706807,54222.01211081259,47803.292836777444
907,59544.405843307366,9719.395364667236,59544.405843307366,47803.292836777444
908,50538.94701623204,5648.660644589701,50538.94701623204,47803.292836777444
909,55952.643735391655,7075.968356623147,55952.643735391655,47803.292836777444
910,63010.49812757944,11481.964646793409,63010.49812757944,47803.292836777444
911,61119.07219997023,10540.717369331327,61119.07219997023,47803.292836777444
912,58889.58604872394,9281.809195396218,58889.58604872394,47803.292836777444
913,55664.3002482282,7016.814249269756,55664.3002482282,47803.292836777444
914,53806.13135087853,7484.031674342247,53806.13135087853,47803.292836777444
915,56771.49889801119,8453.338270236438,56771.49889801119,47803.292836777444
916,56161.60600913621,7738.241179924698,56161.60600913621,47803.292836777444
917,62398.76302538259,8530.424232438852,62398.76302538259,47803.292836777444
918,57555.885221928955,8401.841607482293,57555.885221928955,47803.292836777444
919,55578.95809066094,7061.626832425073,55578.95809066094,47803.292836777444
920,56173.15039557855,8366.304574020758,56173.15039557855,47803.292836777444
921,57585.075146102914,9949.757036252791,57585.075146102914,47803.292836777444
922,51057.4046163771,5699.739740605667,51057.4046163771,47803.292836777444
923,53435.44878416667,7803.5618752183145,53435.44878416667,47803.292836777444
924,54722.952632987835,7667.864232016043,54722.952632987835,47803.292836777444
925,58496.032807995936,9175.123777505192,58496.032807995936,47803.292836777444
926,55849.22862649024,8566.465226678609,55849.22862649024,47803.292836777444
927,57279.03723403631,9978.676021026558,57279.03723403631,47803.292836777444
928,58474.96218245515,9217.049084336624,58474.96218245515,47803.292836777444
929,54576.594463566566,7781.011365668288,54576.594463566566,47803.292836777444
930,55874.62372626412,8318.615597899925,55874.62372626412,47803.292836777444
931,54279.64316598303,7968.097759278577,54279.64316598303,47803.292836777444
932,56146.3404593891,7076.117655318654,56146.3404593891,47803.292836777444
933,53143.463128137264,6824.203696612904,53143.463128137264,47803.292836777444
934,58425.65630645766,8495.466427620126,58425.65630645766,47803.292836777444
935,56195.25689115982,8471.897444765886,56195.25689115982,47803.292836777444
936,61611.19012512495,9319.680322904853,61611.19012512495,47803.292836777444
937,56068.14131307907,9029.089016192587,56068.14131307907,47803.292836777444
938,56200.03125735533,9135.002040847136,56200.03125735533,47803.292836777444
939,57298.96799374205,9201.065478089473,57298.96799374205,47803.292836777444
940,55076.76602004371,7020.646117418781,55076.76602004371,47803.292836777444
941,52655.67703278739,6873.142749960653,52655.67703278739,47803.292836777444
942,56500.09634200753,8619.671863313819,56500.09634200753,47803.292836777444
943,59178.086437060345,10162.811401976043,59178.086437060345,47803.292836777444
944,56375.75333017328,7812.523476268533,56375.75333017328,47803.292836777444
945,59194.095512938315,8587.658220801804,59194.095512938315,47803.292836777444
946,59457.7953920632,9257.532190867496,59457.7953920632,47803.292836777444
947,56363.30862159849,8494.918158738186,56363.30862159849,47803.292836777444
948,56299.764978798026,8594.302113494596,56299.764978798026,47803.292836777444
949,56474.563664334,8397.80513646822,56474.563664334,47803.292836777444
950,57802.291669795115,7712.368406803379,57802.291669795115,47803.292836777444
951,54601.17007016309,7970.785200615773,54601.17007016309,47803.292836777444
952,56981.24468217179,8762.46255094909,56981.24468217179,47803.292836777444
953,52752.97391714031,6161.346336261648,52752.97391714031,47803.292836777444
954,54112.85959529092,7065.379903592568,54112.85959529092,47803.292836777444
955,58259.49475236204,9261.73389017476,58259.49475236204,47803.292836777444
956,55797.36727449546,7592.819692599808,55797.36727449546,47803.292836777444
957,55115.425958129985,7869.410559726408,55115.425958129985,47803.292836777444
958,54290.67606369445,7114.759188378093,54290.67606369445,47803.292836777444
959,59471.32043608937,9255.895483281727,59471.32043608937,47803.292836777444
960,57900.80131045447,7685.151953790284,57900.80131045447,47803.292836777444
961,55746.40422781268,7671.415207685719,55746.40422781268,47803.292836777444
962,55363.611533579264,7722.880481786303,55363.611533579264,47803.292836777444
963,54146.41855459595,7722.2572050555555,54146.41855459595,47803.292836777444
964,57748.91248729379,7920.793068825258,57748.91248729379,47803.292836777444
965,56122.05259777305,8462.88286404312,56122.05259777305,47803.292836777444
966,52019.25484586266,6252.900912816613,52019.25484586266,47803.292836777444
967,54587.39742261775,7086.640247253841,54587.39742261775,47803.292836777444
968,54225.067787817345,7163.628328259527,54225.067787817345,47803.292836777444
969,60405.52623320457,9224.94901338825,60405.52623320457,47803.292836777444
970,55284.519141955956,7817.183755335494,55284.519141955956,47803.292836777444
971,64094.342194655255,10673.594883248614,64094.342194655255,47803.292836777444
972,57032.6161551266,8597.847325871848,57032.6161551266,47803.292836777444
973,57575.037496168035,7869.794449804011,57575.037496168035,47803.292836777444
974,56311.44352053329,7958.45972320288,56311.44352053329,47803.292836777444
975,51477.718891660596,5607.457451050877,51477.718891660596,47803.292836777444
976,57237.245633633866,8396.039127964583,57237.245633633866,47803.292836777444
977,53469.406748511436,7125.009144008689,53469.406748511436,47803.292836777444
978,60504.33606000703,9158.912844368977,60504.33606000703,47803.292836777444
979,57409.724708557864,7899.449400881519,57409.724708557864,47803.292836777444
980,60712.94101189005,9240.606424609017,60712.94101189005,47803.292836777444
981,60100.67557231641,9911.967875843693,60100.67557231641,47803.292836777444
982,55846.729075905765,8405.257116750643,55846.729075905765,47803.292836777444
983,57460.98383840632,8310.425851269028,57460.98383840632,47803.292836777444
984,56473.36778704424,8564.407367022868,56473.36778704424,47803.292836777444
985,53197.51063936334,7006.950862609812,53197.51063936334,47803.292836777444
986,53640.613706858756,6970.239496117548,53640.613706858756,47803.292836777444
987,61148.47413488844,9912.060279217354,61148.47413488844,47803.292836777444
988,57233.057052184675,8511.58110098635,57233.057052184675,47803.292836777444
989,53287.3556482346,7050.59076527634,53287.3556482346,47803.292836777444
990,54867.79453115487,7965.71903485098,54867.79453115487,47803.292836777444
991,51069.76326680983,5597.745868091131,51069.76326680983,47803.292836777444
992,57514.53518273113,8653.023422830915,57514.53518273113,47803.292836777444
993,58087.903153670275,8536.74265141605,58087.903153670275,47803.292836777444
994,51560.124657883614,6275.312492981297,51560.124657883614,47803.292836777444
995,52973.97240702507,5579.08428021287,52973.97240702507,47803.292836777444
996,55077.76515333921,7789.175685724843,55077.76515333921,47803.292836777444
997,51158.360921789455,5601.190138521201,51158.360921789455,47803.292836777444
998,56863.39195080458,8584.220871833622,56863.39195080458,47803.292836777444
999,55822.217490235205,7742.487810842096,55822.217490235205,47803.292836777444
1000,54045.72027563113,7027.452928690616,54045.72027563113,47803.292836777444
1001,54435.22548732241,7161.979488193916,54435.22548732241,47803.292836777444
1002,60776.40415895633,9279.419979922497,60776.40415895633,47803.292836777444
1003,53365.787346582976,6963.596282677046,53365.787346582976,47803.292836777444
1004,60450.91334505329,9371.767235502382,60450.91334505329,47803.292836777444
1005,52962.3438150421,7095.902911619737,52962.3438150421,47803.292836777444
1006,52517.648019740394,6390.242913692039,52517.648019740394,47803.292836777444
1007,57266.54744380036,9360.177245654477,57266.54744380036,47803.292836777444
1008,53921.977606823435,7858.302960798914,53921.977606823435,47803.292836777444
1009,51459.552478614736,6362.34707594158,51459.552478614736,47803.292836777444
1010,58550.84898335069,9202.423158652864,58550.84898335069,47803.292836777444
1011,55701.93018443782,8387.312992840856,55701.93018443782,47803.292836777444
1012,60308.006151391986,9404.1235194984,60308.006151391986,47803.292836777444
1013,54570.72970298408,7026.805946545797,54570.72970298408,47803.292836777444
1014,54119.19692676264,7150.954446253151,54119.19692676264,47803.292836777444
1015,56691.020367819896,7037.311323772873,56691.020367819896,47803.292836777444
1016,55121.70860177374,7871.24120654167,55121.70860177374,47803.292836777444
1017,56894.133422118924,9214.948161240782,56894.133422118924,47803.292836777444
1018,53032.411189814404,6208.365862795811,53032.411189814404,47803.292836777444
1019,55060.98057687379,8347.00033095648,55060.98057687379,47803.292836777444
1020,57429.24133312254,8527.526894302162,57429.24133312254,47803.292836777444
1021,54201.78344002166,6918.079250245928,54201.78344002166,47803.292836777444
1022,58782.64306344594,7688.265709523728,58782.64306344594,47803.292836777444
1023,55334.88421770546,7058.165799077334,55334.88421770546,47803.292836777444
1024,57061.09028331053,8408.892228059582,57061.09028331053,47803.292836777444
1025,52185.82865399924,6128.149507509415,52185.82865399924,47803.292836777444
1026,51641.42768754141,6147.748389184627,51641.42768754141,47803.292836777444
1027,58718.495379928325,9260.426583706565,58718.495379928325,47803.292836777444
1028,53002.00155808862,7003.4997368909335,53002.00155808862,47803.292836777444
1029,56239.05944208383,9047.12115086699,56239.05944208383,47513.89150688133
1030,53280.68038984934,6964.298185968315,53280.68038984934,47513.89150688133
1031,53457.39413714964,7940.792825764302,53457.39413714964,47513.89150688133
1032,59673.14348465814,9316.203213849705,59673.14348465814,47513.89150688133
1033,57175.13230543332,8601.642381599671,57175.13230543332,47513.89150688133
1034,59172.593206749254,8505.051787592976,59172.593206749254,47513.89150688133
1035,57116.29437163656,9092.571822681557,57116.29437163656,47513.89150688133
1036,53575.930545303505,7608.990406766969,53575.930545303505,47513.89150688133
1037,56576.809293577215,8455.357826513298,56576.809293577215,47513.89150688133
1038,55680.89586314759,7761.019824474226,55680.89586314759,47513.89150688133
1039,55854.02975384812,6995.611331756457,55854.02975384812,47513.89150688133
1040,61662.04810512594,10643.11813700452,61662.04810512594,47513.89150688133
1041,56511.3396849784,9278.00625608207,56511.3396849784,47513.89150688133
1042,55848.418680870105,8502.682623404318,55848.418680870105,47513.89150688133
1043,52849.85685971541,7028.015694744072,52849.85685971541,47513.89150688133
1044,57059.88461285755,7943.339383999538,57059.88461285755,47513.89150688133
1045,55986.72435463684,7741.26512828193,55986.72435463684,47513.89150688133
1046,57068.87437372523,7812.240738871759,57068.87437372523,47513.89150688133
1047,56098.19432875611,8576.625289531768,56098.19432875611,47513.89150688133
1048,56503.21169664334,8440.306516350183,56503.21169664334,47513.89150688133
1049,58042.15383327649,9299.381039144228,58042.15383327649,47513.89150688133
1050,59008.276365456535,10593.138233460255,59008.276365456535,47513.89150688133
1051,53833.58689115984,7176.641476018497,53833.58689115984,47513.89150688133
1052,53621.32803574253,7846.259823676785,53621.32803574253,47513.89150688133
1053,60819.20267910503,9975.014766872273,60819.20267910503,47513.89150688133
1054,56228.10246249179,8446.762597796787,56228.10246249179,47513.89150688133
1055,59866.32175183026,9218.092970736176,59866.32175183026,47513.89150688133
1056,56689.121234834405,8419.325520661168,56689.121234834405,47513.89150688133
1057,56860.4121661286,9324.650827578016,56860.4121661286,47513.89150688133
1058,55184.22136028493,7805.589124726357,55184.22136028493,47513.89150688133
1059,58676.111416602136,9156.436760760866,58676.111416602136,47513.89150688133
1060,52207.3006246206,6469.046192303487,52207.3006246206,47513.89150688133
1061,59051.67785018919,9894.80460905212,59051.67785018919,47513.89150688133
1062,54475.20442602347,7738.127286277963,54475.20442602347,47513.89150688133
1063,56055.24309275,8381.959998980868,56055.24309275,47513.89150688133
1064,58728.21215644506,9224.234024450232,58728.21215644506,47513.89150688133
1065,55141.54139332623,8560.61723645519,55141.54139332623,47513.89150688133
1066,56041.40470794522,8459.112649266452,56041.40470794522,47513.89150688133
1067,58785.18390059289,9164.577910771386,58785.18390059289,47513.89150688133
1068,60310.64466622895,8442.594445387156,60310.64466622895,47513.89150688133
1069,55700.95144448298,8732.356571235188,55700.95144448298,47513.89150688133
1070,52459.017171083964,6272.184161551146,52459.017171083964,47513.89150688133
1071,56995.86178874985,8431.840236692771,56995.86178874985,47513.89150688133
1072,49878.736643873606,4991.491857193103,49878.736643873606,47513.89150688133
1073,53871.83922058747,7118.764206049536,53871.83922058747,47513.89150688133
1074,51264.961562938144,5483.329257573622,51264.961562938144,47513.89150688133
1075,56550.21589637276,7719.574778675352,56550.21589637276,47513.89150688133
1076,56145.617521306245,8487.177220375603,56145.617521306245,47513.89150688133
1077,60253.45607674601,9334.214963216577,60253.45607674601,47513.89150688133
1078,54759.19063275839,7259.311635744525,54759.19063275839,47513.89150688133
1079,59329.40858237383,9233.810793700013,59329.40858237383,47513.89150688133
1080,52572.25669504072,7015.4906845723335,52572.25669504072,47513.89150688133
1081,56546.772057402064,8480.574644700104,56546.772057402064,47513.89150688133
1082,52434.4345301775,6985.873673210173,52434.4345301775,47513.89150688133
1083,62938.39433221081,10634.183226175797,62938.39433221081,47513.89150688133
1084,56159.25122699702,7660.703377755892,56159.25122699702,47513.89150688133
1085,55160.57779340999,7614.551381406032,55160.57779340999,47513.89150688133
1086,55979.30581725362,8480.129192715673,55979.30581725362,47513.89150688133
1087,54431.231111090085,7171.784535638816,54431.231111090085,47513.89150688133
1088,54686.99745523169,7621.088678073924,54686.99745523169,47513.89150688133
1089,54570.22788095307,8441.74045632301,54570.22788095307,47513.89150688133
1090,51905.26593493275,6402.066588932425,51905.26593493275,47513.89150688133
1091,53333.45836615587,7842.094818255857,53333.45836615587,47513.89150688133
1092,53387.75108475915,7012.124074728417,53387.75108475915,47513.89150688133
1093,55846.24994229469,7895.155117632213,55846.24994229469,47513.89150688133
1094,58086.896896388746,8462.705221530821,58086.896896388746,47513.89150688133
1095,54519.40093647815,7755.359278277678,54519.40093647815,47513.89150688133
1096,53703.25338124961,7855.783093214205,53703.25338124961,47513.89150688133
1097,53729.43011632562,7156.777692470651,53729.43011632562,47513.89150688133
1098,57530.09565828824,9847.86669041667,57530.09565828824,47513.89150688133
1099,54495.300473528354,7645.077570568462,54495.300473528354,47513.89150688133
1100,57391.794777168354,9245.65012684064,57391.794777168354,47513.89150688133
1101,55351.99150645345,7927.316582451915,55351.99150645345,47513.89150688133
1102,51905.35489527729,6276.898580537361,51905.35489527729,47513.89150688133
1103,54208.96298493103,7951.130188143501,54208.96298493103,47513.89150688133
1104,55110.725015282536,8544.146224687445,55110.725015282536,47513.89150688133
1105,55034.38197004545,7837.838072809446,55034.38197004545,47513.89150688133
1106,55538.79932558441,7847.286838251884,55538.79932558441,47513.89150688133
1107,55709.03985092477,8426.804040221275,55709.03985092477,47513.89150688133
1108,58624.30929650295,7778.217998187189,58624.30929650295,47513.89150688133
1109,53986.63416802926,6978.924569638008,53986.63416802926,47501.445918383564
1110,55033.57041048827,8235.853392349065,55033.57041048827,47501.445918383564
1111,56849.87054039074,9788.656708961673,56849.87054039074,47501.445918383564
1112,57058.6418802366,7831.241049896926,57058.6418802366,47501.445918383564
1113,55717.82176887096,8446.759883016284,55717.82176887096,47501.445918383564
1114,54478.02839002756,8431.55636908442,54478.02839002756,47501.445918383564
1115,57072.696816943004,9057.476346816511,57072.696816943004,47501.445918383564
1116,57941.534713161745,7918.433927448221,57941.534713161745,47501.445918383564
1117,56693.34467484328,8559.066067023485,56693.34467484328,47501.445918383564
1118,53464.58009684455,6164.051689327769,53464.58009684455,47501.445918383564
1119,54007.27804363189,7126.113722175098,54007.27804363189,47501.445918383564
1120,57010.135014666055,8460.99729989361,57010.135014666055,47501.445918383564
1121,60501.81298106383,10034.762881884064,60501.81298106383,47501.445918383564
1122,53136.92981504397,7060.389535330898,53136.92981504397,47501.445918383564
1123,55126.29174286088,7688.272930874124,55126.29174286088,47501.445918383564
1124,55948.68457799058,7782.237540260775,55948.68457799058,47501.445918383564
1125,52458.27207933496,7041.983626114064,52458.27207933496,47501.445918383564
1126,55170.55676477189,8349.06836360989,55170.55676477189,47501.445918383564
1127,53073.31554592898,7006.992917198841,53073.31554592898,47501.445918383564
1128,53336.03164400494,7669.290091640383,53336.03164400494,47501.445918383564
1129,56948.66130824016,7829.820244600644,56948.66130824016,47501.445918383564
1130,55934.79892530859,8369.357905156523,55934.79892530859,47501.445918383564
1131,51314.17675172286,5764.689211049737,51314.17675172286,47501.445918383564
1132,53538.422281779334,6975.197454510724,53538.422281779334,47501.445918383564
1133,54913.67021191718,7776.830646776713,54913.67021191718,47501.445918383564
1134,51918.79396140769,6230.353813039168,51918.79396140769,47501.445918383564
1135,53953.02563201758,7047.857368917517,53953.02563201758,47501.445918383564
1136,56636.703293609506,8481.36141230212,56636.703293609506,47501.445918383564
1137,54701.18646655722,7844.717053898191,54701.18646655722,47501.445918383564
1138,56062.2397806927,7822.1171353076625,56062.2397806927,47501.445918383564
1139,52362.58463655645,6924.549398011494,52362.58463655645,47501.445918383564
1140,61643.431087757635,9954.463527084861,61643.431087757635,47501.445918383564
1141,54459.174580779356,6882.376957961345,54459.174580779356,47501.445918383564
1142,54976.3598819433,7794.869202569976,54976.3598819433,47501.445918383564
1143,60356.40951017389,8702.164647744507,60356.40951017389,47501.445918383564
1144,58477.714788154524,10497.940200799812,58477.714788154524,47501.445918383564
1145,58335.12409152325,9323.862316077155,58335.12409152325,47501.445918383564
1146,54523.69426076043,8373.45937705711,54523.69426076043,47429.01319395548
1147,57005.58057065388,9133.274211796477,57005.58057065388,47429.01319395548
1148,56972.92380015641,8412.748127072246,56972.92380015641,47429.01319395548
1149,53726.60363438361,7080.563429465461,53726.60363438361,47429.01319395548
1150,53571.81885894101,7081.528160532389,53571.81885894101,47429.01319395548
1151,56703.862463488884,8517.523581735364,56703.862463488884,47429.01319395548
1152,54135.955306300755,7823.118420001701,54135.955306300755,47429.01319395548
1153,55019.281373029095,8329.971984868866,55019.281373029095,47429.01319395548
1154,55692.32139856742,9095.881346052414,55692.32139856742,47429.01319395548
1155,55962.118755613614,8345.138878713859,55962.118755613614,47429.01319395548
1156,52684.65137277774,6968.968980452335,52684.65137277774,47429.01319395548
1157,54802.86054707699,7827.692026353272,54802.86054707699,47429.01319395548
1158,55787.912057520356,6934.335742137657,55787.912057520356,47429.01319395548
1159,53638.824429693675,7109.9238982692605,53638.824429693675,47429.01319395548
1160,60520.45843184677,10636.19139389168,60520.45843184677,47429.01319395548
1161,56469.45525804886,9192.073322779257,56469.45525804886,47429.01319395548
1162,55169.64256964529,8366.203765402814,55169.64256964529,47429.01319395548
1163,54650.42783723818,6986.400570499903,54650.42783723818,47429.01319395548
1164,53829.97503637812,7102.0792775988175,53829.97503637812,47429.01319395548
1165,50793.79124237565,5648.635472117918,50793.79124237565,47429.01319395548
1166,54033.363134903266,7618.779890916003,54033.363134903266,47429.01319395548
1167,56918.34250778329,8436.543918296291,56918.34250778329,47429.01319395548
1168,52886.95788266159,7053.111401334534,52886.95788266159,47429.01319395548
1169,54558.0382204053,7646.481698784567,54558.0382204053,47429.01319395548
1170,54896.48902254909,8381.584978023724,54896.48902254909,47429.01319395548
1171,54924.62488377227,7839.807222239504,54924.62488377227,47429.01319395548
1172,56255.14003053268,8533.432771839813,56255.14003053268,47429.01319395548
1173,58074.88208320615,9888.10598092149,58074.88208320615,47429.01319395548
1174,53187.923787862026,6987.836876635661,53187.923787862026,47429.01319395548
1175,53916.07996465167,7063.027162448311,53916.07996465167,47429.01319395548
1176,57190.5514737953,9136.421832534015,57190.5514737953,47429.01319395548
1177,57440.796354516424,8511.07635981478,57440.796354516424,47429.01319395548
1178,54644.70059550074,7753.718792836834,54644.70059550074,47429.01319395548
1179,54376.55266013765,8476.06434462948,54376.55266013765,47429.01319395548
1180,55002.29211500743,6941.37317913062,55002.29211500743,47429.01319395548
1181,53500.47362069467,7726.4861967511415,53500.47362069467,47429.01319395548
1182,55666.2317904428,7740.076543421036,55666.2317904428,47429.01319395548
1183,53697.83048596418,6954.5283077459535,53697.83048596418,47429.01319395548
1184,60052.85916263168,9889.660700402592,60052.85916263168,47429.01319395548
1185,54295.187968928,7804.119133684985,54295.187968928,47429.01319395548
1186,54743.03003869597,7642.1949234702115,54743.03003869597,47429.01319395548
1187,54802.33602161672,8378.903089890671,54802.33602161672,47429.01319395548
1188,57622.90155670788,7185.009686467223,57622.90155670788,47429.01319395548
1189,56540.12056515897,7786.075578147031,56540.12056515897,47429.01319395548
1190,57081.435415119166,8476.663317969558,57081.435415119166,47429.01319395548
1191,59067.24470747332,9873.663196374437,59067.24470747332,47429.01319395548
1192,54361.52986920117,7065.027011069185,54361.52986920117,47429.01319395548
1193,57824.09577422911,9199.74465966791,57824.09577422911,47429.01319395548
1194,54371.24719130155,7719.180783937986,54371.24719130155,47429.01319395548
1195,59308.19675986421,9207.785252476035,59308.19675986421,47429.01319395548
1196,54150.185289287605,7150.566150835477,54150.185289287605,47429.01319395548
1197,56931.550555998794,8573.825961714272,56931.550555998794,47429.01319395548
1198,57884.081042376696,9245.336635483076,57884.081042376696,47429.01319395548
1199,51683.04153133043,6313.5865650759915,51683.04153133043,47429.01319395548
1200,58624.364693361546,9416.454943285169,58624.364693361546,47429.01319395548
1201,62226.50189836585,10650.177881211008,62226.50189836585,47429.01319395548
1202,54184.19027300518,7017.835117916175,54184.19027300518,47429.01319395548
1203,54595.769249861754,7046.021028263587,54595.769249861754,47429.01319395548
1204,57873.82949773711,9790.780389539177,57873.82949773711,47429.01319395548
1205,54653.26833797202,7690.588548695918,54653.26833797202,47429.01319395548
1206,54117.8078599446,8371.381679129901,54117.8078599446,47429.01319395548
1207,57736.196276810384,8400.00758643373,57736.196276810384,47429.01319395548
1208,58078.308690597245,9266.20689420561,58078.308690597245,47429.01319395548
1209,51311.78427317191,5501.906244817842,51311.78427317191,47429.01319395548
1210,55806.981637492136,7979.8965075479455,55806.981637492136,47429.01319395548
1211,56430.551405170954,7841.982894139501,56430.551405170954,47429.01319395548
1212,59967.83578701904,10687.138583600132,59967.83578701904,47429.01319395548
1213,58360.99153553891,8430.736366017862,58360.99153553891,47429.01319395548
1214,56978.935905906976,8428.370609707195,56978.935905906976,47429.01319395548
1215,58651.019568880765,7695.653622883736,58651.019568880765,47429.01319395548
1216,54976.745672069956,8359.136328250966,54976.745672069956,47429.01319395548
1217,56697.62488657232,9264.21484292165,56697.62488657232,47429.01319395548
1218,60167.55261743594,9896.669859980273,60167.55261743594,47429.01319395548
1219,51941.36204388943,6393.731169728913,51941.36204388943,47429.01319395548
1220,54266.783240040415,7115.921958038389,54266.783240040415,47429.01319395548
1221,56205.729584107685,8369.143735675776,56205.729584107685,47429.01319395548
1222,59033.911085042266,9315.155340692456,59033.911085042266,47429.01319395548
1223,57188.431955576605,8473.396472921338,57188.431955576605,47429.01319395548
1224,55905.21508234482,7712.590810836968,55905.21508234482,47429.01319395548
1225,54382.1025315932,7132.335813036969,54382.1025315932,47429.01319395548
1226,53303.55100860428,7604.958806382796,53303.55100860428,47429.01319395548
1227,53940.59592905245,6880.958316569626,53940.59592905245,47429.01319395548
1228,53532.61624990967,6806.585934880148,53532.61624990967,47429.01319395548
1229,53250.33256758256,6354.754409634779,53250.33256758256,47429.01319395548
1230,55971.1664594107,8979.296965240039,55971.1664594107,47429.01319395548
1231,53563.992167796336,7690.21758418744,53563.992167796336,47429.01319395548
1232,60565.19273534369,9112.311384935818,60565.19273534369,47429.01319395548
1233,55562.761680947406,7819.638597371671,55562.761680947406,47429.01319395548
1234,57143.38352692333,9336.727935273804,57143.38352692333,47429.01319395548
1235,57728.19373789891,9162.614009888941,57728.19373789891,47429.01319395548
1236,52231.91541368606,6962.537728064002,52231.91541368606,47429.01319395548
1237,55679.99688887643,8320.364659631017,55679.99688887643,47429.01319395548
1238,55926.61692613937,9266.683250634851,55926.61692613937,47429.01319395548
1239,53588.70191410588,6915.671119907032,53588.70191410588,47429.01319395548
1240,52364.26068966857,6193.515258740119,52364.26068966857,47429.01319395548
1241,59151.30863915089,10498.85064703474,59151.30863915089,47429.01319395548
1242,57935.292742542246,9273.782479616591,57935.292742542246,47429.01319395548
1243,56988.58646603008,9200.13288027664,56988.58646603008,47429.01319395548
1244,59389.224275898945,9291.024190895776,59389.224275898945,47429.01319395548
1245,55117.222137246325,8384.269058471386,55117.222137246325,47429.01319395548
1246,55643.62938243897,8351.038713639384,55643.62938243897,47429.01319395548
1247,56415.28491280342,7695.268449017019,56415.28491280342,47429.01319395548
1248,56390.134447068114,9130.862641394971,56390.134447068114,47429.01319395548
1249,55611.503585936596,8619.301529505185,55611.503585936596,47429.01319395548
1250,62080.380003371276,10632.59287561706,62080.380003371276,47429.01319395548
1251,57707.909303297696,8902.460848551498,57707.909303297696,47429.01319395548
1252,53875.70904991757,6259.496555781172,53875.70904991757,47429.01319395548
1253,54504.94290584223,6969.104359601256,54504.94290584223,47429.01319395548
1254,57000.32980520218,7769.14968954576,57000.32980520218,47429.01319395548
1255,55651.26813300714,8381.825558691298,55651.26813300714,47429.01319395548
1256,53863.32309387807,7756.080634737338,53863.32309387807,47429.01319395548
1257,52670.58020221649,7201.420224654255,52670.58020221649,47429.01319395548
1258,57585.98144155681,8457.273715927047,57585.98144155681,47429.01319395548
1259,56513.031686267735,8760.321862908839,56513.031686267735,47429.01319395548
1260,55743.685895747876,7664.227894656831,55743.685895747876,47429.01319395548
1261,54837.464375157026,7762.466710170434,54837.464375157026,47429.01319395548
1262,54617.55357261452,7773.0291783071825,54617.55357261452,47429.01319395548
1263,54070.50667734297,7660.321464185026,54070.50667734297,47429.01319395548
1264,57581.13706070163,7834.947810963317,57581.13706070163,47429.01319395548
1265,58766.66155407159,9961.368338525132,58766.66155407159,47429.01319395548
1266,55975.849848812315,6988.8364697822135,55975.849848812315,47429.01319395548
1267,52361.55700497464,6477.266230277172,52361.55700497464,47429.01319395548
1268,56487.92349899294,8447.145128270553,56487.92349899294,47429.01319395548
1269,56888.83689451877,9175.18879560216,56888.83689451877,47429.01319395548
1270,57687.22775869225,9748.833138193115,57687.22775869225,47429.01319395548
1271,54343.43234107569,7551.411387310456,54343.43234107569,47429.01319395548
1272,51688.81837018926,5608.004043192792,51688.81837018926,47429.01319395548
1273,53864.323731373515,7071.139995382578,53864.323731373515,47429.01319395548
1274,54742.15253107471,7064.6869757082695,54742.15253107471,47429.01319395548
1275,55551.11151931771,7684.314539386707,55551.11151931771,47429.01319395548
1276,53805.32800993787,7979.674561858614,53805.32800993787,47429.01319395548
1277,53761.37631896086,7714.009124320348,53761.37631896086,47429.01319395548
1278,56827.95226446177,7703.370923165994,56827.95226446177,47429.01319395548
1279,55679.084421518164,8575.980426404089,55679.084421518164,47429.01319395548
1280,51321.65256284063,6188.751303748927,51321.65256284063,47429.01319395548
1281,57972.39560748666,9196.400419559155,57972.39560748666,47429.01319395548
1282,54634.5304043973,7679.053582331447,54634.5304043973,47429.01319395548
1283,55489.47798385273,7749.31292677477,55489.47798385273,47429.01319395548
1284,51670.49571174943,6341.987536014235,51670.49571174943,47429.01319395548
1285,59080.73956689724,10002.018693785332,59080.73956689724,47429.01319395548
1286,53123.67044470145,7149.712740906344,53123.67044470145,47429.01319395548
1287,54321.95402226009,7019.919914253936,54321.95402226009,47429.01319395548
1288,55586.81248089877,8474.359072103896,55586.81248089877,47429.01319395548
1289,55481.21725439992,8312.7246695084,55481.21725439992,47277.14638353352
1290,54946.921562498144,7738.718024400761,54946.921562498144,47277.14638353352
1291,55459.93425422649,7778.874907099371,55459.93425422649,47277.14638353352
1292,54070.77183990007,7803.21414591064,54070.77183990007,47277.14638353352
1293,56753.156638437686,7809.398147702503,56753.156638437686,47277.14638353352
1294,59677.924265552734,7908.844257843526,59677.924265552734,47277.14638353352
1295,59311.53190900353,8622.746593224314,59311.53190900353,47277.14638353352
1296,55716.86072374803,9219.702140341733,55716.86072374803,47277.14638353352
1297,52306.679017242335,6427.422418041776,52306.679017242335,47277.14638353352
1298,58039.81427444228,8423.286476633635,58039.81427444228,47277.14638353352
1299,58273.18108645731,9291.744726762621,58273.18108645731,47277.14638353352
1300,53014.98170196767,7307.377953680416,53014.98170196767,47277.14638353352
1301,61305.78186961225,9159.604325195829,61305.78186961225,47277.14638353352
1302,52174.50449380134,6319.645033643396,52174.50449380134,47277.14638353352
1303,57270.57025647004,9155.453304600798,57270.57025647004,47277.14638353352
1304,58340.83112947472,9439.783907225383,58340.83112947472,47277.14638353352
1305,52472.149221160056,6220.1754304922415,52472.149221160056,47277.14638353352
1306,55571.48863937487,7850.6318533268495,55571.48863937487,47277.14638353352
1307,57966.77661422182,9206.97591244188,57966.77661422182,47277.14638353352
1308,53312.4081744047,7623.239838690703,53312.4081744047,47277.14638353352
1309,52482.792321274974,7013.623704193003,52482.792321274974,47277.14638353352
1310,60785.77627866271,10704.671700171803,60785.77627866271,47277.14638353352
1311,53646.66319726242,6985.333866211093,53646.66319726242,47277.14638353352
1312,50320.60147929149,5524.898415630032,50320.60147929149,47277.14638353352
1313,53476.11872759754,6335.056089038162,53476.11872759754,47277.14638353352
1314,59726.9062587366,10572.28612203866,59726.9062587366,47277.14638353352
1315,58755.728766206514,11290.68660988242,58755.728766206514,47277.14638353352
1316,57830.73107655302,9761.060150281675,57830.73107655302,47277.14638353352
1317,54614.764719059574,7060.164625002582,54614.764719059574,47277.14638353352
1318,60451.05011371599,10015.728504862102,60451.05011371599,47277.14638353352
1319,56182.562387644764,8569.244587927085,56182.562387644764,47277.14638353352
1320,51531.762409177725,6389.899893790096,51531.762409177725,47277.14638353352
1321,57709.0838105864,8619.582743257972,57709.0838105864,47277.14638353352
1322,61077.14220013464,9988.825793555894,61077.14220013464,47277.14638353352
1323,57326.80381902393,9059.37130289906,57326.80381902393,47277.14638353352
1324,54853.55343964153,7957.6558524737675,54853.55343964153,47277.14638353352
1325,57363.277570658174,8591.453755608414,57363.277570658174,47277.14638353352
1326,56828.054949963276,8464.796721319053,56828.054949963276,47277.14638353352
1327,51745.890132357905,6112.9194003264365,51745.890132357905,47277.14638353352
1328,59851.41863734766,9977.995190147149,59851.41863734766,47277.14638353352
1329,56879.351397653154,8512.657150700814,56879.351397653154,46885.55380073761
1330,54454.617326117164,7659.094433098571,54454.617326117164,46885.55380073761
1331,53744.88637145186,7328.072926747789,53744.88637145186,46885.55380073761
1332,52198.17181221351,6990.302620192515,52198.17181221351,46885.55380073761
1333,58224.56533539627,9238.143915123494,58224.56533539627,46885.55380073761
1334,55010.404287932615,8381.44735689832,55010.404287932615,46885.55380073761
1335,50839.34246375553,6250.956750761809,50839.34246375553,46885.55380073761
1336,57918.73166327386,9274.491478953883,57918.73166327386,46885.55380073761
1337,55119.95595783672,7598.50201175178,55119.95595783672,46885.55380073761
1338,54668.39318606335,7226.415596546758,54668.39318606335,46885.55380073761
1339,54213.43794725642,7515.103380116416,54213.43794725642,46885.55380073761
1340,53154.58283729896,6933.852725116373,53154.58283729896,46885.55380073761
1341,53472.57895264799,7665.57888529115,53472.57895264799,46885.5538007376
1342,55657.91428911038,7622.351114581064,55657.91428911038,46885.5538007376
1343,56039.59815387082,7764.5925936983895,56039.59815387082,46885.5538007376
1344,51777.81395888126,6739.529176485137,51777.81395888126,46885.5538007376
1345,53853.36407378122,6024.339246077956,53853.36407378122,46885.5538007376
1346,56749.892836938714,9951.678361692058,56749.892836938714,46885.5538007376
1347,55352.700968895675,8275.406913633491,55352.700968895675,46885.5538007376
1348,55311.55095889328,8285.529118501416,55311.55095889328,46885.5538007376
1349,54634.79299368076,6835.381793398211,54634.79299368076,46885.5538007376
1350,51930.57080570874,6899.582482727844,51930.57080570874,46885.5538007376
1351,51684.93310210871,6767.582134455064,51684.93310210871,46885.5538007376
1352,58868.20177641788,9706.924239538681,58868.20177641788,46885.5538007376
1353,55335.405057241514,7628.461721432041,55335.405057241514,46885.5538007376
1354,51680.7789012544,6270.168463158871,51680.7789012544,46885.5538007376
1355,58620.403049443186,9700.459781691226,58620.403049443186,46885.5538007376
1356,58251.57267739668,9873.064429925133,58251.57267739668,46885.5538007376
1357,56565.11684857414,7667.095354840249,56565.11684857414,46885.5538007376
1358,55760.78334106548,8160.761254986991,55760.78334106548,46885.5538007376
1359,56845.06249652115,8313.887154124179,56845.06249652115,46885.5538007376
1360,55517.29854338708,8361.047344602046,55517.29854338708,46885.5538007376
1361,53655.749428925104,6718.962198098406,53655.749428925104,46885.5538007376
1362,55741.47705706485,8332.353693769623,55741.47705706485,46885.5538007376
1363,61362.37154517723,9073.968064332184,61362.37154517723,46885.5538007376
1364,50396.97878849696,5354.092648058005,50396.97878849696,46885.5538007376
1365,52322.97021656971,6918.630578974636,52322.97021656971,46885.5538007376
1366,53058.41919950834,6766.081400421173,53058.41919950834,46885.5538007376
1367,53928.47652445204,6762.085490219726,53928.47652445204,46885.5538007376
1368,52090.26243427909,6824.742620426921,52090.26243427909,46885.5538007376
1369,55906.23494166,7682.585941731729,55906.23494166,46885.5538007376
1370,54548.488088373735,8295.492262887854,54548.488088373735,46885.5538007376
1371,54553.33162657734,7572.498630908854,54553.33162657734,46885.553800737594
1372,55351.19975996122,8217.7841114958,55351.19975996122,46885.553800737594
1373,56137.237035487815,8219.832924752865,56137.237035487815,46885.553800737594
1374,53149.076809485545,7581.867340840225,53149.076809485545,46885.553800737594
1375,56157.471045284954,8233.598468722548,56157.471045284954,46885.553800737594
1376,57130.85559831369,6916.617078621426,57130.85559831369,46885.553800737594
1377,56634.44172285548,8303.296209271652,56634.44172285548,46885.553800737594
1378,59644.351944847396,9010.581108020331,59644.351944847396,46885.553800737594
1379,52903.750494767,7621.766809440184,52903.750494767,46885.553800737594
1380,55708.14223729278,8319.492265303856,55708.14223729278,46885.553800737594
1381,55972.87376678809,8281.039923912507,55972.87376678809,46885.553800737594
1382,53705.63316076064,6896.454849486069,53705.63316076064,46885.553800737594
1383,55682.88037620399,7554.185961720333,55682.88037620399,46885.553800737594
1384,53559.75810507268,7570.69937540743,53559.75810507268,46885.553800737594
1385,50774.46576915969,6062.092850422074,50774.46576915969,46885.553800737594
1386,55921.07913028711,9211.82644008432,55921.07913028711,46885.553800737594
1387,50936.84044633265,5614.522420717047,50936.84044633265,46885.553800737594
1388,56557.35494475899,7488.007239524241,56557.35494475899,46885.553800737594
1389,54499.21243133487,8430.665719257293,54499.21243133487,46885.553800737594
1390,55205.93220712747,7606.100045426589,55205.93220712747,46885.553800737594
1391,55429.38528444036,9047.510517253624,55429.38528444036,46885.553800737594
1392,56987.56367934133,9628.792720382518,56987.56367934133,46885.553800737594
1393,55540.63331900015,7584.972268262929,55540.63331900015,46885.553800737594
1394,52360.53004731374,6854.6610877975545,52360.53004731374,46885.553800737594
1395,53535.69292737522,7590.58559136764,53535.69292737522,46885.553800737594
1396,54486.86916318543,6743.985048446298,54486.86916318543,46885.553800737594
1397,54196.78666317441,8303.690225301147,54196.78666317441,46885.553800737594
1398,56359.7065735287,8140.554763511873,56359.7065735287,46885.553800737594
1399,51805.519864882306,6914.967278345692,51805.519864882306,46885.553800737594
1400,53755.08156840338,8193.675578687202,53755.08156840338,46885.553800737594
1401,52425.38653380576,5998.396720512104,52425.38653380576,46885.553800737594
1402,56751.73429216173,8308.548166967206,56751.73429216173,46885.553800737594
1403,54352.46659449907,7615.282838644615,54352.46659449907,46885.553800737594
1404,54228.48801640015,7747.9945422216315,54228.48801640015,46885.553800737594
1405,56934.66920329087,9043.122277559207,56934.66920329087,46885.553800737594
1406,57603.65840544916,9856.440690319287,57603.65840544916,46885.553800737594
1407,53511.40961518193,6779.436995181115,53511.40961518193,46885.553800737594
1408,56551.4371384314,8995.818487440885,56551.4371384314,46885.553800737594
1409,53992.62341028372,6854.923620211557,53992.62341028372,46885.553800737594
1410,50998.27892856785,6224.088960148445,50998.27892856785,46885.553800737594
1411,53008.54216698817,6689.557384808824,53008.54216698817,46885.553800737594
1412,53656.48887684902,6987.931677423953,53656.48887684902,46885.553800737594
1413,55507.92184699456,9020.235207610529,55507.92184699456,46885.553800737594
1414,57054.06457385925,8369.203706245728,57054.06457385925,46885.553800737594
1415,51129.386276253885,5285.1767206998775,51129.386276253885,46885.553800737594
1416,55541.592425391,8370.948994625767,55541.592425391,46885.553800737594
1417,57733.50199001083,9878.544575425321,57733.50199001083,46885.553800737594
1418,54350.30575564969,7718.162170087589,54350.30575564969,46885.553800737594
1419,53971.80095152698,7674.989072466837,53971.80095152698,46885.553800737594
1420,52410.93565580689,6780.134848217664,52410.93565580689,46885.553800737594
1421,54427.874266569015,7447.31054471715,54427.874266569015,46885.553800737594
1422,52377.67458746777,6110.665130691944,52377.67458746777,46885.553800737594
1423,52637.58690859835,7043.134653635842,52637.58690859835,46885.553800737594
1424,53815.618672197976,8378.240287646113,53815.618672197976,46885.553800737594
1425,55748.18057889801,8259.525753933212,55748.18057889801,46885.553800737594
1426,54180.56586845884,6831.722310628294,54180.56586845884,46885.553800737594
1427,52106.27236556959,6903.317995022857,52106.27236556959,46885.553800737594
1428,54747.845110498565,7674.246763047602,54747.845110498565,46885.553800737594
1429,55850.17038146919,8311.576644356619,55850.17038146919,46885.553800737594
1430,54570.45475594244,8173.762384913374,54570.45475594244,46885.553800737594
1431,53012.71166543085,7555.552426501112,53012.71166543085,46885.553800737594
1432,51762.00092622831,6828.827931804293,51762.00092622831,46885.553800737594
1433,55057.23061146449,7729.620680800834,55057.23061146449,46885.553800737594
1434,57491.4725243944,9092.805277804411,57491.4725243944,46885.553800737594
1435,51904.14153266025,6709.094969422389,51904.14153266025,46885.553800737594
1436,57426.855577376184,8978.964702738009,57426.855577376184,46885.553800737594
1437,51242.39822294945,5952.32393248027,51242.39822294945,46885.553800737594
1438,54632.22748146327,7742.438758242429,54632.22748146327,46885.553800737594
1439,54221.83055922373,7616.761391480841,54221.83055922373,46885.553800737594
1440,54049.18043773239,8449.912664960102,54049.18043773239,46885.553800737594
1441,51970.63938654234,6068.5230842891415,51970.63938654234,46885.553800737594
1442,53661.68940538636,7723.629258509447,53661.68940538636,46885.553800737594
1443,58890.65736876168,7695.055034158036,58890.65736876168,46885.553800737594
1444,57401.45775829403,9025.124398114882,57401.45775829403,46885.553800737594
1445,54309.082132114665,7996.193168291189,54309.082132114665,46885.553800737594
1446,52348.870807342355,6758.129286508532,52348.870807342355,46885.553800737594
1447,55134.811300125766,7933.6338099113955,55134.811300125766,46885.553800737594
1448,52809.83794100719,6079.618618494534,52809.83794100719,46885.553800737594
1449,56572.28452286697,7746.619805890054,56572.28452286697,46885.553800737594
1450,60474.40467386629,9822.593866989664,60474.40467386629,46885.553800737594
1451,54351.931499045866,7784.232568395129,54351.931499045866,46885.553800737594
1452,53955.7023582656,7657.01156757315,53955.7023582656,46885.553800737594
1453,53569.58140979543,7754.628279200796,53569.58140979543,46885.553800737594
1454,53757.60377353735,7595.0705808026905,53757.60377353735,46885.553800737594
1455,57281.98780519649,9046.97760466119,57281.98780519649,46885.553800737594
1456,55988.16657573839,8465.679302529883,55988.16657573839,46885.553800737594
1457,56296.42874443925,7468.8278497619485,56296.42874443925,46885.553800737594
1458,56188.74564528609,8324.402526454453,56188.74564528609,46358.25835440587
1459,57669.753767198556,9056.185951532065,57669.753767198556,46358.25835440587
1460,51296.07872235608,6895.849254483221,51296.07872235608,46358.25835440587
1461,54564.16546615768,8212.373155592913,54564.16546615768,46358.25835440587
1462,59279.23764877136,9034.77775549015,59279.23764877136,46358.25835440587
1463,54594.05536106727,8153.419219428559,54594.05536106727,46358.25835440587
1464,54602.03953949486,7552.417384548816,54602.03953949486,46358.25835440587
1465,56300.67194994692,8399.389193294392,56300.67194994692,46358.25835440587
1466,55930.88192983872,9067.767458106864,55930.88192983872,46358.25835440587
1467,52100.13382085452,6951.403727720741,52100.13382085452,46358.25835440587
1468,57954.33226497615,7628.936035936623,57954.33226497615,46358.25835440587
1469,54456.141429880714,7519.75545924869,54456.141429880714,46358.25835440587
1470,55068.16586631606,8219.228573450528,55068.16586631606,46358.25835440587
1471,55674.600286786015,7577.249961536107,55674.600286786015,46358.25835440587
1472,58931.87906771708,10606.0135513435,58931.87906771708,46358.25835440587
1473,53763.48204589798,6878.398491432713,53763.48204589798,46358.25835440587
1474,55223.328864528485,6908.666491160489,55223.328864528485,46358.25835440587
1475,52764.263964698555,7527.856367916822,52764.263964698555,46358.25835440587
1476,55023.10532659791,8191.210550065761,55023.10532659791,46358.25835440587
1477,53760.2881950438,7492.333793179167,53760.2881950438,46358.25835440587
1478,52936.054801483944,7668.087103715161,52936.054801483944,46358.25835440587
1479,53857.41593386696,8376.531483647499,53857.41593386696,46358.25835440587
1480,59717.86813008024,10562.163633716042,59717.86813008024,46358.25835440587
1481,56761.74606613186,7748.744424354774,56761.74606613186,46358.25835440587
1482,55667.47307387425,8142.739566038978,55667.47307387425,46358.25835440587
1483,56086.08708008685,9030.74912479675,56086.08708008685,46358.25835440587
1484,50972.49670660368,6016.63209508803,50972.49670660368,46358.25835440587
1485,51725.87367404062,6195.118636535054,51725.87367404062,46358.25835440587
1486,54495.519918304555,7641.962241938745,54495.519918304555,46358.25835440587
1487,58179.16293430816,9073.623672474063,58179.16293430816,46358.25835440587
1488,57207.558926673046,8317.084975355294,57207.558926673046,46358.25835440587
1489,56241.52788564658,9838.792742174917,56241.52788564658,46358.25835440587
1490,50992.17242213724,6080.0184993568355,50992.17242213724,46358.25835440587
1491,50463.7422067405,6000.225272820879,50463.7422067405,46358.25835440587
1492,51445.4674675219,6155.742823870028,51445.4674675219,46358.25835440587
1493,51498.58179822944,6845.147606046766,51498.58179822944,46358.25835440587
1494,55669.94766498516,8245.888027985962,55669.94766498516,46358.25835440587
1495,52554.113402353585,7755.954645502383,52554.113402353585,46358.25835440587
1496,51472.6386422646,6099.689668164479,51472.6386422646,46358.25835440587
1497,54266.42087678319,8096.180208977292,54266.42087678319,46358.25835440587
1498,53729.852078901386,6877.100341584779,53729.852078901386,46358.25835440587
1499,53616.33291835609,7564.887179006706,53616.33291835609,46358.25835440587
