,per_it_avg_total_length,per_it_avg_max_path_length,per_it_avg_fitness,per_it_best_fitness
0,60014.07434343343,6026.237850408422,60014.07434343343,56893.709341777445
1,57873.50209981362,6282.521132867276,57873.50209981362,56456.535338116926
2,56582.13930275607,5216.252678022118,56582.13930275607,56166.40844320397
3,56169.146237494984,5204.99541597186,56169.146237494984,55640.53361990637
4,56767.55645940198,5930.527139553689,56767.55645940198,55303.81715805668
5,55210.12313774416,5179.050744438477,55210.12313774416,54262.755163889546
6,54188.7638426645,5204.99541597186,54188.7638426645,53399.751739145875
7,53457.623550127246,5204.99541597186,53457.623550127246,53399.75173914587
8,53466.983388790824,5204.99541597186,53466.983388790824,53399.75173914587
9,53445.285244757,5204.99541597186,53445.285244757,53153.94909009186
10,53236.784601082945,5245.61147176421,53236.784601082945,53153.94909009186
11,53130.60978840628,5204.99541597186,53130.60978840628,52915.72103985858
12,54130.543093475375,5940.303282797495,54130.543093475375,52915.72103985858
13,52854.51946262577,5204.99541597186,52854.51946262577,52404.42940555813
14,52551.020293563975,5274.816963599004,52551.020293563975,52145.369382582576
15,53377.5798911345,6277.280637292463,53377.5798911345,52145.369382582576
16,52195.078421791855,5596.227721191674,52195.078421791855,51763.50327984957
17,51975.12987195751,5539.765791736238,51975.12987195751,50791.15843863688
18,50963.4970066881,5031.608426637306,50963.4970066881,50791.15843863688
19,50791.15843863688,5031.608426637306,50791.15843863688,50791.15843863688
20,50775.980640293565,5002.95195167577,50775.980640293565,50504.59368902152
21,50638.259275043354,4817.2435834562875,50638.259275043354,49856.493165513115
22,50146.94544674413,4806.097955993938,50146.94544674413,49856.493165513115
23,51015.56264931383,5518.209417131789,51015.56264931383,49856.493165513115
24,49886.799267145514,4745.043677021951,49886.799267145514,49856.493165513115
25,49912.292193898684,4732.927597317654,49912.292193898684,49856.49316551311
26,50018.6392849781,4671.798635973855,50018.6392849781,49672.43208380181
27,49618.926826989446,4623.882879978986,49618.926826989446,49197.53115229142
28,50353.7404899717,5335.427067756601,50353.7404899717,49197.53115229142
29,49338.4774373206,4623.882879978986,49338.4774373206,49021.37918877709
30,49089.95044018383,4623.882879978986,49089.95044018383,49021.379188777086
31,49021.37918877708,4623.882879978986,49021.37918877708,49021.379188777086
32,51252.345437793774,5423.450999095614,51252.345437793774,49021.379188777086
33,50147.71953113953,5389.234499508762,50147.71953113953,49021.379188777086
34,49039.55189578449,4623.882879978986,49039.55189578449,48949.13212100141
35,48959.37110458351,4623.882879978986,48959.37110458351,48949.13212100141
36,48970.23508104071,4623.882879978986,48970.23508104071,48949.13212100141
37,49129.18601220192,4741.440577908573,49129.18601220192,48741.53654818927
38,48765.07673094696,4623.882879978986,48765.07673094696,48302.87371431248
39,49439.482390076766,5230.559288000505,49439.482390076766,48302.873714312474
40,48322.84235228054,4678.254565536185,48322.84235228054,48302.873714312474
41,48305.911975809046,4623.882879978986,48305.911975809046,47983.70244083118
42,49056.41757655409,5414.738460318474,49056.41757655409,47935.12951265322
43,49148.09201246556,5369.851229886216,49148.09201246556,47935.12951265321
44,48078.69310774152,4623.882879978986,48078.69310774152,47935.129512653206
45,48034.46962235039,4623.882879978986,48034.46962235039,47935.129512653206
46,49165.63290548076,5366.324312965872,49165.63290548076,47935.129512653206
47,51406.81025093667,6070.74717961671,51406.81025093667,47717.11133680139
48,47709.82898942406,4453.746559950409,47709.82898942406,47644.287863028076
49,49302.27823637855,5158.471256700967,49302.27823637855,47644.28786302807
50,47812.1861376414,4440.024870491621,47812.1861376414,47644.28786302807
51,47712.69614060815,4405.8647041271615,47712.69614060815,47644.28786302807
52,49812.28583472407,6116.472871790822,49812.28583472407,47644.28786302807
53,47668.19379704393,4349.650955324895,47668.19379704393,47644.28786302806
54,48794.22261949669,5149.414571863175,48794.22261949669,47644.28786302806
55,47858.51270178573,4417.5708422105645,47858.51270178573,47644.28786302806
56,47765.76185060184,4452.755938830023,47765.76185060184,47644.28786302806
57,47684.40235459788,4405.8647041271615,47684.40235459788,47644.28786302806
58,47676.398317391344,4405.8647041271615,47676.398317391344,47644.28786302806
59,47716.09474020732,4405.8647041271615,47716.09474020732,47406.05981279479
60,47531.03077308643,4447.043730633186,47531.03077308643,47406.05981279479
61,47534.57576626365,4405.8647041271615,47534.57576626365,47388.084869846
62,47534.95627861949,4333.347104681418,47534.95627861949,47388.084869846
63,47541.28419372607,4529.144172584038,47541.28419372607,47363.19514933125
64,49909.85042831414,5876.105368408345,49909.85042831414,47363.19514933125
65,48614.69832440566,5010.00888366865,48614.69832440566,47363.19514933125
66,47410.99769569406,4405.8647041271615,47410.99769569406,47363.19514933125
67,47775.775132196875,4442.001002418109,47775.775132196875,47363.19514933125
68,47389.55439832874,4405.8647041271615,47389.55439832874,47363.19514933125
69,47386.842232642324,4405.8647041271615,47386.842232642324,47188.95503884129
70,49547.36988650718,5823.799197042972,49547.36988650718,47188.95503884129
71,48456.419409807015,5214.174082194197,48456.419409807015,47188.95503884129
72,48338.1416761755,5062.677370337817,48338.1416761755,47188.95503884129
73,47262.341950798516,4405.8647041271615,47262.341950798516,47188.95503884129
74,48395.679817545824,5264.675096378819,48395.679817545824,47188.95503884129
75,47346.70932898086,4405.8647041271615,47346.70932898086,47188.95503884129
76,47331.31914976961,4405.8647041271615,47331.31914976961,47062.57688651765
77,47124.208445938086,4405.8647041271615,47124.208445938086,46981.45509619423
78,47186.17503039462,4419.184794847486,47186.17503039462,46981.45509619423
79,48063.43610786859,5179.886910273631,48063.43610786859,46981.45509619422
80,47039.434451192246,4405.8647041271615,47039.434451192246,46959.483321767024
81,47357.113987862984,4535.814084141219,47357.113987862984,46959.483321767024
82,48163.74208056384,5171.164238097643,48163.74208056384,46959.483321767024
83,48074.33042630221,5134.397450123024,48074.33042630221,46878.24084551757
84,48246.565635000625,5107.338775665761,48246.565635000625,46878.24084551757
85,47025.96545562481,4405.8647041271615,47025.96545562481,46878.24084551757
86,46938.62654132367,4405.8647041271615,46938.62654132367,46878.24084551757
87,47962.53917288171,5200.937982091628,47962.53917288171,46878.24084551757
88,47082.06018242462,4405.8647041271615,47082.06018242462,46878.24084551756
89,46876.172807008305,4432.438645366257,46876.172807008305,46506.91482735719
90,47744.95060584729,5231.221188163466,47744.95060584729,45920.54543807469
91,48135.52553932213,6467.330801370996,48135.52553932213,45920.54543807469
92,46956.06992474932,5496.621516404046,46956.06992474932,45920.54543807469
93,45920.545438074696,4795.706848105132,45920.545438074696,45920.54543807469
94,46035.42458366196,4673.385496376798,46035.42458366196,45920.54543807469
95,46003.54651140571,4855.748912251231,46003.54651140571,45920.54543807469
96,45982.038936222394,4795.706848105132,45982.038936222394,45920.54543807468
97,46183.57914465438,4760.2190337722295,46183.57914465438,45833.91087936262
98,49094.19611105847,6951.295591781474,49094.19611105847,45833.91087936262
99,45986.10111554392,4795.706848105132,45986.10111554392,45833.91087936262
100,46123.558767015056,4795.706848105132,46123.558767015056,45833.91087936262
101,46898.38878684308,5391.733482332807,46898.38878684308,45833.91087936262
102,46012.10825810607,4795.706848105132,46012.10825810607,45597.7770051986
103,45745.99393908532,4776.703375840085,45745.99393908532,45597.7770051986
104,45667.601951818695,4813.422507987432,45667.601951818695,45597.7770051986
105,45911.90007030384,4881.042379049218,45911.90007030384,45597.7770051986
106,45745.68573746643,4795.706848105132,45745.68573746643,45416.81367389914
107,45700.92930658948,4795.706848105132,45700.92930658948,45416.81367389914
108,45565.16677529175,4795.706848105132,45565.16677529175,45327.117545515495
109,45509.573149347874,4795.706848105132,45509.573149347874,45327.117545515495
110,45448.36091606509,4795.706848105132,45448.36091606509,45327.117545515495
111,46478.78053028233,5501.833673775445,46478.78053028233,45115.182063287866
112,45337.89798236662,4795.706848105132,45337.89798236662,45115.182063287866
113,45115.182063287866,4795.706848105132,45115.182063287866,45115.182063287866
114,45323.03646787528,4795.706848105132,45323.03646787528,45115.182063287866
115,46364.31313389962,5505.911066019129,46364.31313389962,45115.182063287866
116,46377.74557520453,5516.17721283738,46377.74557520453,45115.182063287866
117,45213.25982634619,4795.706848105132,45213.25982634619,45115.182063287866
118,45226.96751076153,4859.655894927138,45226.96751076153,45050.559152012625
119,46462.92586586588,5513.438847616264,46462.92586586588,45050.559152012625
120,45212.76372711979,4795.706848105132,45212.76372711979,45050.559152012625
121,45360.06172263506,4789.7448196948835,45360.06172263506,45013.44858383002
122,46099.59225911371,5338.075226640573,46099.59225911371,45013.44858383002
123,45013.85659751679,4736.086564002649,45013.85659751679,45013.44858383002
124,48488.31752453868,6202.108928457388,48488.31752453868,45013.44858383002
125,45237.80145627224,4736.086564002649,45237.80145627224,44924.4432040971
126,46256.67196067337,5379.726157002331,46256.67196067337,44900.71410054599
127,46237.329954459135,5464.958919901685,46237.329954459135,44874.23794874274
128,45161.13539437063,4736.086564002649,45161.13539437063,44798.247645854266
129,45037.82067783391,4736.086564002649,45037.82067783391,44798.247645854266
130,44798.247645854266,4736.086564002649,44798.247645854266,44798.247645854266
131,44957.85860237953,4736.086564002649,44957.85860237953,44798.247645854266
132,45025.5541036699,4736.086564002649,45025.5541036699,44798.247645854266
133,44850.42966794869,4758.546681698377,44850.42966794869,44798.247645854266
134,45907.87591435444,5409.42002322729,45907.87591435444,44798.247645854266
135,45012.087841716086,4736.086564002649,45012.087841716086,44798.247645854266
136,46190.091571306155,5509.7721293241875,46190.091571306155,44798.247645854266
137,44890.73277280398,4736.086564002649,44890.73277280398,44798.247645854266
138,45925.12354087287,5271.299635292655,45925.12354087287,44798.247645854266
139,45889.04404090562,5404.5384495537,45889.04404090562,44798.247645854266
140,46213.89887078139,5618.799469935603,46213.89887078139,44798.247645854266
141,45914.42843369929,5404.5384495537,45914.42843369929,44798.247645854266
142,44917.66096012677,4736.086564002649,44917.66096012677,44798.247645854266
143,44990.270463012625,4643.0785485062715,44990.270463012625,44798.247645854266
144,46923.74883662758,6178.341650829626,46923.74883662758,44504.20260464104
145,44875.62926309217,4659.746502811819,44875.62926309217,44504.20260464104
146,44844.03289657105,4789.674698542103,44844.03289657105,44504.20260464104
147,45612.88706655393,5543.107012739851,45612.88706655393,44504.20260464104
148,44743.93363728492,4703.113242448968,44743.93363728492,44174.46938910424
149,45783.11867815696,5170.590901714418,45783.11867815696,44174.46938910424
150,46478.22871777411,5905.265102638417,46478.22871777411,44174.46938910424
151,44254.81965313313,4406.353348465842,44254.81965313313,44174.46938910424
152,45501.75539436262,5187.620010739765,45501.75539436262,44174.46938910424
153,44766.36164755728,4406.353348465842,44766.36164755728,44174.46938910424
154,44261.60991397266,4434.775814625757,44261.60991397266,44174.46938910424
155,44283.88448864557,4290.722170994201,44283.88448864557,44174.46938910424
156,45281.153729195496,4997.122929605883,45281.153729195496,44174.46938910424
157,44250.883293776285,4406.353348465842,44250.883293776285,44174.46938910424
158,44618.42009528559,4406.353348465842,44618.42009528559,44174.46938910424
159,45404.90491624844,5140.582318565013,45404.90491624844,44174.46938910424
160,45285.25543548206,5215.465104611632,45285.25543548206,44174.46938910424
161,47539.51056850954,6650.65216436654,47539.51056850954,44174.46938910424
162,44452.64448662427,4437.562379830881,44452.64448662427,44174.46938910424
163,47672.72750184742,6605.290315227123,47672.72750184742,44174.46938910424
164,44315.538707019485,4406.353348465842,44315.538707019485,44174.46938910424
165,46458.59413878203,5929.75493747555,46458.59413878203,44174.46938910424
166,45659.091049508876,5112.660129244163,45659.091049508876,44174.46938910424
167,44403.04882522273,4406.353348465842,44403.04882522273,44174.46938910423
168,44426.670611140915,4413.581718920994,44426.670611140915,44174.46938910423
169,44143.16579550221,4406.353348465842,44143.16579550221,43861.433453084006
170,44030.22922529287,4406.353348465842,44030.22922529287,43861.433453084006
171,43955.32381068535,4406.353348465842,43955.32381068535,43861.433453084006
172,43913.46257775165,4406.353348465842,43913.46257775165,43861.433453084006
173,43927.70651944048,4406.353348465842,43927.70651944048,43861.433453084006
174,46215.41742467614,5874.413763826464,46215.41742467614,43861.433453084006
175,44085.154996648445,4406.353348465842,44085.154996648445,43861.433453084006
176,45166.55395203778,5110.639103809307,45166.55395203778,43861.433453084006
177,44066.84292087809,4406.353348465842,44066.84292087809,43861.433453084006
178,45285.195824607305,5078.326084927614,45285.195824607305,43861.433453084006
179,44933.230014560184,5112.660129244163,44933.230014560184,43823.425877463866
180,43891.76590163171,4406.353348465842,43891.76590163171,43823.425877463866
181,43823.42587746387,4340.212970693186,43823.42587746387,43823.425877463866
182,45976.69022109461,5989.612351536785,45976.69022109461,43697.483322126536
183,43843.01487313963,4406.353348465842,43843.01487313963,43697.483322126536
184,45042.17336278067,5129.338915425038,45042.17336278067,43697.483322126536
185,43776.76173457763,4406.353348465842,43776.76173457763,43697.483322126536
186,45176.62264418228,5175.726302186288,45176.62264418228,43697.483322126536
187,43925.79424487312,4406.353348465842,43925.79424487312,43580.258025173105
188,44804.33645082394,5134.837230027837,44804.33645082394,43580.258025173105
189,43758.3597148889,4406.353348465842,43758.3597148889,43580.258025173105
190,44849.068099284326,5107.778555570572,44849.068099284326,43580.258025173105
191,44681.88885933347,5175.726302186287,44681.88885933347,43580.258025173105
192,43841.23908812875,4454.593790714984,43841.23908812875,43580.258025173105
193,43597.811327753225,4406.353348465842,43597.811327753225,43396.70833568705
194,43400.509093249064,4406.353348465842,43400.509093249064,43396.70833568705
195,45989.90342388015,5825.479912346073,45989.90342388015,43196.31140381382
196,44494.82883310724,5190.501971520712,44494.82883310724,43196.31140381382
197,43442.67271899958,4406.353348465842,43442.67271899958,43196.311403813816
198,43231.76887338752,4406.353348465842,43231.76887338752,43196.311403813816
199,44320.89050994236,5254.819416328028,44320.89050994236,43196.311403813816
200,45774.51633027468,5829.752194776716,45774.51633027468,42883.434350958036
201,43049.80104167048,4392.724769277559,43049.80104167048,42883.434350958036
202,43986.964050998264,5147.945387364029,43986.964050998264,42883.434350958036
203,42887.23510852005,4406.353348465842,42887.23510852005,42883.434350958036
204,43247.82883079162,4406.353348465842,43247.82883079162,42883.43435095803
205,43339.91591607792,4493.910310564874,43339.91591607792,42883.43435095803
206,44046.087157745125,5112.660129244163,44046.087157745125,42732.00077781422
207,42732.00077781421,4406.353348465842,42732.00077781421,42732.00077781422
208,42994.834222095626,4565.111688165447,42994.834222095626,42732.00077781422
209,42879.96944856904,4406.353348465842,42879.96944856904,42732.00077781422
210,42732.00077781421,4433.390470686698,42732.00077781421,42732.00077781422
211,42984.72292370879,4268.86817410647,42984.72292370879,42732.00077781422
212,44004.11334730453,5170.966559066462,44004.11334730453,42732.00077781422
213,44191.529512909896,5179.261147251412,44191.529512909896,42732.00077781422
214,42961.7749275997,4406.353348465842,42961.7749275997,42732.00077781422
215,43034.69682731443,4447.342921640872,43034.69682731443,42732.00077781422
216,42966.78550687696,4406.353348465842,42966.78550687696,42732.00077781422
217,44040.7199504267,5175.726302186287,44040.7199504267,42732.00077781422
218,42850.571728389805,4406.353348465842,42850.571728389805,42732.00077781422
219,42913.042470107,4406.353348465842,42913.042470107,42732.00077781422
220,42819.993938112144,4406.353348465842,42819.993938112144,42732.00077781422
221,44009.6942663331,5231.64374228661,44009.6942663331,42732.00077781422
222,44260.66268489807,5101.446255622068,44260.66268489807,42732.00077781422
223,43053.78389941102,4406.353348465842,43053.78389941102,42732.00077781422
224,43238.57368005936,4614.061325254765,43238.57368005936,42732.00077781422
225,43196.61283853685,4406.353348465842,43196.61283853685,42732.00077781422
226,42813.115147646706,4406.353348465842,42813.115147646706,42732.00077781422
227,43067.11679593664,4375.2030601449205,43067.11679593664,42732.00077781422
228,43985.00764893626,5146.44210043374,43985.00764893626,42732.00077781422
229,42780.73905552573,4406.353348465842,42780.73905552573,42732.00077781422
230,44311.55825136115,5220.503664224163,44311.55825136115,42732.00077781422
231,42786.1496269472,4406.353348465842,42786.1496269472,42732.00077781422
232,44080.5999127724,5148.605226614121,44080.5999127724,42516.96482405146
233,42715.745915021165,4406.353348465842,42715.745915021165,42516.96482405146
234,43830.62472141298,5151.331217535632,43830.62472141298,42516.96482405146
235,42666.64227512405,4406.353348465842,42666.64227512405,42516.96482405146
236,43707.35965946967,5133.787325413027,43707.35965946967,42516.96482405146
237,43931.9576471737,5195.558987709055,43931.9576471737,42516.96482405146
238,43708.84940635208,5112.660129244163,43708.84940635208,42516.96482405146
239,42959.59828016533,4406.353348465842,42959.59828016533,42516.96482405146
240,42605.78165229001,4395.774596041505,42605.78165229001,42516.96482405146
241,43581.23533078045,5205.750414752003,43581.23533078045,42516.96482405146
242,43984.5940637597,4993.851353296304,43984.5940637597,42516.96482405146
243,45015.9262078151,5901.572420939347,45015.9262078151,42516.96482405146
244,42657.950963407326,4406.353348465842,42657.950963407326,42516.96482405146
245,42561.96936050996,4406.353348465842,42561.96936050996,42516.96482405146
246,42755.83214578578,4454.015159371372,42755.83214578578,42516.96482405146
247,43659.45587253304,5101.446255622068,43659.45587253304,42516.96482405146
248,42923.477688402556,4406.353348465842,42923.477688402556,42516.96482405146
249,43753.604096796786,5107.827998758812,43753.604096796786,42516.96482405146
250,42771.22688014303,4406.353348465842,42771.22688014303,42516.96482405146
251,44722.86406500993,5975.736206213767,44722.86406500993,42516.96482405146
252,42942.8373266865,4406.353348465842,42942.8373266865,42516.96482405146
253,43803.946893956265,5129.0521084903585,43803.946893956265,42516.96482405146
254,44907.579777823186,5883.8608889995685,44907.579777823186,42516.96482405146
255,42866.14758811958,4425.885923092891,42866.14758811958,42516.96482405146
256,42694.02175476866,4406.353348465842,42694.02175476866,42516.96482405146
257,42735.311863784,4406.353348465842,42735.311863784,42516.96482405146
258,43833.17112103071,5172.868648162369,43833.17112103071,42516.96482405146
259,42828.42673245662,4406.353348465842,42828.42673245662,42516.96482405146
260,43739.883607569165,5232.791504586721,43739.883607569165,42516.96482405146
261,42754.2596029039,4406.353348465842,42754.2596029039,42516.96482405146
262,42583.0902831628,4447.297722045925,42583.0902831628,42516.96482405146
263,42623.55696436528,4409.924688942312,42623.55696436528,42516.96482405146
264,42665.79653522049,4406.353348465842,42665.79653522049,42516.96482405146
265,42690.18406772011,4406.353348465842,42690.18406772011,42516.96482405146
266,48024.008741411715,7407.1771847567015,48024.008741411715,42516.96482405146
267,43725.47448949945,5146.524667055696,43725.47448949945,42366.83950549157
268,44548.91818108675,5571.101078641921,44548.91818108675,42366.83950549157
269,42614.99705389219,4220.182750273505,42614.99705389219,42366.83950549157
270,42385.270054906185,4220.182750273505,42385.270054906185,42366.83950549157
271,42479.68780332744,4220.182750273505,42479.68780332744,42366.83950549157
272,42492.98655631895,4220.182750273505,42492.98655631895,42366.83950549157
273,44903.473534455814,5783.15753186503,44903.473534455814,42366.83950549157
274,44567.211213788636,5715.874881357771,44567.211213788636,42366.83950549157
275,42665.53576095041,4149.160798827261,42665.53576095041,42366.83950549157
276,42513.97117088075,4218.640231089946,42513.97117088075,42366.83950549157
277,43652.7377568955,4922.317181190809,43652.7377568955,42366.83950549157
278,43723.2299484207,4955.211367036082,43723.2299484207,42366.83950549157
279,44735.868778005126,5793.878316355357,44735.868778005126,42366.83950549157
280,42799.2336555042,4233.176602104482,42799.2336555042,42366.83950549157
281,42481.41434193878,4220.182750273505,42481.41434193878,42366.83950549157
282,42521.14476059331,4220.182750273505,42521.14476059331,42366.83950549157
283,43951.68421043303,5019.974557597578,43951.68421043303,42366.83950549157
284,43494.30323957862,5025.123215297378,43494.30323957862,42366.83950549157
285,43488.11541084265,5000.7719444974555,43488.11541084265,42366.83950549157
286,43638.066849977055,5034.686977546701,43638.066849977055,42366.83950549157
287,42646.27586214436,4248.605216433422,42646.27586214436,42366.83950549157
288,42576.40321163563,4220.182750273505,42576.40321163563,42366.83950549157
289,43571.78634432716,4945.106590871061,43571.78634432716,42366.83950549157
290,42420.711713116696,4220.182750273505,42420.711713116696,42366.83950549157
291,42609.73004482619,4220.182750273505,42609.73004482619,42366.83950549157
292,43678.23135423609,5033.009378387843,43678.23135423609,42366.83950549157
293,42559.52773229362,4227.727392544007,42559.52773229362,42222.80609533388
294,42519.14806471772,4220.182750273505,42519.14806471772,42222.80609533388
295,42366.57022845079,4291.686155512938,42366.57022845079,42222.80609533388
296,44485.24131830888,5758.200603134813,44485.24131830888,42222.80609533388
297,44398.6598991597,5653.93498417293,44398.6598991597,42222.80609533388
298,43683.26259799242,4945.20056870442,43683.26259799242,42222.80609533388
299,43496.99440386881,4967.800315781953,43496.99440386881,42222.80609533388
300,43669.22337531165,5040.2645937857,43669.22337531165,42222.80609533388
301,42419.68131363483,4199.01942253781,42419.68131363483,42222.80609533388
302,42415.32991818152,4220.182750273505,42415.32991818152,42222.80609533388
303,42475.480339025184,4268.423192522649,42475.480339025184,42222.80609533388
304,42443.37262335629,4220.182750273505,42443.37262335629,42222.80609533388
305,42578.23552485881,4220.182750273505,42578.23552485881,42222.80609533388
306,42586.257819937324,4220.182750273505,42586.257819937324,42222.80609533388
307,42598.64721307031,4220.182750273505,42598.64721307031,42222.80609533388
308,42283.18620644605,4240.942307554719,42283.18620644605,42222.80609533388
309,42775.46002860436,4251.201031490229,42775.46002860436,42222.80609533388
310,42372.45313207335,4220.182750273505,42372.45313207335,42222.80609533388
311,42560.76669924896,4151.984168145423,42560.76669924896,42222.80609533388
312,43590.55045864534,4967.800315781953,43590.55045864534,42222.80609533388
313,43535.29591806815,4945.106590871061,43535.29591806815,42194.79195253248
314,42571.85833947494,4209.603997849169,42571.85833947494,42194.79195253248
315,42308.635814419664,4220.182750273505,42308.635814419664,42194.79195253248
316,42545.72323423183,4220.182750273505,42545.72323423183,42194.79195253248
317,43632.447696647236,5102.325108331634,43632.447696647236,42194.79195253248
318,43478.95804747829,4945.106590871061,43478.95804747829,42194.79195253248
319,44564.2321890649,5767.812661134284,44564.2321890649,42194.79195253248
320,42329.96447496081,4213.351022343302,42329.96447496081,42194.79195253248
321,42350.1065937408,4250.478649669174,42350.1065937408,42194.79195253248
322,43297.74781544843,4980.676175474908,43297.74781544843,42194.79195253248
323,43407.57319832277,4927.671211226296,43407.57319832277,42194.79195253248
324,42284.85500025844,4220.182750273505,42284.85500025844,42194.79195253248
325,43477.46020651332,4940.225017197471,43477.46020651332,42194.79195253248
326,42706.59283759602,4269.598782516255,42706.59283759602,42194.79195253248
327,43544.066303287844,4940.225017197471,43544.066303287844,42194.79195253248
328,43546.96663260825,5088.08242139382,43546.96663260825,42194.79195253248
329,42522.424044786305,4220.182750273505,42522.424044786305,42194.79195253248
330,42455.204881268415,4220.182750273505,42455.204881268415,42194.79195253248
331,42535.27282096244,4220.182750273505,42535.27282096244,42194.79195253248
332,43509.361959575726,5019.974557597578,43509.361959575726,42194.79195253248
333,42380.335363156555,4157.323109661275,42380.335363156555,42194.79195253248
334,43423.21379889514,4945.106590871061,43423.21379889514,42194.79195253248
335,42359.557441662924,4256.40126596246,42359.557441662924,42194.79195253248
336,43491.67249472242,4945.106590871061,43491.67249472242,42194.79195253248
337,45686.18855936717,6514.254555517795,45686.18855936717,42194.79195253248
338,42194.79195253248,4220.182750273505,42194.79195253248,42194.79195253248
339,42506.477580316096,4220.182750273505,42506.477580316096,42194.79195253248
340,44482.050261953846,5670.0304314686155,44482.050261953846,42194.79195253248
341,42317.234179112245,4220.182750273505,42317.234179112245,42194.79195253248
342,42423.54691760528,4218.640231089946,42423.54691760528,42194.79195253248
343,42274.974511060085,4220.182750273505,42274.974511060085,42194.79195253248
344,42617.5131014635,4142.727969828363,42617.5131014635,42194.79195253248
345,43504.28516928758,4960.059350134499,43504.28516928758,42194.79195253248
346,43688.56963114643,5014.832700333495,43688.56963114643,42194.79195253248
347,43351.61533515937,4945.106590871061,43351.61533515937,42194.79195253248
348,43505.5944957628,4971.287536876381,43505.5944957628,42194.79195253248
349,44522.7935272854,5823.95593823177,44522.7935272854,42194.79195253248
350,42416.66696633465,4220.182750273505,42416.66696633465,42194.79195253248
351,43302.42086627952,5060.814403715788,43302.42086627952,42194.79195253248
352,42369.28420703165,4199.01942253781,42369.28420703165,42194.79195253248
353,42279.8206264145,4220.182750273505,42279.8206264145,42194.79195253248
354,42651.03565629182,4220.182750273505,42651.03565629182,42194.79195253248
355,43343.491998735015,5020.066472366663,43343.491998735015,42194.79195253248
356,43409.873754184715,5014.832700333495,43409.873754184715,42194.79195253248
357,44818.47012007206,5754.259739985649,44818.47012007206,42194.79195253248
358,43368.6075182309,4922.042734895016,43368.6075182309,41964.153392772045
359,45200.09007794887,6292.153591204597,45200.09007794887,41964.153392772045
360,42089.16077276754,3989.5441905130583,42089.16077276754,41964.153392772045
361,42332.02779907343,3989.5441905130583,42332.02779907343,41964.153392772045
362,41964.15339277205,3934.1890974946364,41964.15339277205,41964.153392772045
363,41980.278637522904,3989.5441905130583,41980.278637522904,41964.15339277204
364,42082.15759697118,3989.5441905130583,42082.15759697118,41964.15339277204
365,42045.725898556855,3989.5441905130583,42045.725898556855,41964.15339277204
366,42314.348739598,3989.5441905130583,42314.348739598,41964.15339277204
367,42258.63030994558,3989.5441905130583,42258.63030994558,41964.15339277204
368,42233.51541317786,3994.0671439686093,42233.51541317786,41964.15339277204
369,42238.61059904329,4024.0916873042815,42238.61059904329,41964.15339277204
370,44289.43945432827,5485.519583660256,44289.43945432827,41964.15339277204
371,42315.91555130935,4064.534449315945,42315.91555130935,41964.15339277204
372,42114.27594329879,3996.760040887162,42114.27594329879,41964.15339277204
373,43432.91299678954,4916.799664955096,43432.91299678954,41964.15339277204
374,42116.14232410789,3989.5441905130583,42116.14232410789,41964.15339277204
375,42161.7059782555,3989.5441905130583,42161.7059782555,41964.15339277204
376,43102.384290000264,4834.10610133585,43102.384290000264,41964.15339277204
377,42214.144745211684,3972.690761348451,42214.144745211684,41964.15339277204
378,41964.15339277204,3989.5441905130583,41964.15339277204,41964.15339277204
379,42383.07320240743,3989.5441905130583,42383.07320240743,41964.15339277204
380,43302.73201630375,4784.588093189583,43302.73201630375,41964.15339277204
381,43199.04171950153,4788.153256093557,43199.04171950153,41964.15339277204
382,42324.95212092728,3989.5441905130583,42324.95212092728,41964.15339277204
383,44513.07829730038,5485.519583660256,44513.07829730038,41964.15339277204
384,42130.87177570908,3989.5441905130583,42130.87177570908,41964.15339277204
385,42110.7915125423,3989.5441905130583,42110.7915125423,41964.15339277204
386,42016.53643836205,3989.5441905130583,42016.53643836205,41964.15339277204
387,42040.56729744408,3989.5441905130583,42040.56729744408,41964.15339277204
388,42292.378303976555,3989.5441905130583,42292.378303976555,41964.15339277204
389,42325.469023431986,3989.5441905130583,42325.469023431986,41964.15339277204
390,42256.16147563787,3989.5441905130583,42256.16147563787,41964.15339277204
391,42118.17739858629,3989.5441905130583,42118.17739858629,41964.15339277204
392,43265.74388764435,4789.703315923065,43265.74388764435,41964.15339277204
393,42172.272865829254,3989.5441905130583,42172.272865829254,41964.15339277204
394,43107.23236313827,4837.673942892153,43107.23236313827,41964.15339277204
395,42156.81275584941,3989.5441905130583,42156.81275584941,41964.15339277204
396,42050.415579686945,3989.5441905130583,42050.415579686945,41964.15339277204
397,42215.361418832385,3989.5441905130583,42215.361418832385,41947.44513611694
398,42115.99135135795,3989.5441905130583,42115.99135135795,41947.44513611694
399,42037.741397688966,3989.5441905130583,42037.741397688966,41947.44513611694
400,42240.207189021916,3990.507127582172,42240.207189021916,41947.44513611694
401,42328.5962225258,4009.8675253024894,42328.5962225258,41947.44513611694
402,43019.34457178173,4751.628891364179,43019.34457178173,41947.44513611694
403,42165.85223417702,4080.969631586739,42165.85223417702,41947.44513611694
404,43136.83026622362,4748.31717184089,43136.83026622362,41947.44513611694
405,42002.70936047383,3989.5441905130583,42002.70936047383,41947.44513611694
406,43412.28200887142,4822.528603031147,43412.28200887142,41947.44513611694
407,43310.87482231715,4752.484646350097,43310.87482231715,41947.44513611694
408,42087.77206731067,3989.5441905130583,42087.77206731067,41947.44513611694
409,42170.842588188025,3989.5441905130583,42170.842588188025,41947.44513611694
410,43202.91447355768,4795.838316908956,43202.91447355768,41947.44513611694
411,42178.37420031675,3989.5441905130583,42178.37420031675,41947.44513611694
412,42073.44020953791,3989.5441905130583,42073.44020953791,41947.44513611694
413,42016.15350575476,3989.5441905130583,42016.15350575476,41947.44513611694
414,42018.33175734505,3989.5441905130583,42018.33175734505,41947.44513611694
415,42159.75304577528,3989.5441905130583,42159.75304577528,41947.44513611694
416,42145.897818580626,3989.5441905130583,42145.897818580626,41947.44513611694
417,42392.51144714267,3989.5441905130583,42392.51144714267,41947.44513611694
418,44198.33391744392,4776.287281942578,44198.33391744392,41947.44513611694
419,43150.257780092725,4677.467827700037,43150.257780092725,41947.44513611694
420,44168.37988065802,5521.4646810302165,44168.37988065802,41947.44513611694
421,43261.26218671796,4856.515500129104,43261.26218671796,41947.44513611694
422,42118.567858654096,3974.4463354164727,42118.567858654096,41947.44513611694
423,42140.732851229994,3989.5441905130583,42140.732851229994,41947.44513611694
424,42017.61941584833,3989.5441905130583,42017.61941584833,41947.44513611694
425,43251.10645983201,4732.699756601307,43251.10645983201,41947.44513611694
426,43069.41327587678,4709.952388065003,43069.41327587678,41947.44513611694
427,42120.78992810626,3989.5441905130583,42120.78992810626,41947.44513611694
428,44418.79718387466,5741.78440953813,44418.79718387466,41947.44513611694
429,43113.270429212,4834.666575993871,43113.270429212,41947.44513611694
430,43259.66781602144,4737.531887086657,43259.66781602144,41947.44513611694
431,43299.900074415455,4752.484646350097,43299.900074415455,41947.44513611694
432,42342.92969059618,3989.5441905130583,42342.92969059618,41947.44513611694
433,42102.86813036923,3989.5441905130583,42102.86813036923,41947.44513611694
434,42086.43594549878,3989.5441905130583,42086.43594549878,41947.44513611694
435,43169.24486163612,4834.10610133585,43169.24486163612,41947.44513611694
436,43023.042455155126,4790.013484717425,43023.042455155126,41947.44513611694
437,44254.95617589985,5678.286763294531,44254.95617589985,41947.44513611694
438,42129.67780770756,3989.5441905130583,42129.67780770756,41947.44513611694
439,41926.679687543525,3989.5441905130583,41926.679687543525,41739.79065038281
440,42185.109815231015,3989.5441905130583,42185.109815231015,41739.79065038281
441,42032.67380261029,3974.1298363031483,42032.67380261029,41739.79065038281
442,41766.40514972129,3990.8255893526775,41766.40514972129,41739.79065038281
443,42880.72626521638,4825.257339922452,42880.72626521638,41739.79065038281
444,41987.48565031258,3989.5441905130583,41987.48565031258,41739.79065038281
445,41758.78186812917,3989.5441905130583,41758.78186812917,41739.79065038281
446,42856.072298041465,4871.762136952219,42856.072298041465,41739.79065038281
447,41938.541432919636,4065.754601586782,41938.541432919636,41739.79065038281
448,42925.751795476324,4737.531887086657,42925.751795476324,41739.79065038281
449,41889.018679922345,3999.416441513547,41889.018679922345,41739.79065038281
450,42188.893025759025,3989.5441905130583,42188.893025759025,41739.79065038281
451,42100.855868950515,3989.5441905130583,42100.855868950515,41739.79065038281
452,41939.83302603786,3917.933007675584,41939.83302603786,41739.79065038281
453,41844.68915777795,3998.717409550672,41844.68915777795,41739.79065038281
454,41987.215198300444,3989.5441905130583,41987.215198300444,41739.79065038281
455,41901.87099062442,3989.5441905130583,41901.87099062442,41739.79065038281
456,41881.381042750174,3989.5441905130583,41881.381042750174,41739.79065038281
457,42049.130640585216,3990.507127582172,42049.130640585216,41739.79065038281
458,41835.06577559934,3989.5441905130583,41835.06577559934,41739.79065038281
459,41820.40227721734,3989.5441905130583,41820.40227721734,41739.79065038281
460,41862.73464335433,3989.5441905130583,41862.73464335433,41739.79065038281
461,43283.6256462029,4734.551660089488,43283.6256462029,41726.153551850584
462,41816.688129100774,3989.5441905130583,41816.688129100774,41726.153551850584
463,41902.349255716545,3989.5441905130583,41902.349255716545,41701.75379386032
464,43140.12694411357,4814.284558851624,43140.12694411357,41701.75379386032
465,41906.706676090966,3989.5441905130583,41906.706676090966,41701.753793860305
466,41938.9133110401,3989.5441905130583,41938.9133110401,41701.753793860305
467,41823.46763730844,3989.5441905130583,41823.46763730844,41701.753793860305
468,41869.335175789354,4036.494108592691,41869.335175789354,41701.753793860305
469,42118.000242292626,3989.5441905130583,42118.000242292626,41701.753793860305
470,44071.49490069102,5596.658356664862,44071.49490069102,41701.753793860305
471,41878.70030087226,3989.5441905130583,41878.70030087226,41701.753793860305
472,43039.93635462409,4784.588093189583,43039.93635462409,41701.753793860305
473,43055.9180546517,4800.598060028783,43055.9180546517,41701.753793860305
474,41977.55317949141,4038.9602227558084,41977.55317949141,41701.753793860305
475,42023.05456650645,3989.5441905130583,42023.05456650645,41701.753793860305
476,43118.58296603436,4696.227358197985,43118.58296603436,41701.753793860305
477,41741.947035295176,3989.5441905130583,41741.947035295176,41701.753793860305
478,43883.84144311953,5565.903187294505,43883.84144311953,41701.753793860305
479,41961.366541265415,3989.5441905130583,41961.366541265415,41701.753793860305
480,43135.88450258896,4792.44681400844,43135.88450258896,41701.753793860305
481,42882.243445404165,4732.699756601307,42882.243445404165,41701.753793860305
482,41742.14507575355,3989.5441905130583,41742.14507575355,41701.753793860305
483,41777.23464792795,3989.5441905130583,41777.23464792795,41701.753793860305
484,41778.965379093104,3989.5441905130583,41778.965379093104,41701.753793860305
485,41824.802128109426,4040.680183775699,41824.802128109426,41701.753793860305
486,42965.16961958017,4732.650313413067,42965.16961958017,41701.753793860305
487,41994.74568211569,3900.80609379242,41994.74568211569,41701.753793860305
488,43023.07058299643,4767.197810204291,43023.07058299643,41701.753793860305
489,41903.267984970866,3989.5441905130583,41903.267984970866,41701.753793860305
490,41939.93543301214,3989.5441905130583,41939.93543301214,41701.753793860305
491,42170.70503915228,3989.5441905130583,42170.70503915228,41701.753793860305
492,42922.834478561155,4748.31717184089,42922.834478561155,41701.753793860305
493,42175.08390924263,4075.0849547828866,42175.08390924263,41701.753793860305
494,44078.226014281914,5525.487011416652,44078.226014281914,41701.753793860305
495,42876.614594393795,4737.531887086658,42876.614594393795,41701.753793860305
496,41935.51050232981,3989.5441905130583,41935.51050232981,41701.753793860305
497,41918.318434653855,4002.108142002523,41918.318434653855,41701.753793860305
498,41877.27799863151,4004.114899950321,41877.27799863151,41701.753793860305
499,41952.174697677205,3989.5441905130583,41952.174697677205,41701.753793860305
500,41785.042525692275,3989.5441905130583,41785.042525692275,41701.753793860305
501,41951.650317663225,3929.6987942081882,41951.650317663225,41701.753793860305
502,41961.20469682424,3989.5441905130583,41961.20469682424,41701.753793860305
503,41890.21700500329,3990.689185546814,41890.21700500329,41701.753793860305
504,41831.74812912863,3900.80609379242,41831.74812912863,41701.753793860305
505,42997.94789985382,4815.373729363206,42997.94789985382,41701.753793860305
506,41844.831372284025,3989.5441905130583,41844.831372284025,41701.753793860305
507,41846.08771297615,3989.5441905130583,41846.08771297615,41701.753793860305
508,41928.07420497933,3989.5441905130583,41928.07420497933,41701.753793860305
509,42915.423448556605,4773.101471690505,42915.423448556605,41701.753793860305
510,44937.30939935868,6540.613018549417,44937.30939935868,41701.753793860305
511,41861.83269601378,3989.5441905130583,41861.83269601378,41701.753793860305
512,43117.41388150856,4808.793066323139,43117.41388150856,41701.753793860305
513,42893.59317294095,4828.957328160339,42893.59317294095,41646.22482879668
514,41896.54866363662,3989.5441905130583,41896.54866363662,41646.22482879668
515,41858.20760620211,3989.5441905130583,41858.20760620211,41619.15124027216
516,42830.311293106555,4737.531887086658,42830.311293106555,41619.15124027216
517,42864.18849125087,4795.838316908956,42864.18849125087,41619.15124027216
518,42931.53826982223,4737.531887086657,42931.53826982223,41619.15124027216
519,41716.80507435168,3989.5441905130583,41716.80507435168,41619.15124027216
520,41769.29556866479,3989.5441905130583,41769.29556866479,41619.15124027216
521,41805.12324097143,4061.9162317047753,41805.12324097143,41619.15124027216
522,41704.771490214975,3989.5441905130583,41704.771490214975,41619.15124027216
523,44171.22654501154,5640.496089582177,44171.22654501154,41619.15124027216
524,41897.74907321472,3989.5441905130583,41897.74907321472,41619.15124027216
525,41792.70890917183,4010.716032913627,41792.70890917183,41619.15124027216
526,42926.58780694375,4836.843831940816,42926.58780694375,41619.15124027216
527,41677.31958136296,3989.5441905130583,41677.31958136296,41619.15124027216
528,41975.831899293284,4061.916231704775,41975.831899293284,41619.15124027216
529,42032.378769379975,3989.5441905130583,42032.378769379975,41619.15124027216
530,42949.55042175741,4737.531887086657,42949.55042175741,41619.15124027216
531,41690.98949279291,3989.5441905130583,41690.98949279291,41619.15124027216
532,42805.48597909588,4809.491595945804,42805.48597909588,41619.15124027216
533,41900.09966909008,3989.5441905130583,41900.09966909008,41619.15124027216
534,43240.52591325686,4789.066519388177,43240.52591325686,41619.15124027216
535,41622.86229709042,3989.5441905130583,41622.86229709042,41619.15124027216
536,41621.59121607118,3900.80609379242,41621.59121607118,41619.15124027216
537,42006.668157242486,3989.5441905130583,42006.668157242486,41619.15124027216
538,41619.15124027216,3989.5441905130583,41619.15124027216,41619.15124027216
539,43077.91330955106,4788.257910649403,43077.91330955106,41619.15124027216
540,41745.11206507249,3989.5441905130583,41745.11206507249,41619.15124027216
541,42013.204485571376,3989.5441905130583,42013.204485571376,41619.15124027216
542,41683.456954566405,4015.1422377792173,41683.456954566405,41619.15124027216
543,43080.66439509023,4901.028060223396,43080.66439509023,41619.15124027216
544,41769.5243276528,4003.5472169572204,41769.5243276528,41619.15124027216
545,42967.11712081192,4666.1870904999405,42967.11712081192,41619.15124027216
546,42919.57562147484,4830.622172594497,42919.57562147484,41619.15124027216
547,41943.38712794951,3989.5441905130583,41943.38712794951,41619.15124027216
548,44135.71635272274,5619.749833525819,44135.71635272274,41619.15124027216
549,41791.98228711673,3989.5441905130583,41791.98228711673,41619.15124027216
550,42848.50618037621,4752.484646350097,42848.50618037621,41619.15124027216
551,45067.13675015096,6357.367158452997,45067.13675015096,41619.15124027216
552,42587.40802202326,3927.8098780876107,42587.40802202326,41619.15124027216
553,41916.862705575964,4024.0916873042815,41916.862705575964,41619.15124027216
554,41709.691842855726,3989.5441905130583,41709.691842855726,41619.15124027216
555,43932.587044216096,4788.257910649403,43932.587044216096,41619.15124027216
556,42025.57345315945,3989.5441905130583,42025.57345315945,41619.15124027216
557,41677.0249670237,4047.417917264601,41677.0249670237,41619.15124027216
558,43888.73799285252,4737.531887086657,43888.73799285252,41619.15124027216
559,41639.49849608603,3929.6987942081882,41639.49849608603,41619.15124027216
560,42994.27978665657,4771.0147133088,42994.27978665657,41619.15124027216
561,43054.474179082514,4737.531887086657,43054.474179082514,41619.15124027216
562,41987.960076222545,4029.404887069048,41987.960076222545,41619.15124027216
563,43927.280682461125,5485.519583660256,43927.280682461125,41619.15124027216
564,41828.955878397894,3989.5441905130583,41828.955878397894,41619.15124027216
565,43100.43871333161,4732.699756601307,43100.43871333161,41619.15124027216
566,44179.42065847338,5422.962432944939,44179.42065847338,41619.15124027216
567,43302.82031379384,4732.650313413067,43302.82031379384,41619.15124027216
568,41897.32013167079,3989.5441905130583,41897.32013167079,41619.15124027216
569,41780.263852252,3989.5441905130583,41780.263852252,41619.15124027216
570,41778.55989514978,3989.5441905130583,41778.55989514978,41619.15124027216
571,42722.56627492326,4783.147882670416,42722.56627492326,41619.15124027216
572,41943.540878342654,4207.46094102787,41943.540878342654,41619.15124027216
573,41636.57525132115,3989.5441905130583,41636.57525132115,41619.15124027216
574,41783.48108887186,3989.5441905130583,41783.48108887186,41619.15124027216
575,42789.384453054976,4840.97017719812,42789.384453054976,41619.15124027216
576,42004.45562477996,3989.5441905130583,42004.45562477996,41619.15124027216
577,41702.7770450155,3989.5441905130583,41702.7770450155,41619.15124027216
578,42903.46566594306,4790.013484717425,42903.46566594306,41619.15124027216
579,41950.56109456431,3989.5441905130583,41950.56109456431,41619.15124027216
580,42756.77117317488,4687.54918522194,42756.77117317488,41619.15124027216
581,43157.44082171256,4763.712833091978,43157.44082171256,41619.15124027216
582,42898.63794083361,4737.531887086657,42898.63794083361,41619.15124027216
583,43877.975892611474,5573.728295494507,43877.975892611474,41619.15124027216
584,42137.12111556937,3991.5057082790545,42137.12111556937,41619.15124027216
585,41925.945331187,3989.5441905130583,41925.945331187,41619.15124027216
586,43751.17618247149,5675.184083417289,43751.17618247149,41619.15124027216
587,43974.320412458255,5582.187775742808,43974.320412458255,41619.15124027216
588,42046.52731000543,3999.636199749766,42046.52731000543,41619.15124027216
589,43084.339348554124,4826.1505565276875,43084.339348554124,41619.15124027216
590,41704.35932442047,3989.5441905130583,41704.35932442047,41619.15124027216
591,41686.12620616093,3900.80609379242,41686.12620616093,41619.15124027216
592,41852.59431406781,3989.5441905130583,41852.59431406781,41619.15124027216
593,41939.94494026595,4207.46094102787,41939.94494026595,41619.15124027216
594,42827.31560955343,4737.531887086657,42827.31560955343,41619.15124027216
595,41863.074312233875,3989.5441905130583,41863.074312233875,41619.15124027216
596,42810.82085534393,4797.740406004865,42810.82085534393,41619.15124027216
597,41770.40128382086,3989.5441905130583,41770.40128382086,41619.15124027216
598,41745.20481576221,4001.2456550169527,41745.20481576221,41619.15124027216
599,41728.61218611358,3998.717409550672,41728.61218611358,41619.15124027216
600,41712.269848626966,3989.5441905130583,41712.269848626966,41619.15124027216
601,41872.04756966552,3989.5441905130583,41872.04756966552,41619.15124027216
602,41826.16306300048,3968.297346937834,41826.16306300048,41530.080857392764
603,42835.928842943125,4621.270176405243,42835.928842943125,41530.080857392764
604,41540.10519476053,3777.0757547608164,41540.10519476053,41472.5267699836
605,44896.58043465961,6197.385740877222,44896.58043465961,41472.5267699836
606,41626.958646096486,3777.0757547608164,41626.958646096486,41472.5267699836
607,41887.74131668986,3786.669331433883,41887.74131668986,41472.5267699836
608,41639.84732547746,3777.0757547608164,41639.84732547746,41472.5267699836
609,41745.156279499046,3840.082234656324,41745.156279499046,41472.5267699836
610,41700.62072305694,3790.5750652143006,41700.62072305694,41472.5267699836
611,42590.65809877224,4609.838179553971,42590.65809877224,41472.5267699836
612,42842.42328133002,4519.643901944432,42842.42328133002,41472.5267699836
613,41706.081479363755,3777.0757547608164,41706.081479363755,41472.5267699836
614,41725.57770432143,3777.0757547608164,41725.57770432143,41472.5267699836
615,42548.12408902178,4546.31029490964,42548.12408902178,41472.5267699836
616,41558.147019926415,3777.0757547608164,41558.147019926415,41472.5267699836
617,42548.12408902178,4480.1699171369855,42548.12408902178,41472.5267699836
618,41525.62402703565,3709.5845016154026,41525.62402703565,41472.5267699836
619,41680.60350794859,3780.7904828914498,41680.60350794859,41472.5267699836
620,41551.88895510354,3777.0757547608164,41551.88895510354,41472.5267699836
621,42604.76622842931,4501.51276667512,42604.76622842931,41472.5267699836
622,41639.27547076005,3777.0757547608164,41639.27547076005,41472.5267699836
623,42870.39659659499,4597.036318472386,42870.39659659499,41472.5267699836
624,42054.300188683985,3794.6147331628513,42054.300188683985,41472.5267699836
625,41868.660923024676,3834.1283304223193,41868.660923024676,41472.5267699836
626,41668.79460233752,3777.0757547608164,41668.79460233752,41472.5267699836
627,42871.27246742424,4544.777072969991,42871.27246742424,41472.5267699836
628,42816.59244149134,4604.616724731938,42816.59244149134,41472.5267699836
629,42828.772813612726,4684.266670713255,42828.772813612726,41472.5267699836
630,42947.74663604524,4541.4781644242885,42947.74663604524,41472.5267699836
631,42840.809422942264,4685.3596169057055,42840.809422942264,41472.5267699836
632,41783.91533887522,3777.0757547608164,41783.91533887522,41472.5267699836
633,42862.879358879276,4546.31029490964,42862.879358879276,41472.5267699836
634,41576.46068879172,3709.5845016154026,41576.46068879172,41472.5267699836
635,42947.21890615226,4795.697740729357,42947.21890615226,41472.5267699836
636,41936.13781873243,3777.0757547608164,41936.13781873243,41472.5267699836
637,42685.46524896964,4683.508259900002,42685.46524896964,41472.5267699836
638,41809.88035102638,3709.5845016154026,41809.88035102638,41472.5267699836
639,42799.23212763224,4626.453699126457,42799.23212763224,41472.5267699836
640,41754.07168897421,3855.9858301284175,41754.07168897421,41472.5267699836
641,41701.669337991836,3777.0757547608164,41701.669337991836,41472.5267699836
642,41592.31598783486,3777.0757547608164,41592.31598783486,41472.5267699836
643,41660.26143631173,3777.0757547608164,41660.26143631173,41472.5267699836
644,41750.38068857467,3777.0757547608164,41750.38068857467,41366.21078361087
645,41671.789045276724,3777.0757547608164,41671.789045276724,41366.21078361087
646,42500.688371555974,4585.065689765561,42500.688371555974,41366.21078361087
647,41413.58605273844,3777.0757547608164,41413.58605273844,41348.332896757
648,42502.13874212136,4541.4781644242885,42502.13874212136,41348.332896757
649,41531.19757149578,3840.8767863730436,41531.19757149578,41348.332896757
650,41453.772584894716,3777.0757547608164,41453.772584894716,41348.332896757
651,42575.498035384,4685.854021481665,42575.498035384,41348.332896757
652,41507.7423375835,3777.0757547608164,41507.7423375835,41348.332896757
653,42655.3961535511,4592.148691747593,42655.3961535511,41348.332896757
654,41520.1578344602,3777.0757547608164,41520.1578344602,41348.332896757
655,41540.70155291228,3777.0757547608164,41540.70155291228,41348.332896757
656,42516.773212309825,4546.31029490964,42516.773212309825,41348.332896757
657,41720.02887346063,3777.0757547608164,41720.02887346063,41348.332896757
658,41348.332896757,3777.0757547608164,41348.332896757,41348.332896757
659,41404.41035765668,3720.9939822960782,41404.41035765668,41200.33943205325
660,41453.216294247075,3777.0757547608164,41453.216294247075,41200.33943205325
661,41263.57246975896,3777.0757547608164,41263.57246975896,41200.33943205325
662,41672.0542127072,4003.461583204772,41672.0542127072,41200.33943205325
663,43466.49829037276,5310.712704573113,43466.49829037276,41200.33943205325
664,41200.33943205325,3777.0757547608164,41200.33943205325,41200.339432053246
665,41515.05933810219,3777.0757547608164,41515.05933810219,41200.339432053246
666,42785.67146130481,4716.261505193388,42785.67146130481,41200.339432053246
667,41747.494515264625,3881.565914489352,41747.494515264625,41200.339432053246
668,42316.8160420356,4615.860514556179,42316.8160420356,41200.339432053246
669,42627.02379866874,4629.746583554192,42627.02379866874,41200.339432053246
670,43672.6708884989,5368.120410522592,43672.6708884989,41200.339432053246
671,41411.72377571077,3837.5183719101383,41411.72377571077,41200.339432053246
672,42539.22510534682,4581.595553029506,42539.22510534682,41200.339432053246
673,41301.446899631075,3777.8428867036782,41301.446899631075,41200.339432053246
674,41689.58343188889,3777.0757547608164,41689.58343188889,41200.339432053246
675,41584.599340275956,3777.0757547608164,41584.599340275956,41200.339432053246
676,41226.8289219257,3777.0757547608164,41226.8289219257,41200.339432053246
677,41456.330260701245,3777.0757547608164,41456.330260701245,41200.339432053246
678,42466.581106162186,4659.344106507096,42466.581106162186,41200.339432053246
679,41287.84040958549,3777.0757547608164,41287.84040958549,41200.339432053246
680,41496.30982928019,3804.8676779606985,41496.30982928019,41200.339432053246
681,41238.641885161145,3806.4776698954165,41238.641885161145,41200.339432053246
682,41639.09983400714,3777.0757547608164,41639.09983400714,41200.339432053246
683,41224.91442353974,3777.0757547608164,41224.91442353974,41200.339432053246
684,43656.524979966445,5429.168196640902,43656.524979966445,41200.339432053246
685,42449.13569057875,4649.11527027711,42449.13569057875,41200.339432053246
686,42326.99797859106,4536.531544027114,42326.99797859106,41200.339432053246
687,41469.62437640518,3777.0757547608164,41469.62437640518,41200.339432053246
688,41203.05986510274,3777.0757547608164,41203.05986510274,41200.339432053246
689,41200.33943205325,3777.0757547608164,41200.33943205325,41200.339432053246
690,41702.74474034981,3824.0256728404493,41702.74474034981,41200.339432053246
691,41364.26300959374,3881.656141899367,41364.26300959374,41200.339432053246
692,41219.95466510177,3709.5845016154026,41219.95466510177,41200.339432053246
693,41419.34713274653,3777.0757547608164,41419.34713274653,41200.339432053246
694,41390.87715177078,3777.0757547608164,41390.87715177078,41200.339432053246
695,41347.91362007307,3709.5845016154026,41347.91362007307,41200.339432053246
696,41513.38564862878,3778.9978183520825,41513.38564862878,41200.339432053246
697,41426.82850484015,3777.0757547608164,41426.82850484015,41200.339432053246
698,41734.818454866625,3741.528430362921,41734.818454866625,41200.339432053246
699,42362.493584121476,4712.430816147346,42362.493584121476,41200.339432053246
700,41237.52550468726,3777.0757547608164,41237.52550468726,41200.339432053246
701,41513.278550659015,3777.0757547608164,41513.278550659015,41200.339432053246
702,41596.23670760866,3797.9533892479644,41596.23670760866,41200.339432053246
703,42615.540466658036,4658.286765569368,42615.540466658036,41200.339432053246
704,42541.721416388194,4602.605510632845,42541.721416388194,41200.339432053246
705,41326.32681234432,3814.0671276613125,41326.32681234432,41200.339432053246
706,41319.775499437004,3815.352474805198,41319.775499437004,41200.339432053246
707,41236.73709317869,3761.6614005509064,41236.73709317869,40913.035569383675
708,43210.592218994054,4601.975648536036,43210.592218994054,40913.035569383675
709,42155.22565545469,4541.478164424289,42155.22565545469,40913.035569383675
710,42351.626706065515,4649.7485850211015,42351.626706065515,40913.035569383675
711,42142.02214026891,4636.695661903281,42142.02214026891,40913.035569383675
712,42213.725690675456,4709.225777800851,42213.725690675456,40913.035569383675
713,41236.434515859655,3777.0757547608164,41236.434515859655,40913.035569383675
714,43223.6846529349,5489.8436788703675,43223.6846529349,40913.035569383675
715,41001.00201579133,3777.0757547608164,41001.00201579133,40913.035569383675
716,42031.015416230635,4626.453699126457,42031.015416230635,40913.035569383675
717,42534.61717742596,4621.178261636157,42534.61717742596,40913.035569383675
718,42417.527549289145,4624.402897333644,42417.527549289145,40913.035569383675
719,42088.655103932986,4597.036318472386,42088.655103932986,40913.035569383675
720,41250.53530029913,3777.0757547608164,41250.53530029913,40913.035569383675
721,40885.133160093625,3777.0757547608164,40885.133160093625,40634.01147648318
722,40805.03178516154,3777.0757547608164,40805.03178516154,40634.01147648318
723,40758.61715873078,3777.0757547608164,40758.61715873078,40634.01147648318
724,41143.65978341426,3849.447795952533,41143.65978341426,40634.01147648318
725,41007.24194202652,3814.2963043978316,41007.24194202652,40634.01147648318
726,41870.80271312748,4589.143082009245,41870.80271312748,40634.01147648318
727,40787.93385672609,3828.1992339619837,40787.93385672609,40634.01147648318
728,40861.87946865939,3777.0757547608164,40861.87946865939,40634.01147648318
729,40964.79870189129,3866.1698108087376,40964.79870189129,40634.01147648318
730,43114.986595354894,5314.43573760139,43114.986595354894,40634.01147648318
731,41952.469724633294,4541.4287212360505,41952.469724633294,40634.01147648318
732,42051.77433684131,4618.654731131763,42051.77433684131,40634.01147648318
733,40757.37148880922,3777.0757547608164,40757.37148880922,40634.01147648318
734,40832.69157888511,3777.0757547608164,40832.69157888511,40634.011476483174
735,40715.92129374456,3806.0189601864854,40715.92129374456,40634.011476483174
736,40750.829724725765,3850.3619158638185,40750.829724725765,40634.011476483174
737,41016.58433790291,3786.330660193704,41016.58433790291,40634.011476483174
738,41834.511669326464,4626.453699126457,41834.511669326464,40634.011476483174
739,40650.136721234034,3777.0757547608164,40650.136721234034,40634.011476483174
740,41121.61151646682,3833.2850004499815,41121.61151646682,40634.011476483174
741,40945.829911179295,3777.0757547608164,40945.829911179295,40634.011476483174
742,41978.96895201352,4732.392183052501,41978.96895201352,40634.011476483174
743,41261.52112868353,3709.5845016154026,41261.52112868353,40634.011476483174
744,41008.52371866364,3777.0757547608164,41008.52371866364,40634.011476483174
745,41847.27990380651,4603.681916704174,41847.27990380651,40634.011476483174
746,40732.24337899349,3777.0757547608164,40732.24337899349,40634.011476483174
747,40974.910308272505,3777.0757547608164,40974.910308272505,40634.011476483174
748,41873.06936219436,4650.727392726677,41873.06936219436,40634.011476483174
749,40866.78816810045,3774.001549930287,40866.78816810045,40634.011476483174
750,41914.680551873054,4688.469581993505,41914.680551873054,40634.011476483174
751,43499.81950594607,5366.935364428305,43499.81950594607,40634.011476483174
752,40704.2271526885,3709.5845016154026,40704.2271526885,40634.011476483174
753,40932.102641814,3777.0757547608164,40932.102641814,40634.011476483174
754,41969.49319171975,4621.178261636157,41969.49319171975,40634.011476483174
755,41989.25325386708,4541.4781644242885,41989.25325386708,40634.011476483174
756,40989.23020229599,3808.4146075727485,40989.23020229599,40634.011476483174
757,40745.23542700707,3777.0757547608164,40745.23542700707,40634.011476483174
758,40860.199059781866,3777.0757547608164,40860.199059781866,40634.011476483174
759,40863.31172837211,3850.9183070966697,40863.31172837211,40634.011476483174
760,43046.52713069891,5353.496048484479,43046.52713069891,40634.011476483174
761,40872.912664349584,3777.0757547608164,40872.912664349584,40424.1975757314
762,40932.71080437467,3777.0757547608164,40932.71080437467,40424.1975757314
763,41801.35709368162,4535.096421287545,41801.35709368162,40424.1975757314
764,40728.251926994984,3834.2597614049,40728.251926994984,40424.1975757314
765,40632.06180500584,3777.0757547608164,40632.06180500584,40424.1975757314
766,41659.79057800681,4584.5721491714285,41659.79057800681,40424.1975757314
767,40516.85312368218,3749.937187721747,40516.85312368218,40424.1975757314
768,41614.505007622836,4541.4781644242885,41614.505007622836,40424.1975757314
769,40486.28455783341,3777.0757547608164,40486.28455783341,40424.1975757314
770,41598.53660485601,4598.7918925404065,41598.53660485601,40424.1975757314
771,40612.76737376,3777.0757547608164,40612.76737376,40350.1111022802
772,40493.29147495906,3777.0757547608164,40493.29147495906,40350.11110228019
773,41547.46959142044,4597.036318472386,41547.46959142044,40350.11110228019
774,40594.24713694323,3777.0757547608164,40594.24713694323,40350.11110228019
775,40555.13481435085,3894.458260725741,40555.13481435085,40350.11110228019
776,40592.41753213304,3777.0757547608164,40592.41753213304,40350.11110228019
777,40708.46621725388,3830.1253924043567,40708.46621725388,40350.11110228019
778,40399.22938126493,3765.0424130495367,40399.22938126493,40350.11110228019
779,41587.76303705992,4541.4287212360505,41587.76303705992,40350.11110228019
780,41493.61927986688,4519.727089000646,41493.61927986688,40165.805608133945
781,40234.53787653138,3777.0757547608164,40234.53787653138,40116.33820204608
782,41739.16745714208,4718.997819153241,41739.16745714208,40116.33820204608
783,40217.4456696239,3777.0757547608164,40217.4456696239,40116.33820204608
784,40442.82986560856,3794.68407032572,40442.82986560856,40116.33820204608
785,40700.45194876843,3777.0757547608164,40700.45194876843,40116.33820204608
786,40236.12741989734,3777.0757547608164,40236.12741989734,40116.33820204608
787,40283.877144593585,3777.0757547608164,40283.877144593585,40116.33820204608
788,40631.765196314416,3821.832024691369,40631.765196314416,40116.33820204608
789,40716.59022719209,3777.0757547608164,40716.59022719209,40116.33820204608
790,40466.0072710406,3777.0757547608164,40466.0072710406,39838.06055445838
791,40022.742014818956,3849.6471976281414,40022.742014818956,39838.06055445838
792,39905.97125725105,3777.0757547608164,39905.97125725105,39838.06055445838
793,40316.58447129212,3943.1878438894373,40316.58447129212,39838.06055445838
794,39939.1680220362,3777.0757547608164,39939.1680220362,39838.06055445838
795,40001.819138732346,3799.1661363728854,40001.819138732346,39838.06055445838
796,42999.218331214935,6370.157926206675,42999.218331214935,39838.06055445838
797,39884.973426932316,3777.0757547608164,39884.973426932316,39838.06055445838
798,39843.7863682564,3777.0757547608164,39843.7863682564,39838.06055445838
799,40101.72329958927,3709.5845016154026,40101.72329958927,39838.06055445838
800,42164.63146828491,5633.461675826004,42164.63146828491,39838.06055445838
801,42353.17161244879,5393.378726966506,42353.17161244879,39838.06055445838
802,40071.02106380979,3777.0757547608164,40071.02106380979,39838.06055445838
803,39901.11302936221,3777.0757547608164,39901.11302936221,39838.06055445838
804,40153.22518932049,3777.0757547608164,40153.22518932049,39838.06055445838
805,40945.79779990212,4639.400580417479,40945.79779990212,39838.06055445838
806,40913.65787349657,4599.437433146035,40913.65787349657,39838.06055445838
807,39942.986591749,3777.0757547608164,39942.986591749,39838.06055445838
808,40102.17584603689,3849.447795952533,40102.17584603689,39838.06055445838
809,40027.127446630664,3918.102531121405,40027.127446630664,39838.06055445838
810,43324.221418300905,6202.140316088449,43324.221418300905,39838.06055445838
811,40964.511060089906,4675.90843617017,40964.511060089906,39838.06055445838
812,41375.8100343082,4626.453699126457,41375.8100343082,39838.06055445838
813,39870.48453935472,3709.5845016154026,39870.48453935472,39838.06055445838
814,40085.21141463328,3777.0757547608164,40085.21141463328,39838.06055445838
815,42309.25227077668,5325.616020648313,42309.25227077668,39838.06055445838
816,40152.58854488869,3864.275247568456,40152.58854488869,39838.06055445838
817,39913.11640786335,3725.8881362516004,39913.11640786335,39838.06055445838
818,40064.98182292335,3709.5845016154026,40064.98182292335,39838.06055445838
819,39999.517101906626,3777.0757547608164,39999.517101906626,39838.06055445838
820,41394.34394261164,4640.265755880748,41394.34394261164,39838.06055445838
821,42172.17864394279,5608.436544112654,42172.17864394279,39838.06055445838
822,41017.693125842445,4546.404272743001,41017.693125842445,39838.06055445838
823,42147.37457796624,5426.064527194119,42147.37457796624,39838.06055445838
824,40110.59222805116,3839.328950228941,40110.59222805116,39838.060554458374
825,39913.35780771133,3777.0757547608164,39913.35780771133,39838.060554458374
826,40110.96935285069,3777.0757547608164,40110.96935285069,39838.060554458374
827,41075.141749646966,4616.036404372075,41075.141749646966,39838.060554458374
828,40955.5156629106,4658.790918323688,40955.5156629106,39838.060554458374
829,43335.52909016681,6153.303879741919,43335.52909016681,39838.060554458374
830,40436.02154519556,3709.5845016154026,40436.02154519556,39838.060554458374
831,40156.40179297791,3808.6332857701213,40156.40179297791,39838.060554458374
832,40066.06230995309,3777.0757547608164,40066.06230995309,39838.060554458374
833,40273.488662301796,3805.206629021223,40273.488662301796,39838.060554458374
834,41446.70578301658,4593.259205455668,41446.70578301658,39838.060554458374
835,39894.85510609794,3709.5845016154026,39894.85510609794,39838.060554458374
836,40067.11831632721,3777.0757547608164,40067.11831632721,39838.060554458374
837,39907.51447118643,3777.0757547608164,39907.51447118643,39838.060554458374
838,41255.40715188445,4683.323276684515,41255.40715188445,39838.060554458374
839,39954.973099133225,3736.660840723901,39954.973099133225,39838.060554458374
840,40034.30966378156,3777.0757547608164,40034.30966378156,39838.060554458374
841,41165.20150593333,4517.411228379079,41165.20150593333,39838.060554458374
842,40388.33091588398,3843.865042220321,40388.33091588398,39838.060554458374
843,40196.72060425091,3875.7154260608136,40196.72060425091,39838.060554458374
844,39959.82172456043,3730.8371234420483,39959.82172456043,39838.060554458374
845,40307.83835077242,3797.6506553242048,40307.83835077242,39838.060554458374
846,41055.51202556273,4602.605510632845,41055.51202556273,39838.060554458374
847,41165.308281114994,4581.879879513487,41165.308281114994,39838.060554458374
848,41391.93834413753,4615.860514556178,41391.93834413753,39838.060554458374
849,40319.195992697256,3917.217104632133,40319.195992697256,39838.060554458374
850,41201.63964725942,4541.4781644242885,41201.63964725942,39821.22392959274
851,41239.10677720144,4616.40020810531,41239.10677720144,39821.22392959274
852,39890.34914514235,3709.5845016154026,39890.34914514235,39821.22392959274
853,39994.60114104448,3777.0757547608164,39994.60114104448,39821.22392959274
854,41142.23582759379,4650.338370370194,41142.23582759379,39821.223929592736
855,39958.86865192394,3777.0757547608164,39958.86865192394,39821.223929592736
856,40087.99719024198,3777.0757547608164,40087.99719024198,39821.223929592736
857,40256.590179433035,3777.0757547608164,40256.590179433035,39821.223929592736
858,40093.23740600508,3777.0757547608164,40093.23740600508,39821.223929592736
859,40236.6581831551,3745.695904872127,40236.6581831551,39821.223929592736
860,41179.48164598209,4613.520538548917,41179.48164598209,39821.223929592736
861,40175.11884447177,3777.0757547608164,40175.11884447177,39821.223929592736
862,39902.33367204854,3777.0757547608164,39902.33367204854,39821.223929592736
863,40099.67491661913,3777.0757547608164,40099.67491661913,39821.223929592736
864,41249.967133551116,4608.21905886504,41249.967133551116,39821.223929592736
865,40081.765072777474,3799.196715463172,40081.765072777474,39821.223929592736
866,42410.16821363181,5550.562817361111,42410.16821363181,39821.223929592736
867,39925.24791506238,3806.5866431795853,39925.24791506238,39821.223929592736
868,39983.65350497035,3777.0757547608164,39983.65350497035,39821.223929592736
869,41140.22084682276,4623.062966674605,41140.22084682276,39821.223929592736
870,41210.37600031019,4613.520538548917,41210.37600031019,39821.223929592736
871,40924.72365792098,4602.605510632845,40924.72365792098,39821.223929592736
872,42393.06871191819,5633.658733438393,42393.06871191819,39821.223929592736
873,39914.66568740663,3777.0757547608164,39914.66568740663,39821.223929592736
874,40129.078103447624,3777.0757547608164,40129.078103447624,39821.223929592736
875,39881.086284294164,3777.0757547608164,39881.086284294164,39821.223929592736
876,40946.20074804143,4534.171917734847,40946.20074804143,39821.223929592736
877,39851.031763235806,3777.0757547608164,39851.031763235806,39821.223929592736
878,39985.81894633659,3777.0757547608164,39985.81894633659,39821.223929592736
879,41071.34687895471,4619.373895500861,41071.34687895471,39821.223929592736
880,39876.83449809167,3709.5845016154026,39876.83449809167,39821.223929592736
881,40061.48586413487,3777.0757547608164,40061.48586413487,39821.223929592736
882,39983.74295626104,3709.5845016154026,39983.74295626104,39821.223929592736
883,39961.790712514165,3777.0757547608164,39961.790712514165,39821.223929592736
884,42122.73202008185,4761.463736251523,42122.73202008185,39821.223929592736
885,41021.51056327684,4541.4781644242885,41021.51056327684,39821.223929592736
886,41022.92813935827,4541.4287212360505,41022.92813935827,39821.223929592736
887,39913.74042731293,3786.4084992350845,39913.74042731293,39821.223929592736
888,41381.86112654708,4560.058815981349,41381.86112654708,39821.223929592736
889,40239.9094997941,3811.0156447347435,40239.9094997941,39821.223929592736
890,40210.316469066536,3777.0757547608164,40210.316469066536,39821.223929592736
891,43446.18581686171,6329.902133674957,43446.18581686171,39821.223929592736
892,40242.05271535865,3777.8966988407437,40242.05271535865,39821.223929592736
893,40238.29945558859,3781.540909596064,40238.29945558859,39821.223929592736
894,42264.89608590862,5483.071564215697,42264.89608590862,39821.223929592736
895,42062.21199576579,5453.91939502978,42062.21199576579,39821.223929592736
896,40583.06547260668,3792.27828066311,40583.06547260668,39821.223929592736
897,39913.72510129287,3777.0757547608164,39913.72510129287,39821.223929592736
898,40022.11799663296,3777.0757547608164,40022.11799663296,39821.223929592736
899,40975.72933044388,4609.838179553971,40975.72933044388,39821.223929592736
900,40057.78899628807,3777.0757547608164,40057.78899628807,39821.223929592736
901,40068.88295529508,3801.930457572712,40068.88295529508,39821.223929592736
902,40221.17820046957,3784.2400337613844,40221.17820046957,39821.223929592736
903,42279.48134624147,5321.448546139107,42279.48134624147,39821.223929592736
904,39982.841249338635,3777.0757547608164,39982.841249338635,39821.223929592736
905,40116.5453935761,3777.0757547608164,40116.5453935761,39821.223929592736
906,39935.40151327907,3777.0757547608164,39935.40151327907,39821.223929592736
907,39931.30246425414,3777.0757547608164,39931.30246425414,39821.223929592736
908,39951.9239037769,3709.5845016154026,39951.9239037769,39821.223929592736
909,40076.78493521777,3860.2487592581865,40076.78493521777,39821.223929592736
910,41252.60586470259,4626.453699126457,41252.60586470259,39821.223929592736
911,40462.516986192364,3709.5845016154026,40462.516986192364,39821.223929592736
912,41254.246491218975,4601.66317088026,41254.246491218975,39821.223929592736
913,39980.687847027635,3777.0757547608164,39980.687847027635,39821.223929592736
914,40050.28637171088,3777.0757547608164,40050.28637171088,39821.223929592736
915,40000.781276682115,3812.312802320178,40000.781276682115,39821.223929592736
916,42342.570913892465,5656.41768477497,42342.570913892465,39821.223929592736
917,39940.48139749358,3777.0757547608164,39940.48139749358,39821.223929592736
918,41927.656976991406,5550.562817361111,41927.656976991406,39821.223929592736
919,39902.22215695048,3767.2305927113675,39902.22215695048,39821.223929592736
920,41187.12724372796,4541.4287212360505,41187.12724372796,39821.223929592736
921,40102.4572079264,3777.0757547608164,40102.4572079264,39821.223929592736
922,39947.20498111338,3777.0757547608164,39947.20498111338,39821.223929592736
923,39988.11031999661,3777.0757547608164,39988.11031999661,39821.223929592736
924,39911.92354407938,3734.2377161627423,39911.92354407938,39821.223929592736
925,39821.22392959274,3777.0757547608164,39821.22392959274,39821.223929592736
926,41326.217249704045,4705.355060831644,41326.217249704045,39821.223929592736
927,41145.60627463233,4594.939800868917,41145.60627463233,39821.223929592736
928,40043.99564335188,3894.04355874171,40043.99564335188,39821.223929592736
929,41380.65212139827,4657.277092475253,41380.65212139827,39821.223929592736
930,39951.407982620585,3777.0757547608164,39951.407982620585,39821.223929592736
931,39888.23820137011,3777.0757547608164,39888.23820137011,39821.223929592736
932,40951.98763985625,4604.902407439995,40951.98763985625,39821.223929592736
933,39973.41416577404,3777.0757547608164,39973.41416577404,39821.223929592736
934,39897.673134869525,3777.0757547608164,39897.673134869525,39821.223929592736
935,41045.11671610625,4613.149867125736,41045.11671610625,39821.223929592736
936,39999.42157454257,3777.0757547608164,39999.42157454257,39821.223929592736
937,40928.37664216652,4668.860769029777,40928.37664216652,39821.223929592736
938,43294.06170645046,6362.951552062983,43294.06170645046,39821.223929592736
939,41060.050233615955,4541.4287212360505,41060.050233615955,39821.223929592736
940,40037.55332232926,3777.0757547608164,40037.55332232926,39821.223929592736
941,39892.56872617946,3777.0757547608164,39892.56872617946,39821.223929592736
942,40312.798008726626,3777.0757547608164,40312.798008726626,39821.223929592736
943,39947.708170225706,3777.0757547608164,39947.708170225706,39821.223929592736
944,40056.36377707859,3777.0757547608164,40056.36377707859,39821.223929592736
945,41109.363084230834,4585.065689765562,41109.363084230834,39821.223929592736
946,40065.10882217598,3777.0757547608164,40065.10882217598,39821.223929592736
947,40049.724681826854,3778.145620627438,40049.724681826854,39821.223929592736
948,39821.22392959274,3777.0757547608164,39821.22392959274,39821.223929592736
949,42351.05343196306,5442.150965041241,42351.05343196306,39821.223929592736
950,40133.62813407932,3800.284116102037,40133.62813407932,39821.223929592736
951,39823.596839947844,3709.5845016154026,39823.596839947844,39821.223929592736
952,39986.75674089107,3777.0757547608164,39986.75674089107,39821.223929592736
953,40962.04221762311,4517.411228379079,40962.04221762311,39821.223929592736
954,40003.29495984098,3777.0757547608164,40003.29495984098,39821.223929592736
955,41169.04056273223,4541.4287212360505,41169.04056273223,39821.223929592736
956,41304.20092211726,4518.382400735327,41304.20092211726,39821.223929592736
957,39991.05900880081,3777.0757547608164,39991.05900880081,39821.223929592736
958,39886.29086270112,3777.0757547608164,39886.29086270112,39821.223929592736
959,40043.60133311676,3777.0757547608164,40043.60133311676,39821.223929592736
960,41181.55593129341,4519.727089000646,41181.55593129341,39821.223929592736
961,41281.08614328305,4644.475619436735,41281.08614328305,39821.223929592736
962,39963.85203406831,3777.0757547608164,39963.85203406831,39821.223929592736
963,40116.090836470845,3777.0757547608164,40116.090836470845,39821.223929592736
964,43350.478108705975,6343.640404401618,43350.478108705975,39821.223929592736
965,39930.03077938342,3777.0757547608164,39930.03077938342,39821.223929592736
966,39871.613827792346,3777.0757547608164,39871.613827792346,39821.223929592736
967,40029.6248995645,3777.0757547608164,40029.6248995645,39821.223929592736
968,39949.07312392622,3851.9296330860548,39949.07312392622,39821.223929592736
969,39949.59053273765,3709.5845016154026,39949.59053273765,39821.223929592736
970,40249.17913296343,3872.573745556575,40249.17913296343,39821.223929592736
971,40042.025669248425,3777.0757547608164,40042.025669248425,39821.223929592736
972,40179.003636225316,3812.312802320178,40179.003636225316,39821.223929592736
973,39886.61730540226,3777.0757547608164,39886.61730540226,39821.223929592736
974,40967.17247095326,4541.4781644242885,40967.17247095326,39821.223929592736
975,40300.261958880794,3823.5681571655414,40300.261958880794,39821.223929592736
976,40141.892152648456,3777.0757547608164,40141.892152648456,39821.223929592736
977,42404.50506453436,5467.471925278276,42404.50506453436,39821.223929592736
978,40106.855920626076,3829.3844471606344,40106.855920626076,39821.223929592736
979,40131.168162859205,3758.3607232183945,40131.168162859205,39821.223929592736
980,43331.6593209197,5365.220963254532,43331.6593209197,39821.223929592736
981,41015.333925047555,4613.520538548917,41015.333925047555,39821.223929592736
982,40096.586282091375,3777.0757547608164,40096.586282091375,39821.223929592736
983,42305.44854673401,5463.987996536923,42305.44854673401,39821.223929592736
984,42056.33209851404,5441.4997866559515,42056.33209851404,39821.223929592736
985,40148.39379961071,3898.766158494541,40148.39379961071,39821.223929592736
986,40007.96117483433,3777.0757547608164,40007.96117483433,39821.223929592736
987,42202.96832249736,5464.600646938423,42202.96832249736,39821.223929592736
988,39954.79952120152,3777.0757547608164,39954.79952120152,39821.223929592736
989,40277.690414334684,3777.0757547608164,40277.690414334684,39821.223929592736
990,40111.16245729466,3795.9727362056233,40111.16245729466,39821.223929592736
991,40161.51248239761,3747.4278179678317,40161.51248239761,39821.223929592736
992,41126.13166494756,4665.2939079520875,41126.13166494756,39821.223929592736
993,39897.81416312889,3777.0757547608164,39897.81416312889,39821.223929592736
994,39892.65361935873,3777.0757547608164,39892.65361935873,39821.223929592736
995,39941.59141242234,3777.0757547608164,39941.59141242234,39821.223929592736
996,40948.29372414536,4519.727089000646,40948.29372414536,39821.223929592736
997,40039.07535237792,3777.0757547608164,40039.07535237792,39821.223929592736
998,39987.16166469358,3709.5845016154026,39987.16166469358,39821.223929592736
999,39983.89163916359,3812.312802320178,39983.89163916359,39821.223929592736
1000,40971.65668733938,4601.975648536036,40971.65668733938,39821.223929592736
1001,40007.38600767888,3777.0757547608164,40007.38600767888,39821.223929592736
1002,39891.372462729654,3777.0757547608164,39891.372462729654,39821.223929592736
1003,40312.51753402115,3777.0757547608164,40312.51753402115,39821.223929592736
1004,39957.51069352854,3777.0757547608164,39957.51069352854,39821.223929592736
1005,42054.85540162282,5461.5955556785,42054.85540162282,39821.223929592736
1006,39927.40988045441,3777.0757547608164,39927.40988045441,39821.223929592736
1007,42140.956069230684,5433.21373550501,42140.956069230684,39821.223929592736
1008,39893.58464593496,3777.0757547608164,39893.58464593496,39821.223929592736
1009,42308.02986484043,5691.589593721701,42308.02986484043,39821.223929592736
1010,39938.048296623885,3777.0757547608164,39938.048296623885,39821.223929592736
1011,41212.58768934179,4622.93404153692,41212.58768934179,39821.223929592736
1012,39886.229347456654,3777.0757547608164,39886.229347456654,39821.223929592736
1013,40059.1055758027,3777.0757547608164,40059.1055758027,39821.223929592736
1014,39996.77041749907,3788.9417289117932,39996.77041749907,39821.223929592736
1015,42050.325070717765,5550.562817361111,42050.325070717765,39821.223929592736
1016,41021.51234148937,4541.42872123605,41021.51234148937,39821.223929592736
1017,39880.703951522846,3797.9779621525713,39880.703951522846,39821.223929592736
1018,41016.82372973282,4541.4287212360505,41016.82372973282,39821.223929592736
1019,40108.241587480916,3709.5845016154026,40108.241587480916,39821.223929592736
1020,41041.08888759365,4652.266393825355,41041.08888759365,39821.223929592736
1021,40988.297501069384,4541.4287212360505,40988.297501069384,39821.223929592736
1022,39912.779108337294,3777.0757547608164,39912.779108337294,39821.223929592736
1023,40142.29837499327,3805.1467374314793,40142.29837499327,39821.223929592736
1024,43189.26771334899,6388.588385411126,43189.26771334899,39821.223929592736
1025,41343.65035618395,4685.675250496313,41343.65035618395,39821.223929592736
1026,40058.3826041894,3777.0757547608164,40058.3826041894,39821.223929592736
1027,39864.2602323337,3777.0757547608164,39864.2602323337,39821.223929592736
1028,40057.10907827918,3777.0757547608164,40057.10907827918,39821.223929592736
1029,39821.22392959274,3777.0757547608164,39821.22392959274,39821.223929592736
1030,39875.35635979867,3777.0757547608164,39875.35635979867,39821.223929592736
1031,40219.741790733315,3777.0757547608164,40219.741790733315,39821.223929592736
1032,41030.358992151705,4601.66317088026,41030.358992151705,39821.223929592736
1033,40075.06852408961,3777.0757547608164,40075.06852408961,39821.223929592736
1034,40247.97969336926,3814.8211287880467,40247.97969336926,39821.223929592736
1035,39821.22392959274,3777.0757547608164,39821.22392959274,39821.223929592736
1036,41097.68968218308,4616.800350276564,41097.68968218308,39821.223929592736
1037,43196.24399521081,6090.067873500026,43196.24399521081,39821.223929592736
1038,41136.931368686215,4657.437730957278,41136.931368686215,39821.223929592736
1039,40180.639746894325,3783.4367113131384,40180.639746894325,39821.223929592736
1040,40011.3881230445,3821.7382261932385,40011.3881230445,39821.223929592736
1041,41223.127226409226,4687.900894554712,41223.127226409226,39711.06003584386
1042,40130.22874332235,3806.5631424337444,40130.22874332235,39711.06003584386
1043,40301.73665675856,3777.0757547608164,40301.73665675856,39711.06003584386
1044,40827.17298062217,4598.7918925404065,40827.17298062217,39711.06003584386
1045,39785.70685247936,3777.0757547608164,39785.70685247936,39711.06003584386
1046,41034.8364601586,4517.541842598002,41034.8364601586,39711.06003584386
1047,41057.93582243554,4541.4287212360505,41057.93582243554,39711.06003584386
1048,40046.13333811215,3777.0757547608164,40046.13333811215,39711.06003584386
1049,40083.09108095801,3777.0757547608164,40083.09108095801,39711.06003584386
1050,40268.17757605169,3830.9930053402095,40268.17757605169,39711.06003584386
1051,41031.89124542057,4665.322089934005,41031.89124542057,39711.06003584386
1052,39920.67064820277,3742.3957938669614,39920.67064820277,39711.06003584386
1053,40171.003970567916,3833.5641798910374,40171.003970567916,39711.06003584386
1054,41862.254673920244,5281.894809073236,41862.254673920244,39711.06003584386
1055,39823.708482507405,3777.0757547608164,39823.708482507405,39711.06003584386
1056,41062.20564530905,4620.434827261651,41062.20564530905,39711.06003584386
1057,43046.20276606621,6186.343337751766,43046.20276606621,39711.06003584386
1058,39851.944963681955,3888.923324472403,39851.944963681955,39711.06003584386
1059,41152.623138033945,4585.065689765562,41152.623138033945,39711.06003584386
1060,40378.2864722475,3709.5845016154026,40378.2864722475,39711.06003584386
1061,40811.83844041331,4541.4287212360505,40811.83844041331,39711.06003584386
1062,40967.960638361066,4662.352916960903,40967.960638361066,39711.06003584386
1063,40364.47210482817,3777.0757547608164,40364.47210482817,39711.06003584386
1064,39835.41920017635,3777.0757547608164,39835.41920017635,39711.06003584386
1065,39771.57361003695,3777.0757547608164,39771.57361003695,39711.06003584386
1066,39890.769992238515,3777.0757547608164,39890.769992238515,39711.06003584386
1067,39926.167464951526,3777.0757547608164,39926.167464951526,39711.06003584386
1068,41116.91842061233,4597.036318472386,41116.91842061233,39711.06003584386
1069,40074.61375464981,3800.7194392513643,40074.61375464981,39711.06003584386
1070,39773.0627220749,3777.0757547608164,39773.0627220749,39711.06003584386
1071,39951.23839096754,3802.100886474166,39951.23839096754,39711.06003584386
1072,39737.09355096604,3777.0757547608164,39737.09355096604,39711.06003584386
1073,39874.057496805464,3777.0757547608164,39874.057496805464,39711.06003584386
1074,39789.95696321437,3777.0757547608164,39789.95696321437,39711.06003584386
1075,39996.42430038139,3777.0757547608164,39996.42430038139,39711.06003584386
1076,40828.63666847865,4589.464489462688,40828.63666847865,39711.06003584386
1077,39766.44798394867,3777.0757547608164,39766.44798394867,39711.06003584386
1078,41215.22531884577,4626.453699126457,41215.22531884577,39711.06003584386
1079,40912.312559525635,4645.38229364423,40912.312559525635,39711.06003584386
1080,39890.191921980346,3777.0757547608164,39890.191921980346,39711.06003584386
1081,39711.06003584387,3777.0757547608164,39711.06003584387,39711.06003584386
1082,40786.65735488206,4519.727089000646,40786.65735488206,39711.06003584386
1083,39765.44057467081,3766.6007306145575,39765.44057467081,39711.06003584386
1084,39919.06753495046,3777.0757547608164,39919.06753495046,39711.06003584386
1085,40926.42520473305,4605.9154607496375,40926.42520473305,39711.06003584386
1086,40971.88492123694,4623.062966674605,40971.88492123694,39711.06003584386
1087,39882.04082211015,3777.0757547608164,39882.04082211015,39711.06003584386
1088,39812.954794342164,3767.2305927113675,39812.954794342164,39711.06003584386
1089,39941.81726813309,3709.5845016154026,39941.81726813309,39711.06003584386
1090,39984.455576668406,3777.0757547608164,39984.455576668406,39711.06003584386
1091,40778.81447131421,4642.884509158832,40778.81447131421,39711.06003584386
1092,39924.5974319468,3896.1946120931925,39924.5974319468,39711.06003584386
1093,40126.55808527606,3853.594465358458,40126.55808527606,39711.06003584386
1094,39899.634607671855,3777.0757547608164,39899.634607671855,39711.06003584386
1095,39801.684595332794,3777.0757547608164,39801.684595332794,39711.06003584386
1096,39809.3960060103,3777.0757547608164,39809.3960060103,39711.06003584386
1097,39951.338020925214,3777.0757547608164,39951.338020925214,39711.06003584386
1098,41035.79460696591,4594.939800868917,41035.79460696591,39711.06003584386
1099,40797.87230717938,4561.26305417308,40797.87230717938,39711.06003584386
1100,39857.62383461875,3830.1147852681156,39857.62383461875,39711.06003584386
1101,40785.04523243249,4649.11527027711,40785.04523243249,39711.06003584386
1102,39934.53270631316,3777.0757547608164,39934.53270631316,39711.06003584386
1103,39711.06003584387,3777.0757547608164,39711.06003584387,39711.06003584386
1104,40937.85245498174,4709.677416685908,40937.85245498174,39711.06003584386
1105,40840.00365115378,4613.520538548916,40840.00365115378,39711.06003584386
1106,40152.17593875218,3777.0757547608164,40152.17593875218,39711.06003584386
1107,41184.91691873306,4541.4781644242885,41184.91691873306,39711.06003584386
1108,39856.532896144396,3777.0757547608164,39856.532896144396,39711.06003584385
1109,40100.93186216175,3777.0757547608164,40100.93186216175,39711.06003584385
1110,39968.72167990518,3834.949481512359,39968.72167990518,39711.06003584385
1111,41059.379283612594,4561.263054173079,41059.379283612594,39711.06003584385
1112,41159.03128217366,4747.286250718728,41159.03128217366,39711.06003584385
1113,39887.42033240894,3777.0757547608164,39887.42033240894,39711.06003584385
1114,39711.06003584385,3777.0757547608164,39711.06003584385,39711.06003584385
1115,41912.73194075962,5381.223617884649,41912.73194075962,39711.06003584385
1116,39905.80284203709,3777.0757547608164,39905.80284203709,39711.06003584385
1117,39711.06003584385,3777.0757547608164,39711.06003584385,39711.06003584385
1118,39969.706652827605,3777.0757547608164,39969.706652827605,39711.06003584385
1119,39711.06003584385,3777.0757547608164,39711.06003584385,39711.06003584385
1120,39869.11383026241,3777.0757547608164,39869.11383026241,39711.06003584385
1121,41247.068010417766,4692.580892657558,41247.068010417766,39711.06003584385
1122,40052.42338586984,3777.0757547608164,40052.42338586984,39711.06003584385
1123,41181.28688354503,4610.908045420592,41181.28688354503,39711.06003584385
1124,39877.59078354753,3777.0757547608164,39877.59078354753,39711.06003584385
1125,40065.24821612814,3777.0757547608164,40065.24821612814,39711.06003584385
1126,39761.77249318749,3777.0757547608164,39761.77249318749,39711.06003584385
1127,41005.90397286247,4615.271273571904,41005.90397286247,39711.06003584385
1128,39727.804073262596,3777.0757547608164,39727.804073262596,39711.06003584385
1129,40078.6598422001,3777.0757547608164,40078.6598422001,39711.06003584385
1130,39773.88881041525,3777.0757547608164,39773.88881041525,39711.06003584385
1131,40998.6919736249,4623.062966674605,40998.6919736249,39711.06003584385
1132,40044.41713758836,3798.348960888651,40044.41713758836,39711.06003584385
1133,39881.03086185949,3777.0757547608164,39881.03086185949,39711.06003584385
1134,39908.300889063124,3777.0757547608164,39908.300889063124,39711.06003584385
1135,40034.43868469711,3777.0757547608164,40034.43868469711,39711.06003584385
1136,40163.950842895276,3777.0757547608164,40163.950842895276,39711.06003584385
1137,39902.82756386396,3777.0757547608164,39902.82756386396,39711.06003584385
1138,42065.123161379626,5378.776749459881,42065.123161379626,39711.06003584385
1139,40834.653787506766,4598.7918925404065,40834.653787506766,39711.06003584385
1140,39984.86611077834,3858.9332343624146,39984.86611077834,39711.06003584385
1141,40062.4607036996,3830.9666955504154,40062.4607036996,39711.06003584385
1142,40001.78141642779,3849.447795952533,40001.78141642779,39711.06003584385
1143,39919.69000324884,3777.0757547608164,39919.69000324884,39711.06003584385
1144,40179.75046046718,3777.0757547608164,40179.75046046718,39711.06003584385
1145,40937.27389190577,4637.863807686231,40937.27389190577,39711.06003584385
1146,40210.53678556044,3767.458228366945,40210.53678556044,39711.06003584385
1147,39914.68531720467,3801.9710475122433,39914.68531720467,39711.06003584385
1148,39814.4829442372,3777.0757547608164,39814.4829442372,39711.06003584385
1149,40832.6801166137,4608.090842393159,40832.6801166137,39711.06003584385
1150,39718.2458323531,3777.0757547608164,39718.2458323531,39711.06003584385
1151,39857.380076852955,3777.0757547608164,39857.380076852955,39711.06003584385
1152,39832.967530685906,3777.0757547608164,39832.967530685906,39711.06003584385
1153,41931.19118262913,5594.027364048936,41931.19118262913,39711.06003584385
1154,39825.707002404335,3777.0757547608164,39825.707002404335,39711.06003584385
1155,39910.006928974086,3826.4001427938774,39910.006928974086,39711.06003584385
1156,39912.846543160544,3777.0757547608164,39912.846543160544,39711.06003584385
1157,42114.63991760917,5411.1285637648925,42114.63991760917,39711.06003584385
1158,39929.40411780729,3777.0757547608164,39929.40411780729,39711.06003584385
1159,39787.18285247793,3777.0757547608164,39787.18285247793,39711.06003584385
1160,41009.5908641155,4493.771801027666,41009.5908641155,39711.06003584385
1161,40854.5516799881,4636.695661903281,40854.5516799881,39711.06003584385
1162,40045.87294423096,3709.5845016154026,40045.87294423096,39711.06003584385
1163,41226.65129577408,4572.49124091496,41226.65129577408,39711.06003584385
1164,40817.667920003776,4541.4781644242885,40817.667920003776,39711.06003584385
1165,39838.84549935701,3777.0757547608164,39838.84549935701,39711.06003584385
1166,39943.14633148199,3777.0757547608164,39943.14633148199,39711.06003584385
1167,39952.795367182494,3797.9533892479644,39952.795367182494,39711.06003584385
1168,39729.72069975785,3777.0757547608164,39729.72069975785,39711.06003584385
1169,44447.51694473053,6185.278881756194,44447.51694473053,39711.06003584385
1170,40223.1981143734,3830.9764125317865,40223.1981143734,39711.06003584385
1171,40821.429837842064,4541.4781644242885,40821.429837842064,39711.06003584385
1172,40037.37858185584,3808.6332857701213,40037.37858185584,39711.06003584385
1173,42083.21546878435,5550.562817361111,42083.21546878435,39711.06003584385
1174,41053.367395504356,4596.6708636063795,41053.367395504356,39711.06003584385
1175,41873.710825854476,5454.485991324113,41873.710825854476,39711.06003584385
1176,39986.8249088303,3777.0757547608164,39986.8249088303,39711.06003584385
1177,39903.90876834287,3893.463621276051,39903.90876834287,39711.06003584385
1178,44035.855211719165,7175.253507213983,44035.855211719165,39711.06003584385
1179,39943.23182533398,3841.851367455719,39943.23182533398,39711.06003584385
1180,39950.696564710684,3777.0757547608164,39950.696564710684,39711.06003584385
1181,39801.15474986854,3777.0757547608164,39801.15474986854,39711.06003584385
1182,40051.34140795014,3800.7194392513643,40051.34140795014,39711.06003584385
1183,41255.88794795265,4609.838179553971,41255.88794795265,39711.06003584385
1184,39720.49690646013,3777.0757547608164,39720.49690646013,39711.06003584385
1185,39870.36360614912,3793.0857996089444,39870.36360614912,39711.06003584385
1186,39997.25760297959,3910.85615647701,39997.25760297959,39711.06003584385
1187,41170.34859223252,4685.839178129268,41170.34859223252,39711.06003584385
1188,41153.349095171514,4620.681132921729,41153.349095171514,39711.06003584385
1189,39791.36132619827,3777.0757547608164,39791.36132619827,39711.06003584385
1190,40055.061240228155,3796.200333520284,40055.061240228155,39711.06003584385
1191,41098.03323775354,4665.256262750923,41098.03323775354,39711.06003584385
1192,39931.29032828211,3777.0757547608164,39931.29032828211,39711.06003584385
1193,39881.11052883924,3813.652169768791,39881.11052883924,39711.06003584385
1194,39891.496916481236,3777.0757547608164,39891.496916481236,39711.06003584385
1195,40062.73259417148,3781.5100718407384,40062.73259417148,39711.06003584385
1196,39865.02987773135,3777.0757547608164,39865.02987773135,39711.06003584385
1197,39832.37050485569,3777.0757547608164,39832.37050485569,39711.06003584385
1198,41061.53661969217,4585.065689765562,41061.53661969217,39711.06003584385
1199,40115.96044176162,3777.0757547608164,40115.96044176162,39711.06003584385
1200,39979.630549527785,3777.0757547608164,39979.630549527785,39711.06003584385
1201,40109.92975246181,3777.0757547608164,40109.92975246181,39711.06003584385
1202,41375.345170564266,4609.156522279004,41375.345170564266,39711.06003584385
1203,43147.250897836944,6152.656468761123,43147.250897836944,39711.06003584385
1204,40147.97402626459,3777.0757547608164,40147.97402626459,39711.06003584385
1205,41062.22883787048,4531.946180000621,41062.22883787048,39711.06003584385
1206,40036.884671730644,3777.0757547608164,40036.884671730644,39711.06003584385
1207,40908.35621209561,4552.555833189186,40908.35621209561,39711.06003584385
1208,41253.83464241986,4705.355060831645,41253.83464241986,39711.06003584385
1209,40011.73521931241,3880.4432406501246,40011.73521931241,39711.06003584385
1210,40959.572861969216,4581.595553029506,40959.572861969216,39711.06003584385
1211,41207.429891883236,4541.4287212360505,41207.429891883236,39711.06003584385
1212,39885.29035066575,3777.0757547608164,39885.29035066575,39711.06003584385
1213,39967.947186278085,3721.7206617423944,39967.947186278085,39711.06003584385
1214,40926.71398540314,4595.976578317501,40926.71398540314,39711.06003584385
1215,41161.6137899746,4772.502953880225,41161.6137899746,39711.06003584385
1216,39841.20820106796,3777.0757547608164,39841.20820106796,39711.06003584385
1217,39842.50675900355,3777.0757547608164,39842.50675900355,39711.06003584385
1218,42033.90693979683,5550.562817361111,42033.90693979683,39711.06003584385
1219,39988.431034307534,3709.5845016154026,39988.431034307534,39711.06003584385
1220,39742.61530097088,3808.631019887837,39742.61530097088,39711.06003584385
1221,40046.350308250134,3864.881499775102,40046.350308250134,39711.06003584385
1222,40221.64645695159,3777.0757547608164,40221.64645695159,39711.06003584385
1223,40928.34912186176,4517.411228379079,40928.34912186176,39711.06003584385
1224,42089.077003033766,5469.222315782763,42089.077003033766,39711.06003584385
1225,39847.88327492344,3777.0757547608164,39847.88327492344,39711.06003584385
1226,39901.83011666876,3777.0757547608164,39901.83011666876,39711.06003584385
1227,39959.61559082808,3777.0757547608164,39959.61559082808,39711.06003584385
1228,40986.31064034213,4519.727089000646,40986.31064034213,39711.06003584385
1229,39878.58985298578,3766.6007306145575,39878.58985298578,39711.06003584385
1230,39907.755538651465,3777.0757547608164,39907.755538651465,39711.06003584385
1231,39876.82986181011,3785.0599093401715,39876.82986181011,39711.06003584385
1232,40166.8425966778,3802.100886474166,40166.8425966778,39711.06003584385
1233,39989.15333800581,3729.5743000586435,39989.15333800581,39711.06003584385
1234,40046.00577787041,3777.0757547608164,40046.00577787041,39711.06003584385
1235,39848.54388046491,3777.0757547608164,39848.54388046491,39711.06003584385
1236,41026.45168520047,4648.343309215563,41026.45168520047,39711.06003584385
1237,40085.86786282472,3867.7331108384183,40085.86786282472,39711.06003584385
1238,40135.27559803416,3849.447795952533,40135.27559803416,39711.06003584385
1239,39774.135198674354,3824.0256728404493,39774.135198674354,39711.06003584385
1240,39941.0341630517,3777.0757547608164,39941.0341630517,39711.06003584385
1241,39797.66191508531,3777.0757547608164,39797.66191508531,39711.06003584385
1242,40199.67225333195,3777.0757547608164,40199.67225333195,39711.06003584385
1243,40090.69958910292,3900.7762535953952,40090.69958910292,39711.06003584385
1244,41049.9284139317,4550.7976871536175,41049.9284139317,39711.06003584385
1245,39760.47606808661,3759.0005338581527,39760.47606808661,39711.06003584385
1246,41094.58394316963,4626.453699126458,41094.58394316963,39711.06003584385
1247,40062.76735036083,3709.5845016154026,40062.76735036083,39711.06003584385
1248,40897.31836888173,4541.42872123605,40897.31836888173,39711.06003584385
1249,40948.978166765766,4590.112715950165,40948.978166765766,39711.06003584385
1250,39935.7827294977,3777.0757547608164,39935.7827294977,39711.06003584385
1251,39838.763218797234,3777.0757547608164,39838.763218797234,39711.06003584385
1252,41048.888757185414,4597.036318472386,41048.888757185414,39711.06003584385
1253,40316.18702796302,3777.0757547608164,40316.18702796302,39711.06003584385
1254,40040.83217075368,3777.0757547608164,40040.83217075368,39711.06003584385
1255,40301.18920137746,3777.0757547608164,40301.18920137746,39711.06003584385
1256,40176.23160259537,3777.0757547608164,40176.23160259537,39711.06003584385
1257,39860.80110754261,3777.0757547608164,39860.80110754261,39711.06003584385
1258,41228.62728724837,4705.355060831645,41228.62728724837,39711.06003584385
1259,39944.417224102835,3777.0757547608164,39944.417224102835,39711.06003584385
1260,41078.95005652514,4595.976578317501,41078.95005652514,39711.06003584385
1261,40940.50646687296,4501.51276667512,40940.50646687296,39711.06003584385
1262,39941.74128666948,3737.0381270764738,39941.74128666948,39711.06003584385
1263,40045.11662267252,3848.5791600002494,40045.11662267252,39711.06003584385
1264,39879.15700768053,3777.0757547608164,39879.15700768053,39711.06003584385
1265,40118.537557237476,3792.483360080295,40118.537557237476,39711.06003584385
1266,40126.318790748,3777.0757547608164,40126.318790748,39711.06003584385
1267,41185.25228320794,4761.116768796685,41185.25228320794,39711.06003584385
1268,39987.30100774452,3810.5585809829586,39987.30100774452,39711.06003584385
1269,39781.669829978884,3777.0757547608164,39781.669829978884,39711.06003584385
1270,39711.06003584385,3777.0757547608164,39711.06003584385,39711.06003584385
1271,40951.768064227224,4572.49124091496,40951.768064227224,39711.06003584385
1272,40151.22746050476,3777.0757547608164,40151.22746050476,39711.06003584385
1273,39846.80801223567,3777.0757547608164,39846.80801223567,39711.06003584385
1274,40035.93663524461,3826.4917870035665,40035.93663524461,39711.06003584385
1275,40260.32317135181,3871.7272883178803,40260.32317135181,39711.06003584385
1276,40211.14491847265,3777.0757547608164,40211.14491847265,39711.06003584385
1277,39869.12453205684,3777.0757547608164,39869.12453205684,39711.06003584385
1278,39899.529596330736,3777.0757547608164,39899.529596330736,39711.06003584385
1279,40204.961464658925,3870.4412424400944,40204.961464658925,39711.06003584385
1280,41044.78233071287,4637.551505842239,41044.78233071287,39711.06003584385
1281,39788.63805220663,3777.0757547608164,39788.63805220663,39711.06003584385
1282,39951.99928913191,3777.0757547608164,39951.99928913191,39711.06003584385
1283,41053.945018791404,4613.520538548917,41053.945018791404,39711.06003584385
1284,39999.42538862975,3777.0757547608164,39999.42538862975,39711.06003584385
1285,40922.20410658374,4541.4781644242885,40922.20410658374,39711.06003584385
1286,39839.02350525325,3797.835312042031,39839.02350525325,39711.06003584385
1287,41291.00135136285,4569.004019820533,41291.00135136285,39711.06003584385
1288,42054.383924607464,5373.330381421508,42054.383924607464,39711.06003584385
1289,40262.51339308258,3793.8077171628693,40262.51339308258,39711.06003584385
1290,44231.44636508193,6271.052489024818,44231.44636508193,39711.06003584385
1291,39752.004409423935,3777.0757547608164,39752.004409423935,39711.06003584385
1292,40122.314231291515,3864.881499775102,40122.314231291515,39711.06003584385
1293,39891.76651705057,3810.886549825505,39891.76651705057,39711.06003584385
1294,39987.35980574185,3777.0757547608164,39987.35980574185,39711.06003584385
1295,39872.43704161972,3777.0757547608164,39872.43704161972,39711.06003584385
1296,40002.51758424648,3777.0757547608164,40002.51758424648,39711.06003584385
1297,40190.90973585695,3864.881499775102,40190.90973585695,39711.06003584385
1298,42947.739183023536,6195.455311342824,42947.739183023536,39711.06003584385
1299,40088.681147512296,3777.0757547608164,40088.681147512296,39711.06003584385
1300,39969.225647717656,3777.0757547608164,39969.225647717656,39711.06003584385
1301,41196.24171279503,4625.14345934525,41196.24171279503,39711.06003584385
1302,39879.39745305395,3777.0757547608164,39879.39745305395,39711.06003584385
1303,39863.14899885027,3777.0757547608164,39863.14899885027,39711.06003584385
1304,39880.88640631644,3777.0757547608164,39880.88640631644,39711.06003584385
1305,40241.72123869245,3814.263230397076,40241.72123869245,39711.06003584385
1306,39891.67841010379,3709.5845016154026,39891.67841010379,39711.06003584385
1307,39746.026100436306,3777.0757547608164,39746.026100436306,39711.06003584385
1308,39960.08543597552,3859.9746132257087,39960.08543597552,39711.06003584385
1309,40124.62603085312,3943.187843889438,40124.62603085312,39711.06003584385
1310,39871.71380781496,3793.0857996089444,39871.71380781496,39711.06003584385
1311,40162.34559862095,3777.0757547608164,40162.34559862095,39711.06003584385
1312,39804.850537237784,3777.0757547608164,39804.850537237784,39711.06003584385
1313,39727.280723958815,3785.0599093401715,39727.280723958815,39711.06003584385
1314,40174.84170582818,3777.0757547608164,40174.84170582818,39711.06003584385
1315,39834.96053174659,3777.0757547608164,39834.96053174659,39711.06003584385
1316,40054.649527317124,3777.0757547608164,40054.649527317124,39711.06003584385
1317,39916.71482728016,3777.0757547608164,39916.71482728016,39711.06003584385
1318,39794.85552403038,3709.5845016154026,39794.85552403038,39711.06003584385
1319,42258.53173037973,5550.562817361111,42258.53173037973,39711.06003584385
1320,43089.17381945755,6375.927894377167,43089.17381945755,39711.06003584385
1321,40975.967808371155,4572.49124091496,40975.967808371155,39711.06003584385
1322,39863.31382594548,3777.0757547608164,39863.31382594548,39711.06003584385
1323,43191.15419666625,6301.108171993392,43191.15419666625,39711.06003584385
1324,39868.61787259346,3778.046927117065,39868.61787259346,39711.06003584385
1325,40989.71114070357,4601.975648536036,40989.71114070357,39711.06003584385
1326,40955.218567704724,4593.229719569053,40955.218567704724,39711.06003584385
1327,43189.99464249404,6269.833007898576,43189.99464249404,39711.06003584385
1328,39743.1351926583,3777.0757547608164,39743.1351926583,39711.06003584385
1329,39856.491728854366,3777.0757547608164,39856.491728854366,39711.06003584385
1330,39814.68842410595,3777.0757547608164,39814.68842410595,39711.06003584385
1331,39865.89713204962,3713.9779160260196,39865.89713204962,39711.06003584385
1332,41050.89549661147,4658.631055548163,41050.89549661147,39711.06003584385
1333,40767.098172304744,4535.096421287545,40767.098172304744,39711.06003584385
1334,40061.284342724204,3777.0757547608164,40061.284342724204,39711.06003584385
1335,39986.58898186667,3777.0757547608164,39986.58898186667,39711.06003584385
1336,40002.59039325482,3709.5845016154026,40002.59039325482,39711.06003584385
1337,42013.204135346925,4537.520269468788,42013.204135346925,39711.06003584385
1338,41036.48242373045,4598.7918925404065,41036.48242373045,39711.06003584385
1339,39931.225190664256,3777.0757547608164,39931.225190664256,39711.06003584385
1340,39813.98353057483,3777.0757547608164,39813.98353057483,39711.06003584385
1341,40195.471329003005,3777.0757547608164,40195.471329003005,39711.06003584385
1342,40909.02868894192,4630.034752806476,40909.02868894192,39711.06003584385
1343,39839.50169513612,3709.5845016154026,39839.50169513612,39711.06003584385
1344,39781.85535116308,3777.0757547608164,39781.85535116308,39711.06003584385
1345,39837.54494880389,3777.0757547608164,39837.54494880389,39711.06003584385
1346,40008.331040689955,3801.930457572712,40008.331040689955,39711.06003584385
1347,42097.48794379291,5422.766904149071,42097.48794379291,39711.06003584385
1348,39728.73562738822,3777.0757547608164,39728.73562738822,39711.06003584385
1349,39936.873972957685,3777.0757547608164,39936.873972957685,39711.06003584385
1350,39785.68111907192,3777.0757547608164,39785.68111907192,39711.06003584385
1351,41272.10832271735,4665.2939079520875,41272.10832271735,39711.06003584385
1352,40879.88207594339,4595.976578317501,40879.88207594339,39711.06003584385
1353,40052.70975103637,3790.009692563507,40052.70975103637,39711.06003584385
1354,40984.770724906026,4517.411228379079,40984.770724906026,39711.06003584385
1355,39940.26003289069,3777.0757547608164,39940.26003289069,39711.06003584385
1356,41052.208246005124,4595.808865429314,41052.208246005124,39711.06003584385
1357,40020.677623433825,3777.0757547608164,40020.677623433825,39711.06003584385
1358,39865.85019257331,3804.8676779606985,39865.85019257331,39711.06003584385
1359,39757.29922958665,3777.0757547608164,39757.29922958665,39711.06003584385
1360,39711.06003584385,3777.0757547608164,39711.06003584385,39711.06003584385
1361,39711.06003584385,3777.0757547608164,39711.06003584385,39711.06003584385
1362,42991.64711769334,6460.383378876075,42991.64711769334,39711.06003584385
1363,39770.40115515422,3777.0757547608164,39770.40115515422,39711.06003584385
1364,40335.39074669903,3777.0757547608164,40335.39074669903,39711.06003584385
1365,39716.78584964187,3777.0757547608164,39716.78584964187,39711.06003584385
1366,39830.44168839682,3777.0757547608164,39830.44168839682,39711.06003584385
1367,39835.73308063847,3777.0757547608164,39835.73308063847,39711.06003584385
1368,40040.41613843497,3777.0757547608164,40040.41613843497,39711.06003584385
1369,40918.09670035019,4650.727392726677,40918.09670035019,39711.06003584385
1370,40157.66870566234,3777.0757547608164,40157.66870566234,39711.06003584385
1371,42170.84108646555,5373.181901953469,42170.84108646555,39711.06003584385
1372,41048.07712423948,4563.638501880388,41048.07712423948,39711.06003584385
1373,39909.12365687405,3777.0757547608164,39909.12365687405,39711.06003584385
1374,42346.36635926559,5424.321648412437,42346.36635926559,39711.06003584385
1375,40978.551640782964,4629.178928353297,40978.551640782964,39711.06003584385
1376,40078.07815519834,3829.3555012493607,40078.07815519834,39711.06003584385
1377,39877.088037588124,3777.0757547608164,39877.088037588124,39711.06003584385
1378,40875.66289894925,4710.057508728337,40875.66289894925,39711.06003584385
1379,39820.350437502864,3786.7997464599684,39820.350437502864,39711.06003584385
1380,39711.06003584385,3777.0757547608164,39711.06003584385,39711.06003584385
1381,39973.67960572353,3910.8561564770107,39973.67960572353,39711.06003584385
1382,41259.06485852852,4558.962445981044,41259.06485852852,39711.06003584385
1383,39849.28595975662,3799.2855354051544,39849.28595975662,39711.06003584385
1384,39971.547415937595,3777.0757547608164,39971.547415937595,39711.06003584385
1385,39989.29373839296,3777.0757547608164,39989.29373839296,39711.06003584385
1386,40011.94072479561,3800.7194392513643,40011.94072479561,39711.06003584385
1387,39983.15704049824,3777.0757547608164,39983.15704049824,39711.06003584385
1388,40969.01830584172,4541.4781644242885,40969.01830584172,39711.06003584385
1389,39727.177415843806,3777.0757547608164,39727.177415843806,39711.06003584385
1390,41159.73242969311,4541.4781644242885,41159.73242969311,39711.06003584385
1391,39806.619608121095,3777.0757547608164,39806.619608121095,39711.06003584385
1392,40939.66715224594,4642.884509158832,40939.66715224594,39711.06003584385
1393,39713.43294619897,3783.224743239455,39713.43294619897,39711.06003584385
1394,41919.23857793619,5550.562817361111,41919.23857793619,39711.06003584385
1395,41058.13688776901,4585.065689765562,41058.13688776901,39711.06003584385
1396,39849.64119880049,3777.0757547608164,39849.64119880049,39711.06003584385
1397,40029.485167497754,3777.0757547608164,40029.485167497754,39711.06003584385
1398,40016.354119143354,3777.0757547608164,40016.354119143354,39711.06003584385
1399,40051.45147016651,3777.0757547608164,40051.45147016651,39711.06003584385
1400,39868.452772013305,3777.0757547608164,39868.452772013305,39711.06003584385
1401,40040.27874069124,3709.5845016154026,40040.27874069124,39711.06003584385
1402,39780.20761193041,3777.0757547608164,39780.20761193041,39711.06003584385
1403,40868.48248935973,4678.602657950038,40868.48248935973,39711.06003584385
1404,39846.01304684826,3777.0757547608164,39846.01304684826,39711.06003584385
1405,42319.30804199177,5297.109546768058,42319.30804199177,39711.06003584385
1406,40068.372441979576,3777.0757547608164,40068.372441979576,39711.06003584385
1407,39919.31350601824,3777.0757547608164,39919.31350601824,39711.06003584385
1408,39755.5200870097,3777.0757547608164,39755.5200870097,39711.06003584385
1409,39914.886814274374,3777.0757547608164,39914.886814274374,39711.06003584385
1410,41233.85450242421,4633.04819277081,41233.85450242421,39711.06003584385
1411,39775.17883642305,3804.8676779606985,39775.17883642305,39711.06003584385
1412,39903.05877728456,3802.100886474166,39903.05877728456,39711.06003584385
1413,40119.54792599664,3777.0757547608164,40119.54792599664,39711.06003584385
1414,40001.17446907879,3777.0757547608164,40001.17446907879,39711.06003584385
1415,39837.20811460947,3777.0757547608164,39837.20811460947,39711.06003584385
1416,40017.21250309306,3783.870283845082,40017.21250309306,39711.06003584385
1417,39951.947853209385,3778.66083862247,39951.947853209385,39711.06003584385
1418,40008.234691537014,3859.6327765817123,40008.234691537014,39711.06003584385
1419,41185.42467558204,4723.222861871368,41185.42467558204,39711.06003584385
1420,42017.91707787502,5324.461225644822,42017.91707787502,39711.06003584385
1421,41225.499259875774,4762.959330069492,41225.499259875774,39711.06003584385
1422,39758.63930902786,3824.655027944818,39758.63930902786,39711.06003584385
1423,41019.96578622626,4570.575002683783,41019.96578622626,39711.06003584385
1424,40189.118365996685,3849.447795952533,40189.118365996685,39711.06003584385
1425,39774.29307354956,3709.5845016154026,39774.29307354956,39711.06003584385
1426,39796.56969273924,3777.0757547608164,39796.56969273924,39711.06003584385
1427,40078.41807465334,3777.0757547608164,40078.41807465334,39711.06003584385
1428,39787.50448794958,3777.0757547608164,39787.50448794958,39711.06003584385
1429,40007.00901643523,3777.0757547608164,40007.00901643523,39711.06003584385
1430,40786.657354882045,4561.263054173079,40786.657354882045,39711.06003584385
1431,39953.71083877726,3777.0757547608164,39953.71083877726,39711.06003584385
1432,39795.10740253796,3777.0757547608164,39795.10740253796,39711.06003584385
1433,39712.84782452924,3777.0757547608164,39712.84782452924,39711.06003584385
1434,40048.55720621309,3824.0256728404493,40048.55720621309,39711.06003584385
1435,39793.69315596427,3777.0757547608164,39793.69315596427,39711.06003584385
1436,39977.44496199923,3777.0757547608164,39977.44496199923,39711.06003584385
1437,41197.943346953725,4541.4781644242885,41197.943346953725,39711.06003584385
1438,39833.16084909835,3777.0757547608164,39833.16084909835,39711.06003584385
1439,39950.866581046655,3849.488038313516,39950.866581046655,39711.06003584385
1440,40872.286015789294,4545.279561974464,40872.286015789294,39711.06003584385
1441,39988.49637133278,3777.0757547608164,39988.49637133278,39711.06003584385
1442,39980.45325858145,3800.284116102037,39980.45325858145,39711.06003584385
1443,41267.146258477485,4626.453699126457,41267.146258477485,39711.06003584385
1444,39812.78927114872,3777.0757547608164,39812.78927114872,39711.06003584385
1445,39786.06262587502,3777.0757547608164,39786.06262587502,39711.06003584385
1446,41025.04645976992,4602.440831776871,41025.04645976992,39711.06003584385
1447,39829.63199190832,3784.921346300705,39829.63199190832,39711.06003584385
1448,41888.3416420922,5356.678540327224,41888.3416420922,39711.06003584385
1449,40081.812365212085,3777.0757547608164,40081.812365212085,39711.06003584385
1450,39944.301201107155,3777.0757547608164,39944.301201107155,39711.06003584385
1451,40071.76795533199,3821.5628921274133,40071.76795533199,39711.06003584385
1452,40001.51233788136,3783.870283845082,40001.51233788136,39711.06003584385
1453,40065.36613053475,3777.0757547608164,40065.36613053475,39711.06003584385
1454,39915.81754846561,3777.0757547608164,39915.81754846561,39711.06003584385
1455,39875.71258711318,3842.008429809916,39875.71258711318,39711.06003584385
1456,39893.363110138394,3798.740282987869,39893.363110138394,39711.06003584385
1457,40107.613280179445,3777.0757547608164,40107.613280179445,39711.06003584385
1458,39964.05273319388,3777.0757547608164,39964.05273319388,39711.06003584385
1459,39927.61766820532,3777.0757547608164,39927.61766820532,39711.06003584385
1460,40191.84412377142,3792.9599719825324,40191.84412377142,39711.06003584385
1461,39992.396398320976,3777.0757547608164,39992.396398320976,39711.06003584385
1462,39801.71101333222,3777.0757547608164,39801.71101333222,39711.06003584385
1463,39906.405179736816,3777.0757547608164,39906.405179736816,39711.06003584385
1464,40080.40856250269,3777.0757547608164,40080.40856250269,39711.06003584385
1465,39907.03335051957,3836.186378927363,39907.03335051957,39711.06003584385
1466,39802.34298212394,3777.0757547608164,39802.34298212394,39711.06003584385
1467,41148.12292082055,4579.813231426995,41148.12292082055,39711.06003584385
1468,39755.94172265426,3777.0757547608164,39755.94172265426,39702.449593912075
1469,41035.62942434421,4621.178261636157,41035.62942434421,39702.449593912075
1470,41095.823925653036,4616.077161613137,41095.823925653036,39702.449593912075
1471,43183.36857755027,6304.40031307902,43183.36857755027,39702.449593912075
1472,39987.13232972323,3708.723457422225,39987.13232972323,39702.449593912075
1473,40993.54680550621,4569.004019820533,40993.54680550621,39702.449593912075
1474,39821.50093424953,3708.723457422225,39821.50093424953,39702.449593912075
1475,40094.82117804898,3854.2517415266584,40094.82117804898,39702.449593912075
1476,40937.09160931635,4731.945322359095,40937.09160931635,39702.449593912075
1477,40076.317897528585,3777.0757547608164,40076.317897528585,39702.449593912075
1478,39971.33977088377,3777.0757547608164,39971.33977088377,39702.449593912075
1479,39987.387812174646,3777.0757547608164,39987.387812174646,39702.449593912075
1480,40286.37151251159,3828.436267045972,40286.37151251159,39702.449593912075
1481,40809.10027539732,4602.605510632845,40809.10027539732,39702.449593912075
1482,39912.10609891199,3777.0757547608164,39912.10609891199,39702.449593912075
1483,40131.78393651844,3867.473626556423,40131.78393651844,39702.449593912075
1484,42061.785699261534,5401.048628378515,42061.785699261534,39702.449593912075
1485,39746.86250534032,3777.0757547608164,39746.86250534032,39702.449593912075
1486,42963.83307758979,6420.149463606834,42963.83307758979,39702.449593912075
1487,39837.75903319599,3777.0757547608164,39837.75903319599,39702.449593912075
1488,40045.58882087718,3801.930457572712,40045.58882087718,39702.449593912075
1489,39721.987007346455,3777.0757547608164,39721.987007346455,39702.449593912075
1490,41244.82141558027,4706.132589438208,41244.82141558027,39702.449593912075
1491,39901.73964082998,3858.850669473205,39901.73964082998,39702.449593912075
1492,40922.320032835574,4616.036404372075,40922.320032835574,39702.449593912075
1493,39833.175845363774,3777.0757547608164,39833.175845363774,39702.449593912075
1494,41311.83971241281,4562.236877836136,41311.83971241281,39702.449593912075
1495,40981.06013975457,4626.453699126457,40981.06013975457,39702.449593912075
1496,40891.131909260985,4585.065689765562,40891.131909260985,39702.449593912075
1497,40070.08039574839,3937.162601123313,40070.08039574839,39702.449593912075
1498,39778.37930223515,3777.0757547608164,39778.37930223515,39702.449593912075
1499,40014.32661822102,3819.13050909667,40014.32661822102,39702.449593912075
