,per_it_avg_total_length,per_it_avg_max_path_length,per_it_avg_fitness,per_it_best_fitness
0,59815.639448784044,6956.920351477349,415908355.33052534,330741513.5403566
1,58776.869477887754,5559.990170556991,326803655.1564676,287649210.82762736
2,58793.30569525347,4889.679064276396,287479199.2437288,282919787.5769264
3,60029.87530601375,5547.235114252444,340132629.2122785,282919787.5769264
4,59970.86117817667,5560.594245516806,340832359.2849026,281626932.6463627
5,58609.957300704074,4766.561798468678,279366667.77367103,260803732.67824528
6,59695.408237728596,5258.138959457521,321242341.9115935,260803732.67824528
7,58717.72004760944,4490.047871353136,263642330.6912869,258952207.15135834
8,59368.622209158995,5227.861101158315,317941458.82357895,258952207.1513583
9,58362.72168599958,4493.447132196488,262243671.55185184,258121377.47776634
10,58043.83117230376,4453.446063759514,258495071.45981798,247855358.92788473
11,58150.21923745611,4270.141269485181,248309650.99547234,246980602.27665776
12,58836.03733727358,5104.953775655047,308007967.51447034,245514590.44035387
13,57703.83671218413,4270.141269485181,246403534.55233154,245514590.44035384
14,57511.66786646666,4368.189786947637,251219066.49077883,244627601.23163587
15,57362.704353213194,4332.89756185133,248542029.9642016,244627601.23163587
16,57297.2937440931,4329.304748170963,248056892.52448672,240851230.65603185
17,57322.381351814794,4204.222150945132,240996025.4242239,240851230.65603182
18,58398.162419528795,5022.293812323385,301059029.5734783,240851230.65603182
19,58279.314610478505,5057.096615170065,301559773.0322341,240851230.65603182
20,57287.941028969464,4293.860603572719,245986433.04408917,240851230.65603182
21,57344.588629101614,4229.2918514512185,242525581.27551192,206630935.99835655
22,57265.3167666653,3860.4009958187626,221064044.24893245,205044125.84450227
23,57050.29294155874,3653.9598432454577,208475423.3769129,205044125.84450227
24,57081.09320578298,3732.843715595499,213117185.15506995,205044125.84450227
25,56847.138444772434,3657.107512171471,207896140.40514815,205012991.18653542
26,56826.71857555948,3624.296685559745,205957108.07839364,204179554.8087259
27,56662.579654119254,3656.0615712635017,207159210.70664206,204067814.0786362
28,56632.44918286193,3671.190785599145,207904980.50120395,203386765.8631015
29,56580.007642856566,3656.1248102759528,206863405.10569367,202816043.34272313
30,56599.92240622312,3705.19621009976,209872964.68084383,192491945.9595911
31,55540.71775172527,3594.038374558558,199615470.95022637,192491945.95959106
32,56758.68661304527,4282.207365932414,251137370.78763637,183721059.38033745
33,55673.18847784131,3329.6034710627646,185372088.82655984,183721059.38033745
34,55537.26019563731,3374.462795244703,187408648.55414027,183050211.10335898
35,55382.951405357955,3450.1256987020633,191058644.05827242,182624177.2365291
36,56355.62991005159,4276.385480937232,250988736.52706033,182624177.2365291
37,56412.18835747281,4236.731721160833,248530468.96907896,182624177.23652908
38,56301.071528395194,4273.094121903518,248581193.87067634,177957980.17881507
39,55293.07185487817,3224.5399007133324,178294616.02523807,177957980.17881504
40,55406.104568387964,3430.126682349658,190096197.913531,175133714.96477216
41,55321.03603000376,3260.5797146705495,180377030.06574592,175133714.96477216
42,55312.71629674253,3194.9113138656794,176716869.0471058,175133714.96477216
43,55280.4378984449,3172.188168045511,175359951.0258215,175133714.96477216
44,55259.837129332765,3185.2112726943915,176013595.6478153,174883774.97634146
45,56238.805689797366,4154.047773577417,241923417.61588788,174883774.97634146
46,55178.84195945299,3218.524656429453,177596654.10749227,174718869.3440906
47,55221.68355667075,3217.5907979892104,177668347.6969717,171167286.6577491
48,56233.99395718819,4108.934473787391,240084865.08438596,171167286.65774906
49,55277.97629560994,3211.2501300891045,177503941.63368377,171167286.65774906
50,57344.239177842624,5036.336555453473,305453958.7828888,171167286.65774906
51,55078.34342996766,3159.70785896488,174031474.5944355,166789012.09411338
52,55245.45699636727,3065.003207149908,169311459.3350836,163086441.8546664
53,55950.29061352337,2950.633397997238,165088819.60014898,163067329.7762777
54,56000.2341955006,2983.8354222277017,167136464.51295742,162624808.82067838
55,55807.71860336272,3137.8464619843026,175141989.18546492,162137067.09349224
56,55646.99168232966,3142.846942099541,174885017.29568645,161480474.6781831
57,56757.915752213405,3965.9820811762243,233033694.4379403,161480474.6781831
58,57740.36485938445,4873.3674843339195,297698171.1813983,161480474.6781831
59,55867.60831913362,3054.401993018982,170629665.52296326,161376037.57370096
60,55567.16315763021,2955.1922392809875,164214287.6896853,157013969.4474352
61,56579.297129011306,3932.2379292800797,231816955.08489394,157013969.4474352
62,55368.25838801345,3002.421342592503,166238840.68634802,157013969.4474352
63,55376.88724452605,2855.7252641595287,158142722.415956,157013969.4474352
64,55448.899040161494,2872.220910714643,159258551.25788218,157013969.4474352
65,55366.98900287077,2928.1110987654556,162120812.16768378,156977972.07171616
66,55525.70054841439,3073.357848054156,170647920.23970196,156977972.07171616
67,55474.22372811286,2820.4309644884534,156463043.43044975,148463734.11183292
68,56394.208854355245,3812.8616395310482,224076366.6930352,148368130.273805
69,56311.60761743262,3726.1733503645664,217987634.33798796,148368130.273805
70,55336.14540646451,2798.002437415599,154828787.3485736,148368130.273805
71,55432.39185778368,2759.1293121112453,152946735.6480692,148368130.27380496
72,55263.4155756916,2795.2121484490076,154506850.80512556,145843077.63769782
73,54504.83560702649,2777.455706552029,151394668.78406972,145787524.41335082
74,54357.72422518658,2940.273395788025,159826570.39489836,145787524.41335082
75,54373.5445209253,2771.94825711632,150719228.99143115,145478573.47894257
76,57427.323449157215,5490.194521545147,336243079.11172944,143830819.4748135
77,54788.09155449907,3715.173690402063,213224477.3514251,143830819.4748135
78,55996.363860642035,4779.9319229864905,284566710.9409865,143830819.4748135
79,53795.51614896732,2878.073671148934,154885559.32580748,143779079.5853001
80,53702.864975931414,2997.2544224253024,160960106.39814925,143779079.58530006
81,53688.20271142246,2911.0489827032293,156280811.2411733,143779079.58530006
82,54764.88152241659,3821.3707079744213,218498486.87947005,143779079.58530006
83,53619.13844062989,2833.2767836550665,151916305.82734832,143281314.51578578
84,53422.860579899294,2752.585311855151,147050927.59193859,143281314.51578578
85,53460.28399788259,2778.8781575703424,148609502.8442645,142006335.39950097
86,52998.33619126472,2884.4244049332515,152876471.21810672,141769573.38505402
87,52893.75126718079,2859.805970409675,151248714.55590832,141769573.38505402
88,53020.79012821494,2716.8004444753446,144041297.29308796,141769573.38505402
89,52987.25068711422,2699.029871945695,143020116.15063295,141769573.38505402
90,52855.78682841904,2770.1915147441046,146428995.53118202,139897270.51643187
91,52473.39176348959,2818.6702644405445,147896029.8407734,139544174.4713057
92,52362.842156366205,2810.0847462654465,147132327.9655096,139544174.4713057
93,52343.220974564596,2860.640286142044,149719234.99740034,137758205.82730147
94,52943.79545531201,2699.265151310715,142902468.5003479,137168809.324547
95,52750.906620175054,2893.129463516874,152673057.6367619,137168809.324547
96,52713.37272594045,2695.170996478074,142075962.563667,136863064.1967914
97,53855.656174569354,3579.1205996905132,201025788.83071646,136863064.19679138
98,52674.79412810547,2946.1233829604507,155194676.28833684,136863064.19679138
99,52650.86048711817,2812.700369471707,148261657.57059973,135635829.54822257
100,52226.9748429072,2662.2981581339527,139041709.24607667,135581937.57115367
101,52034.10976010318,2694.7734655278414,140220246.568033,134990490.32658267
102,52132.6755052692,2805.6496282576345,146247536.9967262,134990490.32658267
103,53103.49208969659,3556.725608695934,198217337.4525339,134990490.32658264
104,54161.46144478463,4540.127927118493,281855108.743734,131049580.6744817
105,52158.85202827561,2565.307844638993,133812502.02208313,127868000.19616729
106,52248.860987491054,2625.8384939304697,137249153.0141206,127868000.19616728
107,53092.31744781301,3680.8072047360956,204903746.9139215,127868000.19616728
108,53073.98111918117,3338.521268158425,184772339.80823237,127868000.19616728
109,52071.94716017699,2789.238838693198,145222541.12612146,125960866.40470205
110,53646.88415691812,3536.323999468691,199975578.25843668,125960866.40470204
111,52630.04655549143,2582.356373293844,135920783.19463047,125960866.40470204
112,52500.17783520264,2486.3018458368956,130531289.05842957,125960866.40470202
113,52646.68587029083,2540.1399710247088,133739573.3680633,125960866.40470202
114,52536.515029815666,2542.584619635042,133573326.57783675,125960866.40470202
115,52605.95323995629,2464.4119786884653,129652119.80120787,125960866.40470202
116,53504.9769997539,3396.549741184596,190498940.21283308,125960866.40470202
117,52521.657476773486,2652.1194794038556,139288279.2631474,125960866.40470202
118,52500.17783520264,2451.978609421177,128729313.04272465,125960866.40470202
119,52548.305278857726,2457.511886441725,129155808.48702812,125842440.57745618
120,53679.467711531615,3544.099268585359,199302574.63154578,125842440.57745618
121,52446.3246135692,2489.0488349747366,130540503.62863767,125842440.57745615
122,52545.95242251824,2571.7384024507783,135118534.25241524,125842440.57745615
123,53541.58292391052,3582.998228684902,201224499.1051199,125842440.57745615
124,52579.16365835052,2612.7348702362387,137383155.36399597,125773991.9083111
125,52680.77222538625,2575.958195355301,135787222.28279725,125773991.9083111
126,52517.06031170483,2574.94822417887,135212059.70432982,125773991.9083111
127,52392.863166205934,2448.7202091567524,124899487.11042163,91799676.44244936
128,52543.21642859994,2516.5787846288085,98605000.97052547,88262924.4698473
129,51721.19357442276,2443.75315352429,92868079.13095076,87319569.58503638
130,52219.07311345612,3215.6888678849696,142191153.33598626,87319569.58503638
131,52378.1701609947,3614.217120285664,164721088.54854476,87319569.58503638
132,52412.76477620803,3472.5721870802736,156512730.37263292,87319569.58503638
133,51258.35511353293,2382.6814797251013,88917930.977518,87319569.58503638
134,52360.791346914855,3482.063064888948,157358413.73115236,87319569.58503638
135,51257.373723490746,2605.934717947871,100363557.9577934,87108924.12988737
136,51188.171484136095,2411.375589417185,90254148.86585331,87108924.12988736
137,51147.23149242293,2515.739172460774,95522495.67370296,87108924.12988736
138,51141.425971216486,2367.971393544405,87867010.29385428,86147938.35472502
139,51330.11840596154,2380.750188216632,88013637.78410918,86147938.35472499
140,52350.00229211505,3453.1321863154308,155171257.88308215,86067665.35918787
141,52162.47547641202,3328.8622167820517,146904050.44459972,86067665.35918786
142,51019.06645612286,2477.6492278492556,93388523.44998991,85637225.12600625
143,51170.7657853327,2550.628288171719,96667632.2858398,85637225.12600625
144,51069.33359693202,2546.4595426443566,96036295.24192013,85637225.12600625
145,51039.77301253191,2594.9940406034552,99380613.09857479,85637225.12600625
146,50915.48179201456,2400.770405958832,88275306.6127352,82412647.76642187
147,50994.29985465195,2654.7307776079106,102366833.42111912,82412647.76642187
148,51983.624670258745,3431.545268953743,153681109.52226454,82412647.76642187
149,50937.53025528024,2592.0128386017514,98639075.5435584,82412647.76642187
150,50906.0180317958,2450.644189917898,90910772.66986232,81592644.32333706
151,50838.22214549186,2375.363323734897,86899533.6800015,81194576.23768815
152,50691.88598313373,2501.6185580273113,93213888.69310968,81194576.23768815
153,50693.21543288001,2445.689117401734,91064946.12926444,81194576.23768815
154,50630.90597938844,2372.527118106692,86349385.71750122,81194576.23768815
155,51653.126910584295,3477.7496670502887,155333679.31200737,79239476.36265339
156,51728.75027209107,3344.3060987343283,147745179.17475653,79239476.36265339
157,50656.85263507926,2238.966936145697,79635693.3691738,79239476.36265339
158,51700.086912826446,3469.9640963324914,155195805.4981933,79239476.36265339
159,50644.95307400513,2366.025086498863,86184560.08840281,79239476.36265339
160,50694.15122752697,2395.1541431613355,87770381.09252436,79068311.189885
161,51430.91870472733,3285.981680483454,143449194.40814334,78975630.22180061
162,50613.70207810869,2619.48202935991,99660900.19712201,78975630.22180061
163,50384.20597584547,2364.740837799418,85638681.30069304,78975630.2218006
164,50453.21742528413,2313.1864089620453,83061141.02983782,78975630.2218006
165,50444.4773280556,2492.603020452242,92702563.06991296,78975630.2218006
166,50381.164765926274,2261.7092654852067,80348512.15166025,78975630.2218006
167,50453.500514142295,2247.1415617569974,79528040.36029737,77511309.47352983
168,51584.35435016041,3351.9533886660925,146834461.1747678,77110647.05757537
169,50801.092746931434,2345.130168306218,83979923.56818493,77110647.05757537
170,50576.674434793866,2393.951335459783,85971876.82560459,77110647.05757537
171,50549.716949448186,2319.257018451499,82252753.84904274,77110647.05757537
172,51672.17299575724,3273.3006597240883,142009848.34679335,77110647.05757537
173,50577.45746035469,2451.319731119687,88575537.47849151,77110647.05757537
174,50735.927932809245,2485.9199158229094,91209575.49555461,77110647.05757537
175,50633.91075302736,2465.9876916330754,89360606.23760864,76973126.8778178
176,50375.55761622924,2369.7470131259024,83794662.6909679,76973126.8778178
177,50375.55761622923,2334.323338063652,82297479.38369855,76973126.87781778
178,50384.16596366344,2319.145252713126,82141153.46621698,76973126.87781778
179,51662.50414765436,3350.333550745077,146255695.35922426,76973126.87781778
180,50514.12142563892,2439.5805854272467,87857044.05679664,76973126.87781778
181,50471.79053858115,2545.621563632622,96416999.17921911,76973126.87781778
182,50551.62950855486,2404.078746170664,85871727.4400547,76973126.87781778
183,50461.20661647069,2471.709898971193,89674081.04857168,76973126.87781778
184,52531.33168082587,4302.213945731201,205254880.35831848,76973126.87781778
185,51461.007933368775,3307.92828726483,143486074.02772102,76973126.87781778
186,50522.23333655152,2391.9163728017274,85825620.21639116,76973126.87781778
187,50564.22249839894,2343.046517064973,82799496.64264604,76973126.87781778
188,50475.129084540575,2309.3191491931657,81354014.89763327,74622975.99873549
189,52569.57844092014,4382.808314070937,208492135.32247266,74622975.99873549
190,51513.36990383555,3316.101047120626,142634596.7852015,74622975.99873549
191,51466.69196005761,3265.376448867003,140143991.2773698,74622975.99873549
192,50420.00713578445,2324.0002008593992,79221721.32614577,74622975.99873549
193,50822.72176667017,2427.867907999099,86230935.22882149,74622975.99873549
194,51815.721362341676,3312.6874951733553,144402287.55849725,69528895.39198087
195,50921.30822743451,2477.2177598146923,89646575.43756825,69528895.39198087
196,50741.16258010377,2373.9352449889966,81559079.96627936,69528895.39198087
197,50732.81150448497,2255.919521495678,72467477.13019967,67485999.26300061
198,50441.642545279916,2372.9683144824253,76952168.57898445,67485999.2630006
199,50441.642545279916,2314.68350103402,76896213.73252694,63583681.0977678
200,50584.94047776982,2215.0479721990487,71564825.62346633,63583681.0977678
201,50657.32901503444,2339.659599751496,75912420.46767624,62312839.29250588
202,50476.406108216856,2277.4001415964676,72471454.38990332,60265248.46060644
203,50577.62516046724,2259.0574196240336,79443159.28318438,60265248.46060644
204,50441.64254527993,2187.0608677395894,68566630.5718291,60265248.460606426
205,50554.709630557016,2370.082567457504,78489271.6152384,60265248.460606426
206,50342.93349126069,2187.634468517212,70991471.18182908,60265248.460606426
207,50529.80960580181,2198.0850995689075,69023434.28408292,60181869.269936666
208,50602.929138503794,2308.8617690377923,77348331.78626242,58883869.5143235
209,50413.66200365566,2216.8579868881548,70340006.65465042,58825701.74737889
210,50669.92812463558,2311.6903117661705,76307778.4510222,58825701.74737889
211,50516.13722266206,2226.2274943431303,71871401.62823468,58825701.74737889
212,50302.97650419093,2202.5140489762784,68358361.86934888,58825701.747378886
213,50348.93119817489,2285.3283121142094,72707036.2678985,58825701.747378886
214,50305.02848753948,2086.594216641749,63835171.86819492,58699033.24980239
215,50306.87752608622,2405.0988779456534,81505061.77659091,56054027.609420836
216,50356.78753753108,2169.844221235252,65824255.91126746,56054027.609420836
217,50499.086783642866,2241.990285794743,72218311.40181673,56026799.42915232
218,50432.852525395436,2154.93720109957,64924127.52200203,43428336.84815302
219,50393.282002134496,2240.21675993732,65735197.2011176,43428336.84815302
220,51385.513249632895,3464.9201292700754,141771726.40693554,43428336.84815302
221,50228.15315272188,2226.679311500216,61418948.23019475,43415433.36491605
222,50335.81585877311,2209.9271787547514,62333796.584404305,43415433.36491605
223,50355.558168927186,2241.7036635393874,59193080.338667296,43415433.36491605
224,51326.81959190463,3242.836147142923,126299850.67711285,43415433.36491605
225,51456.57581166386,3241.962587033414,123683392.14033544,43415433.36491605
226,51346.1160663946,3202.851558433653,126680041.86457562,43415433.36491605
227,50209.038905188805,2240.358366583324,63762418.76401977,43415433.36491605
228,50216.173955220474,2089.4158865847626,54237763.46718578,42601819.81506674
229,50619.75333571448,2333.4915759072105,67320206.3404178,42601819.81506674
230,50427.70048949211,2084.0817546171243,50193731.12519707,42601819.81506674
231,50490.992910660374,2289.344451581774,68307599.92544737,42601819.81506674
232,50528.68567909519,2102.0254799214504,51466370.582952455,42601819.81506674
233,50584.931011612505,2190.0706812443464,60542506.88421832,42601819.81506674
234,50506.5213518502,2193.5744145132257,62077761.34130796,42601819.81506674
235,50484.89946002969,2178.8535141995408,62229916.860891365,42601819.81506674
236,50427.70048949212,2251.7606954271564,66720444.60626465,42601819.81506674
237,50597.36388021448,2058.1674772417805,49193649.86993219,42601819.81506674
238,50471.4038633148,2364.5273535542437,74508713.68888661,42601819.81506674
239,51527.573366611454,3093.4469309705087,112395361.65448508,42601819.81506674
240,50557.80451588217,2134.2215329274127,54103498.73872093,42601819.81506674
241,50469.33092137101,2344.745289075786,71511310.16399561,41879282.6213118
242,51514.22794165511,3086.1452490601278,114334783.26423042,41879282.62131179
243,51564.30606551317,3085.2738612653584,114263822.18841557,41879282.62131179
244,50603.672254947705,2256.663421986172,60415085.3758017,41879282.62131179
245,51679.00959006895,3414.2410994059856,139469258.1982531,41879282.62131179
246,50427.70048949211,2297.4969794702756,68333462.0307138,41879282.62131179
247,50498.127598984065,2097.3745683904262,50771655.63914387,41877040.27956267
248,50516.381168891225,2146.6723038186165,53986248.664403304,41877040.27956266
249,50494.58488087643,2090.2117727149284,50392041.20100933,41877040.27956266
250,50492.48317667445,2074.377024817524,52654473.09128969,41877040.27956266
251,50512.39215228439,2122.071298338853,53737733.26071022,41877040.27956266
252,50360.27517310022,2285.943920051024,70183851.20443888,41877040.27956266
253,51489.857175083635,3115.488330864647,118352490.6553787,41877040.27956266
254,50493.014704365516,2047.0729662057033,47398418.82750285,41877040.27956266
255,50553.91387413337,2261.2934278439525,63459392.36819114,41877040.27956266
256,50551.37865729873,2142.286844158948,55324632.08942946,41877040.27956266
257,50464.610399319026,2196.3117321171126,62875786.84807943,41877040.27956266
258,50557.32988115498,2359.0641899817924,70349499.17046371,40864354.58310064
259,50623.59590905348,2267.651753691199,59129412.93263847,40621411.85879246
260,52318.38638543524,4036.6656631204437,169983656.6629855,40621411.85879246
261,51274.6940813974,3173.749157282876,119796640.51054363,40621411.85879246
262,51340.93789717585,3153.0378196074344,116671330.60857303,40621411.85879246
263,51300.98497645515,3124.393537139609,113088687.99292979,40621411.85879246
264,50200.205357709194,2227.084082322393,71137444.25721894,40621411.85879246
265,50292.64343828417,2265.1349510537766,65198373.943539694,40621411.85879246
266,50143.00466118407,2196.028419201703,60513271.35093981,40621411.85879246
267,50227.55318770839,2130.839918269519,51414032.95577892,40621411.85879246
268,51244.95121856275,3152.654134814253,119576848.40324123,40621411.85879246
269,50530.104039906844,2278.846236164314,64756709.16520475,40621411.85879246
270,50144.9465236729,2232.095864454259,60466060.50774081,40621411.85879246
271,50125.21870828317,2311.888313447113,69486322.49913184,40621411.85879246
272,50202.14131825955,2040.764637272073,48196708.84927521,40621411.858792454
273,52298.56623812657,4181.355338926597,184005229.20946532,40621411.858792454
274,50298.254950038005,2237.387199403075,59296673.288540505,40621411.858792454
275,51258.328943950764,3330.5266650924013,131197806.87366614,40621411.858792454
276,50212.5648970896,2212.6710981616166,59525933.50820142,40621411.858792454
277,50224.79278197817,2093.28565310186,50548801.752940506,40621411.858792454
278,51313.73228636607,3214.0682577928674,119739102.6105696,40621411.858792454
279,51180.53564957705,3163.598374230571,117338914.26747926,40593615.769995004
280,50106.795564006876,2188.8409136326322,60235720.775044166,40593615.769995004
281,50155.992114690285,2123.3158729092743,51655245.40380357,40593615.769995004
282,50269.937687631,2154.702867476541,57626083.013812855,39623675.21014371
283,51880.91586532921,3192.70880812291,124392552.01511009,39623675.21014371
284,50744.112443141195,2319.9680234379175,66762542.92800162,39623675.21014371
285,50856.28813315225,2213.4506650495605,68912257.99273339,39623675.21014371
286,52128.89328769348,3101.596775552486,118860002.08258717,39623675.21014371
287,50731.695602130465,2203.910377649181,60136289.88795654,39623675.21014371
288,50900.87254444535,2228.9265920234893,63021846.13195504,39623675.21014371
289,50940.792230680956,2088.3657626073164,48908543.78675537,39623675.21014371
290,51879.97879748029,3236.370054146727,124044611.54234436,39623675.21014371
291,51973.65759516337,3317.4430135686052,126322540.9990441,39623675.21014371
292,50861.53107251064,2134.8476407485205,53492908.12052974,39623675.21014371
293,50955.08266145743,2251.9419790220354,66327934.91616444,39623675.21014371
294,50904.11656634164,2253.9666933854674,60155080.06380497,39623675.21014371
295,50977.53092514933,2155.326191855512,55903565.989607945,39623675.21014371
296,51023.588114453145,2436.7124476433823,71318256.14580497,39623675.21014371
297,50814.38045551225,2295.291593837194,66870777.71268139,39623675.21014371
298,50904.83691626399,2220.233532773031,60709398.811419845,39623675.21014371
299,50906.644170261454,2094.7512419286604,54106454.812901475,39623675.21014371
300,50999.32071355347,2320.007828974461,72876165.99716504,39623675.21014371
301,51001.88642848788,2236.5316604758154,59106012.03289906,39623675.21014371
302,50799.96708196468,2189.462115826268,61816177.575642265,39410506.75999393
303,50601.72650632642,2211.1939911270065,60923628.860071994,39322670.48159851
304,50489.95954220156,2024.9293462792543,48903413.739632525,35737869.19603429
305,52249.34968494727,3048.0724685881178,103547221.63073657,35737869.19603429
306,51424.2403927189,2242.5279344665214,62260612.54083093,35737869.19603429
307,51201.19228677661,2198.9573944933263,54865683.08315043,35737869.19603429
308,52171.57099300035,3206.1154142361142,122398544.38710038,35737869.19603429
309,52395.84423501091,3194.375120622356,122319304.38485913,35737869.19603429
310,53210.30384781359,4096.447850712183,171094150.55009684,35737869.19603428
311,52364.76393605204,3225.8417543349624,125928692.90044108,35737869.19603428
312,51277.734935016764,2341.091671520774,68618985.1208756,35737869.19603428
313,51184.16354609601,2304.945322286939,65133771.42079546,35737869.19603428
314,51395.30133902722,2275.0229944603198,63221358.09908633,34478043.130899146
315,51150.57637313735,2236.461298320194,61692155.14939861,34478043.130899146
316,51336.36665673812,2218.71382446762,58529703.63583155,34478043.130899146
317,52181.24404208764,2994.233431174276,107571420.45949855,34478043.130899146
318,51315.09544057408,2366.1620743624203,72517419.7074624,34478043.130899146
319,51161.57244897643,2202.4442870508583,66092438.087482944,34478043.130899146
320,51149.98792351769,2135.295717448792,52656897.14042556,34478043.130899146
321,52304.13485220891,3307.7802637880422,133503985.9627761,34478043.130899146
322,51164.93278706774,2127.966503679859,46634735.750938274,34478043.130899146
323,53286.67004365272,4280.345439535078,185493795.27850235,34478043.130899146
324,51143.34793048135,2229.702171174133,68193889.79109697,34478043.130899146
325,53315.75339576338,4302.53355953446,188203519.9213714,34478043.130899146
326,51178.02860987128,2204.238750724644,59805522.06415658,34478043.130899146
327,51237.53328653461,2317.201187122726,68144184.1989659,34478043.130899146
328,51295.69096602633,2461.8211105215437,86319992.68166044,34478043.130899146
329,51199.46126548634,2155.418376927184,54726692.380980276,34478043.130899146
330,52322.230919234666,3110.076777748156,115867177.2491518,34478043.130899146
331,52279.56515018212,3226.300003763771,125192912.9836777,34478043.130899146
332,51239.02233865979,2246.6819835309075,61365764.45364921,32992935.849405766
333,51122.60562055434,2288.4470883681597,65845239.801351964,32992935.849405766
334,51141.393436197526,2016.4452031625121,41508326.415032186,32989763.675949607
335,51190.50988660368,2277.7023095535483,64755452.32429202,32989763.675949607
336,51117.690332830345,2181.4564355682896,54305741.797778845,32989763.675949607
337,51136.652808314124,2039.4501728640184,42010803.95331529,32989763.675949607
338,52185.6737137265,3240.1538693991724,129864174.4545373,32989763.675949603
339,52374.778938303716,3266.8598795095118,128900875.1629785,32989763.675949603
340,51126.979745509816,2113.9439893518293,51045666.193634376,32895358.06821499
341,51104.65921784948,2278.574945797057,65941600.102283455,32895358.068214983
342,51075.24217909181,2212.249613142643,61903363.269293405,32895358.068214983
343,51133.151090596,2133.50951119432,52774656.82797215,32895358.068214983
344,51170.55995698295,2128.251885748458,50039972.81416784,32895358.068214983
345,51090.39965857959,2278.4429820084642,69466669.60271141,32895358.068214983
346,51072.40827895889,2344.8346596210777,68318686.47680628,32895358.068214983
347,51014.067961204935,2261.8135534589433,63317165.3862855,32895358.068214983
348,51035.04180578484,2200.3538032929437,56580671.88505761,32895358.068214983
349,52059.88544608261,3345.6388814976367,128459430.51106691,32895358.068214983
350,51102.37696584661,2142.3000648689854,50456691.07242027,32840110.05527476
351,50894.54178221014,1985.006471452149,36080728.62675869,32840110.05527476
352,50885.80181389498,2017.927440266863,43809842.08864306,32840110.05527476
353,51144.02572088811,2326.3139903457586,68792269.83076341,32840110.05527476
354,51024.1459109992,2108.159052799529,48278539.61807339,32840110.05527476
355,50946.456422029805,2374.301932498792,75283380.11379723,32840110.05527476
356,50834.92562072552,2189.600237407267,54730095.37881935,32840110.05527476
357,50890.55427919984,2207.3263093356486,57419976.66724668,32800660.067439236
358,51985.92078065516,3147.9392501568104,113553333.27346405,32800660.067439236
359,51846.43346427472,3281.6909878604492,128762702.64478092,32800660.067439236
360,50831.13795308989,2139.967485215194,57490492.378101304,32800660.067439236
361,50864.063463303035,2254.7141726744694,67188326.00745612,32800660.067439236
362,50842.23330242099,2449.5771464940763,82961026.85304813,32800660.067439236
363,50916.6275206672,2179.3731986158955,57108516.93694645,32800660.067439236
364,51894.75411418007,3177.6035083370584,128500665.81854376,32800660.067439236
365,50892.64419281705,2243.200066739994,62413761.986643694,32800660.067439236
366,50992.97803806242,2115.985722618473,48347860.17525302,32800660.067439236
367,50940.521186364305,2002.1109378330832,40837208.80329643,32800660.067439236
368,51030.266193879914,2270.9818575864483,60915410.53402722,32800660.067439236
369,50848.81326325415,2269.161090913089,69708693.22862191,32800660.067439236
370,51013.916246261906,2234.4984374016362,61571507.12287202,32800660.067439236
371,50958.80829580835,2268.4601284093505,62904540.3565657,32800660.067439236
372,50864.747679102264,2016.4867678498613,39629720.586636335,32668439.67025034
373,50914.06454635084,2373.632638797598,68616346.49731421,32668439.67025034
374,50715.70571061014,2197.188073470796,53637394.96430294,32649327.276174556
375,50699.66615253703,2321.312154387929,69882250.47330648,32649327.276174556
376,50462.9852751399,2288.3962411211332,73850077.36129455,32465466.40569283
377,50271.070970594534,2054.3632563516258,49450217.978009626,32465466.40569283
378,50577.829352678425,2244.6578568497835,67661923.48315063,32465466.40569283
379,50438.54817715859,2172.4032596279603,58379074.03453034,32465466.40569283
380,50528.529031474885,2408.007285850506,72400808.31659634,32465466.40569283
381,50643.579420932154,2478.2553759367147,79649127.3639749,32465466.40569283
382,50401.336409332376,2148.077505025539,50716527.35661819,32465466.40569283
383,50306.262100095635,2150.3704814269045,51359213.36403059,32462110.31980034
384,50447.06973432306,2144.5164465091416,53579871.567810655,32462110.31980034
385,50309.447470246756,2045.0583136226705,45805820.276905194,32462110.31980034
386,50303.28189156176,2333.2627619342616,67564699.53042531,32462110.31980033
387,50421.778379347445,2276.0692412147887,67045890.7069932,32462110.31980033
388,50370.91881820998,2258.5293300862763,61036215.32675282,32462110.31980033
389,50300.09063349145,2191.7898781180425,58711939.68754564,32462110.31980033
390,50566.96082560993,2132.187674020686,46283249.081374645,32462110.31980033
391,50410.093656393845,2169.9026942930154,52819157.19420092,32462110.31980033
392,50353.96084338831,2238.878668129918,59525442.00632443,32462110.31980033
393,50555.53045979101,2164.433908981043,50089557.258452915,32462110.31980033
394,50417.19309726033,2345.7163276283727,74897574.111889,32462110.31980033
395,51493.54842476987,3422.016842750647,148981911.39833662,32462110.31980033
396,51616.135924866736,3197.0206825422288,117914772.21444495,32462110.31980033
397,50342.854578895305,2092.7561668871676,45195101.63882458,32462110.31980033
398,50300.09063349145,2073.1556305986655,48039888.140364125,32462110.31980033
399,51550.82660796957,3248.9243714511526,125104948.72882788,32462110.31980033
400,50452.925810222136,2043.781818349103,42098628.1474664,32462110.31980033
401,51466.63935226798,3139.110670942737,116881504.1520963,32462110.31980033
402,51327.332689175666,3136.9029741281474,111652255.7245095,32462110.31980033
403,51442.77481437292,3181.886938248945,118275629.73284347,32462110.31980033
404,50363.44719683999,2153.6442511744854,53094270.66472332,32462110.31980033
405,50539.12348711679,2215.627710146742,60821595.74097125,32462110.31980033
406,50308.47234530743,2309.7543669731594,64405461.41326474,32462110.31980033
407,50370.61002795274,2087.7302652985395,46282856.20176797,32462110.31980033
408,50332.43139677985,2345.126716893731,73107593.78520007,32462110.31980033
409,51471.60751938684,3197.8703409722193,122946684.57347794,32462110.31980033
410,51368.739455366085,3064.804547102795,114583150.63457015,32462110.31980033
411,50347.62896948746,2154.551493951285,54243352.9040506,32462110.31980033
412,51584.186464684215,3062.322393459661,105152383.18588619,32462110.31980033
413,50361.618667988696,2067.217318888367,49239877.76664745,32462110.31980033
414,50428.38244206283,2352.554177049765,71108682.43360046,32462110.31980033
415,50341.25368329301,2174.90599661229,59460874.89636922,32462110.31980033
416,51440.71353827532,3387.7602387359075,139076429.8143321,32462110.31980033
417,50496.89158014049,2144.0599065988113,52698072.19199222,32462110.31980033
418,50404.418207026596,2371.085492029459,74703257.44072919,32462110.31980033
419,50334.13716260293,2255.2714793590553,58141328.82665205,32462110.31980033
420,50616.38244371831,2194.10327471993,54635405.71660695,32462110.31980033
421,51645.887585719895,3127.420382165436,109760254.82228258,32462110.31980033
422,50395.195777115165,2157.703770399355,52913028.24947219,32462110.31980033
423,50334.13716260293,2163.155530736066,55189493.148582935,32462110.31980033
424,50385.92030615745,2438.079988264007,80082969.05076115,31344097.727349672
425,50625.09464456382,2261.8836320776895,68843934.7746322,31344097.727349672
426,50601.02141963984,2260.5186415826856,62676653.150175706,31344097.727349672
427,50712.89342048694,2364.043967702453,70809075.35742603,30434758.77959699
428,50854.78105328345,2253.275323733629,56114791.0808871,30434758.77959699
429,50769.522604663114,2193.980450568574,56200551.423369244,30434758.779596984
430,50779.0821939285,2056.8342076022136,39473393.62408782,30434758.779596984
431,51964.95089953676,3126.7572574109463,111995875.797708,30434758.779596984
432,50649.21130863186,2249.413722323895,64697595.07888985,30434758.779596984
433,50839.34377928845,2308.455537434894,68758629.02939534,30434758.779596984
434,50668.512040120826,2156.7280482989054,48405445.74639622,30434758.779596984
435,50743.84943812042,2287.092855515936,65249767.5347693,30434758.779596984
436,52031.51694358678,3361.5661170337503,139415572.74887088,30434758.779596984
437,50702.714068143534,2231.4254850872157,56085389.008313335,30434758.779596984
438,50815.7422173581,2353.429542951395,68299455.62236774,30434758.779596984
439,50703.21810108561,2109.232228425056,53617916.93328267,30434758.779596984
440,50694.510099749124,2227.632211223847,61443491.984221436,30434758.779596984
441,50726.57818207821,2198.7244745745456,58173530.40825367,30434758.779596984
442,51822.92512460413,3204.5434807270376,118712146.44065519,30434758.779596984
443,51771.673222295576,3100.558924442571,110055783.81026128,30434758.779596984
444,50652.193716977956,2243.6517888961,62357219.899438895,30434758.779596984
445,50652.193716977956,2231.029285884853,58773980.237485945,30434758.779596984
446,50845.76277087543,2219.117748598236,61014727.91211077,30434758.779596984
447,50773.28217175452,2223.099938880735,58153023.7775958,30434758.779596984
448,50694.58280139834,2235.453718152231,62164629.46591224,30434758.779596984
449,50955.24750716953,2162.8026336902203,51630459.40210641,30434758.779596984
450,50676.975394870155,2132.442596874439,55166316.373323955,30434758.779596984
451,51663.24921999664,3055.391406573269,113943302.0275391,30434758.779596984
452,50825.268395166946,2353.3344736937315,66979685.05359163,30434758.779596984
453,50737.88454683756,2151.7564807115173,53634413.867489785,30434758.779596984
454,50977.315313008105,2498.1774073776487,86563111.17775252,30434758.779596984
455,50814.557607922936,2217.066450924577,62262640.51461901,30434758.779596984
456,50981.29874769152,2213.799654100737,53388439.4330832,30434758.779596984
457,51864.772916420436,3330.714675620481,134995246.66251257,30434758.779596984
458,50764.96304168261,2329.6120698978057,68984196.57303587,30434758.779596984
459,50755.59611294018,2246.699797933868,62483214.19427115,30434758.779596984
460,50697.53347396017,2395.110183538829,71912426.69567889,30434758.779596984
461,51798.366756183386,2968.740336276425,107605846.5980151,30434758.779596984
462,50661.70790650589,2313.55790246848,69748339.76399937,30434758.779596984
463,51712.867999297756,3229.5640803390843,121131120.15612178,30434758.779596984
464,50973.52431761116,2387.4235235810725,69769858.37442608,30434758.779596984
465,50605.32173965282,2161.8077226899672,53834749.33097635,30328275.024085093
466,52014.45462029056,3241.2841377931736,113925027.84495422,30328275.024085093
467,51570.35119348435,3190.186358140595,118466852.2000136,30328275.024085093
468,50530.47738598812,2012.517505589322,37317338.725453325,30328275.024085093
469,50672.80247651939,2222.7923638305915,56971588.613035575,30328275.024085093
470,51744.7698064799,3395.6761027284724,140475235.78168517,30328275.024085093
471,50570.33385002951,2117.375833796491,49416629.00101991,30328275.024085093
472,50474.97411583181,2133.461192806866,50904212.22623043,30328275.024085093
473,50376.26506181256,2292.4692882344193,64870684.51492798,30328275.024085093
474,50504.97054634432,2391.998162834901,73773411.20615128,30328275.024085093
475,50673.09722639541,2333.761524239012,66936506.12592687,30328275.024085093
476,50552.151370390355,2245.105973152824,65364211.58995247,30328275.024085093
477,51742.41657482555,3490.7284430872633,147492390.25699422,30328275.024085093
478,50517.33585592259,2216.841975659587,63357126.44467113,30328275.024085093
479,50562.28528139186,2178.109956861612,56663570.72088106,30328275.024085093
480,51570.43433387571,3267.975684351227,128205655.47416615,30328275.024085093
481,50556.115129584476,2349.0624266931522,74542473.47341423,30328275.024085093
482,52964.64880951698,4348.779692275748,188341501.66780418,30328275.024085093
483,50596.38092484504,2110.346051185278,44489511.26898396,30328275.024085093
484,50539.077913469584,2147.9837889590754,50237473.771197334,30295344.158827092
485,50538.74093820303,2147.256859114287,51542116.173257686,29212170.940893687
486,50526.84252747915,2291.915648793176,66950499.1202924,29212170.94089368
487,50518.79408000266,2091.788702096351,46979163.03239082,29212170.94089368
488,50498.61170620462,2119.4381081501074,46272626.551563755,29212170.94089368
489,50452.63700839727,2336.843765204828,75972948.28854306,29212170.94089368
490,50446.37496687739,2088.4727272340365,47596612.9718443,29212170.94089368
491,50539.251842343,2310.6467478445393,61329256.42637324,29212170.94089368
492,50568.85609618334,2440.2479812381157,74557530.76602113,29212170.94089368
493,50889.37541623708,2356.081246364761,63486112.099593356,29212170.94089368
494,50737.18929703663,2346.0384482601967,68328162.25203708,29212170.94089368
495,50411.16579401454,2097.4893753487136,51523745.1732399,29212170.94089368
496,50476.47823865908,2279.747988547947,62363839.16602133,29212170.94089368
497,50597.387069680175,2178.4647549235897,56375267.97507963,29212170.94089368
498,50420.16768288468,2355.444191173403,78523765.47956912,29212170.94089368
499,50585.6550775762,2160.3869358898705,54710410.61630301,29212170.94089368
500,51601.49051310141,3196.2224842000846,117143818.82543412,29212170.94089368
501,50544.558609665466,2362.128770283903,68188923.51968084,29212170.940893676
502,50520.75954254835,2165.923529667793,53248843.77724061,29212170.940893676
503,50461.61544110223,2315.3616431042315,63419441.433258675,29212170.940893676
504,50424.84021172005,2232.0754390170423,61831425.58690371,29212170.940893676
505,50595.78491539687,2182.3154176943403,51634873.84539817,29212170.940893676
506,50507.0860926149,2085.3196508274928,45447846.116794564,29212170.940893676
507,50420.16768288467,2200.7161120741266,56605014.43394226,29212170.940893676
508,51655.78982625008,3311.896826566812,132031268.26520734,29212170.940893676
509,50420.16768288467,2240.1335646196867,57402270.46678974,29212170.940893676
510,51588.80482699022,3095.4027772719237,121209973.54027672,29212170.940893676
511,52728.082933830374,4294.880189683734,187804456.64007387,29212170.940893676
512,50430.669567056444,2237.789827937383,58925966.52338342,29212170.940893676
513,50420.16768288467,2215.241765963615,61072450.16821654,29212170.940893676
514,50527.306588517626,2195.97965227205,50628561.13531917,29212170.940893676
515,51575.33056056457,3148.2025992417502,116488288.12612522,29212170.940893676
516,50581.68316550804,2169.165580348267,48692851.46219831,29212170.940893676
517,50576.76602827072,2250.7176423155615,64099749.52952299,29212170.940893676
518,51545.71706103299,3276.7976105063144,122726402.4312267,29212170.940893676
519,50537.46996254829,2178.3542993644614,47781699.5131741,29212170.940893676
520,50475.12924475911,2105.1424162919443,49121290.8419805,29212170.940893676
521,50497.631603597154,2125.0240675399637,50286148.34439142,29212170.940893676
522,50706.10442508139,2403.1543729975624,76946321.19067149,29212170.940893676
523,50490.235116613185,2312.7884134478995,67282070.27647726,29212170.940893676
524,51491.84235980337,3226.150778247188,119452225.87005115,29212170.940893676
525,50557.834392558805,2159.4413775548223,54822500.57189654,29212170.940893676
526,50430.658583960576,2254.3531823914823,62838344.19465725,29212170.940893676
527,50373.631095116005,2195.604899582344,54793521.181866005,29212170.940893676
528,50453.00113666507,2118.8687364970747,49038770.04250421,29212170.940893676
529,50575.48785688276,2205.696458636078,60285233.48350438,29212170.940893676
530,50437.23156071099,2134.346896060606,49800232.86290833,29212170.940893676
531,50758.70860081397,2251.1068351956446,57073548.81034086,29212170.940893676
532,50618.444907085366,2324.3625830283636,62744647.94733752,29212170.940893676
533,51676.67177449864,3176.1561462943,117537262.57261112,29212170.940893676
534,50532.891307323254,2258.603949586306,66386480.2837132,29212170.940893676
535,51628.15075622906,3174.3196032278347,125213501.06727731,29212170.940893676
536,50625.78159142842,2527.163791451695,79667433.932433,29212170.940893676
537,50483.144035074,2366.035136777925,70173632.57474783,29212170.940893676
538,50554.18178335247,2082.1244259320265,44112819.21555452,29212170.940893676
539,51465.99778592614,3127.457470307528,110807222.11359036,29212170.940893676
540,50554.8795721151,2202.8188299472135,58782524.1600742,29083876.72554227
541,50300.49542527697,2120.4576705887675,47112076.181008354,29083876.72554227
542,50459.31557214768,2221.0247700990344,61099711.41304088,29083876.72554227
543,50226.71577366274,2061.9538669747612,40469107.819511965,29083876.72554227
544,50252.61137331857,2163.2020150534436,52283267.26502304,29083876.72554227
545,50335.13905191904,2248.5602905496735,62780517.56136085,29083876.72554227
546,50210.82364849861,2120.0934307439647,51157982.64758085,29083876.72554227
547,50205.824955676086,2235.1005738802664,64266361.47232147,29083876.72554227
548,50274.275925003916,2279.2172861804693,65396222.50572492,29083876.72554227
549,51323.61840684338,3154.4284338648913,121382382.11290331,29083876.725542266
550,50202.16196768735,2286.4740829319735,65829662.12948501,29083876.725542266
551,50223.53810288371,2150.6841145679264,49492155.45002594,29083876.725542266
552,50267.30525840172,2081.296556805747,46078142.34663753,29083876.725542266
553,50295.95241996642,2180.1744259028164,49983824.70940435,29083876.725542266
554,50198.732040054485,2182.7629980278007,58124174.94307797,29083876.725542266
555,50444.08026717119,2275.483754570959,64572532.57309403,29083876.725542266
556,50384.01667197356,2248.6401329742575,59150645.46422367,29083876.725542266
557,50239.97148397508,2201.424209628409,62380670.01755734,29083876.725542266
558,50386.0810853637,2245.3618410371378,54120025.49369639,29083876.725542266
559,50374.47153798284,2202.229027714657,54921562.72994103,29083876.725542266
560,50558.69604945969,2347.076195760462,60015355.75938521,29083876.725542266
561,50263.682141929814,2212.0901064122563,59934454.772072956,29083876.725542266
562,50198.732040054485,2063.4503900806512,44325670.87364064,29083876.725542266
563,50402.163086017186,2308.5313406898654,62566394.08926282,29083876.725542266
564,50223.02885585181,2152.8138818665707,49408524.08463774,29083876.725542266
565,51273.025426380445,3139.4674164313305,125527941.04825716,29083876.725542266
566,50342.72355298466,2146.4715985767943,50129832.49868268,29083876.725542266
567,50227.222818670634,2130.5965930574057,50951442.986477666,29083876.725542266
568,50198.732040054485,2113.7550733118487,46530075.832724616,29083876.725542266
569,51238.259199710716,3224.856120607229,117212314.1585904,29083876.725542266
570,50204.2126833492,2197.1071281841832,58775815.377254985,29083876.725542266
571,50198.73204005449,2243.5250164226627,59650341.12606969,29083876.725542266
572,50145.164118302164,2193.0824723192786,59665535.43447759,29083876.725542266
573,51557.990940414486,3316.7516660136653,134406939.7057867,29083876.725542266
574,50469.749501670376,2293.5560769534095,64120896.2350418,29083876.725542266
575,50267.49448304092,2254.0558174768257,62098886.945761025,29083876.725542266
576,50173.42730495059,2103.583950934405,45085969.60334253,29083876.725542266
577,50387.393997310355,2348.802821112366,66010211.04178431,29083876.725542266
578,50221.123400091754,2009.997820379923,37825756.90776472,29083876.725542266
579,50315.484842923164,2250.6157266701684,59807372.31460204,29083876.725542266
580,50259.596612652706,2244.5123579525343,65745703.87810452,29083876.725542266
581,50389.309151662266,2236.145699670256,55366873.324191555,29083876.725542266
582,51337.000778057176,3521.4776985346894,149072308.08432698,29083876.725542266
583,50384.686224227094,2256.5867973556815,61996874.43634119,29083876.725542266
584,50483.02201487479,2339.544875093524,66863118.061922036,29083876.725542266
585,50308.66838078616,2099.2914129635105,48178836.00926445,29083876.725542266
586,50246.25556782974,2330.540804249552,75298572.40864584,29083876.725542266
587,51406.75745421999,3224.271245187493,126433751.17021456,29083876.725542266
588,50250.03551479282,2297.2319371438557,67531798.24722496,29083876.725542266
589,50224.66823012492,2220.5222248733867,59981109.63695492,29083876.725542266
590,50265.83453567499,2325.9410874403757,71736880.95838219,29083876.725542266
591,50309.6180580097,2083.6669064995576,44845085.62606673,29083876.725542266
592,50364.450427473574,2326.645172040715,74517198.04444282,29083876.725542266
593,50271.69542007972,2348.743417644466,70674739.53104311,29083876.725542266
594,50298.02192719495,2158.44235936749,53627902.92412104,29083876.725542266
595,50266.620618189416,2218.758987284993,59889898.733025335,29083876.725542266
596,50273.194643949195,2413.8850597413893,78316063.08096042,29083876.725542266
597,51175.62030507343,2982.2483697363073,97937035.00270118,29083876.725542266
598,50264.65906982113,2141.329457100381,45887229.8264753,29083876.725542266
599,50236.03031602184,2131.8050444560095,54676303.54050326,29083876.725542266
600,50273.91621229405,2203.8864740464537,59345195.111916885,29083876.725542266
601,50291.94020901015,2247.412521687283,68728808.83843486,29083876.725542266
602,50286.0030046466,2320.733464040975,66080959.11996768,29083876.725542266
603,50198.73204005448,2029.0878531084625,41069701.067259654,29083876.725542266
604,50260.32359819663,2152.840618049013,59085936.62229715,29083876.725542266
605,50255.04174013155,2216.511808243523,56324399.75891737,29083876.725542266
606,50228.92769972986,2152.1482149477783,50733431.08402635,29083876.725542266
607,51308.41460766987,3051.761158019738,110491910.89611974,29083876.725542266
608,51411.79044441188,3331.101898611777,125097512.20213275,29083876.725542266
609,50299.501731451586,2058.3668942274317,40993657.76818974,29083876.725542266
610,51374.023188727275,3266.4102164740384,124829388.3234667,29083876.725542266
611,52304.0447599959,4207.36370540821,181692926.7314528,29083876.725542266
612,51268.62696740169,3080.463363536979,114310804.57157977,29083876.725542266
613,51175.62030507344,2944.391321495549,98087724.5397472,29083876.725542266
614,50196.331070032764,2254.840121339719,63688536.64073531,29083876.725542266
615,52471.90561549135,4167.0121818014495,177718002.56445384,29083876.725542266
616,51405.72801956626,3176.2760389490213,110499782.0165319,29083876.725542266
617,50365.9645681962,2259.237328405349,58512484.13119888,29083876.725542266
618,50391.525855522326,2182.400092294839,49953109.46130076,29083876.725542266
619,50506.7650470542,2387.9698945093833,77345033.20751569,29083876.725542266
620,50198.73204005448,2105.903587177466,47590815.80035392,29083876.725542266
621,50268.9426174597,2088.1859948586657,47208462.57111187,29083876.725542266
622,50246.854516571235,2189.0191123118793,52992843.48065977,29083876.725542266
623,52442.04458189748,4179.4393218240175,191345539.4143308,29068679.861624405
624,50252.0333489926,2078.360630938402,41096551.9564776,29068679.861624405
625,51507.600187532276,3098.381835664638,99925585.0300569,29066477.014254585
626,50535.37325115768,2530.673650926652,82021441.4433037,29066477.014254585
627,50168.70016181668,2157.617773876112,49583313.034685925,29066477.014254585
628,50206.238278842924,2252.84956495284,62498273.35058397,29066477.014254585
629,50120.55104287318,2146.900970024316,51380766.466493055,29066477.014254585
630,50085.44441126454,2182.005372178446,58415148.05425441,29066477.014254585
631,50267.27061864005,2293.411710923029,66867739.18007519,29066477.014254585
632,51444.86388077379,3180.550202233443,111587301.31571129,29066477.014254585
633,50103.23490031067,2322.613925761577,73596158.07321799,29066477.014254585
634,50269.24979896039,2303.4923346523146,68502561.44376618,29066477.014254585
635,50294.77283194267,2244.49697883506,59220823.332960166,29066477.014254585
636,50324.05407916398,2149.3394459422925,54655826.14393942,29066477.014254585
637,50252.027321288166,2147.088989959816,54257597.26069249,29066477.014254585
638,50302.09468518809,2306.676253934542,61712627.70654567,29066477.014254585
639,50224.203431973,2151.294672719722,52412882.00499748,29066477.014254585
640,50272.38870365375,2203.4894727375904,58449520.07116779,29066477.014254585
641,50188.61603378223,2153.129547586608,54642095.74626787,29066477.014254585
642,50238.628690278325,2373.990828610081,72470254.08749765,29066477.014254585
643,50689.04198724652,2277.506707583258,56764681.92870764,29066477.014254585
644,51412.63895843051,3203.8821463848244,117794489.07146156,29066477.014254585
645,51353.21174454849,3240.111201713498,119519130.51048529,29066477.014254585
646,50168.70016181668,2374.702857841543,75088550.53774467,29066477.014254585
647,51249.80940459477,3158.0760798540114,120007188.61273237,29066477.014254585
648,50228.04892384001,2204.3366652262607,58430156.90753617,29066477.014254585
649,50198.15635942196,2031.2730899091107,42921554.88263027,29066477.014254585
650,50322.042248400256,2218.3865186896987,65067517.75880239,29066477.014254585
651,50317.50639436873,2244.3392701537528,63669013.27806528,29066477.014254585
652,50368.003078290385,2141.3166704082496,49783846.2154494,29066477.014254585
653,50162.097224732446,2127.4852613743287,50134024.315360114,29028221.265477672
654,50177.47010884452,2116.359329995067,48369110.080708146,29028221.265477672
655,50102.670790974335,2320.8372032957113,72034416.99038762,29028221.265477672
656,50224.6694119,2022.0013504297017,35644073.392958015,29028221.265477672
657,50267.160416277016,2284.777233735919,63840661.77873309,29028221.265477672
658,51220.13981132161,3196.0554574182715,120454713.99936573,29028221.265477672
659,51330.91617584389,3103.9197046688973,109037719.76247251,29028221.265477672
660,50344.96596618945,2425.849041614287,80047870.05556671,29028221.265477672
661,50248.64343322789,2304.9535241729845,62279612.49205208,29028221.265477672
662,51178.26811001252,3185.108848333042,115320812.2817378,29028221.26547767
663,50102.67079097433,2159.6325404637646,55713224.27639876,29028221.26547767
664,50269.57383395707,2235.7582690279187,60084892.92708244,29028221.26547767
665,50281.64980528417,2237.952353581235,61461789.49189241,29028221.26547767
666,50241.49477161846,2286.44380863462,73276104.27657399,29028221.26547767
667,50329.19082889336,2173.0671284015525,55236620.65959819,29028221.26547767
668,50417.34697835751,2312.4194607214645,69210241.18424447,29028221.26547767
669,50224.13925214979,2302.857347068822,64475433.54155096,29028221.26547767
670,51332.13671233037,3488.0385081342583,143518583.93310753,29028221.26547767
671,50148.092744651636,2178.1703452942797,56418172.006166235,29028221.26547767
672,50305.14757877093,2127.6013328928443,43949648.45122202,29028221.26547767
673,50291.24892719631,2180.8403431915804,53774259.57420905,29028221.26547767
674,50159.30461341895,2146.9358690557237,55499216.97412549,29028221.26547767
675,50428.86822021002,2114.33004717015,46238970.59534029,29028221.26547767
676,51307.67791496518,3226.362981396878,117590924.22967239,29028221.26547767
677,50110.00848835614,2108.3347140939413,45536179.79354552,29028221.26547767
678,50102.67079097433,2078.959890176483,47891084.26669337,29028221.26547767
679,50212.78668358501,2275.946574278046,64118690.425495744,29028221.26547767
680,50197.95984232158,2049.79550738221,40334673.00773154,28678611.11968598
681,50459.024121837036,2181.533509506004,49565942.29441236,28678611.119685974
682,50389.79282515565,2250.0662710317365,62226182.08788886,28678611.119685974
683,50238.55118485823,2138.5871788710915,52065786.42291242,28678611.119685974
684,50338.063278622,2301.1872070047793,74552314.29037619,28678611.119685974
685,50321.806935410365,2165.515204753987,55261325.30213964,28678611.119685974
686,50382.83779397536,2068.28486577112,46056452.12081053,28678611.119685974
687,50518.44792586061,2151.9415163518706,45307013.8773582,28678611.119685974
688,50338.063278621994,2169.1909881449096,54818985.93677495,28678611.119685974
689,50379.72743170311,2231.8487689665803,62257248.67768081,28678611.119685974
690,50630.85603786079,2580.8631541317004,93634963.59428927,28678611.119685974
691,50502.30424823031,2100.07075195828,40712098.26948843,28678611.119685974
692,51451.647066279635,3225.4263737539623,121720669.10747215,28678611.119685974
693,50529.98254045043,2083.7366369246856,38745746.09944735,28678611.119685974
694,51517.353755162156,3297.0433815272263,128364866.25240774,28678611.119685974
695,50315.54494985459,2066.241319763189,42791146.03275324,28642923.798516914
696,50346.90500582363,2275.9112213455032,62343107.86338623,28642923.79851691
697,50303.422923332706,2460.3429205460216,86991032.18200125,28642923.79851691
698,52411.71386937024,3939.297988981256,159601602.90115327,28642923.79851691
699,50318.117314876734,2128.9044283395096,50568649.91479804,28642923.79851691
700,52636.8717437519,4205.811047156113,177676029.0688255,28642923.79851691
701,50244.777231445354,2102.2313025797257,48013197.58605182,28602199.665850922
702,51310.94218579855,3148.32213815466,121337816.57877167,28602199.66585092
703,51233.25970509745,3200.3107751402986,121945236.95148826,28602199.66585092
704,50361.9546259607,2136.3139172659385,51816549.90345,28602199.66585092
705,50187.72922810807,2366.1704940682725,70841842.422683,28602199.66585092
706,50214.36593369203,2153.1080834001887,49357472.7133169,28602199.66585092
707,51249.416395982655,3258.64072070998,130746300.48208861,28602199.66585092
708,50236.361006840525,2210.810378696348,58433789.29699121,28602199.66585092
709,50399.72034141686,2064.63227672148,43064655.77567119,28602199.66585092
710,52486.98709382104,4142.867366594068,175884012.69775578,28602199.66585092
711,50420.17726060216,2377.0485286867943,74497983.67540136,28602199.66585092
712,50323.40693900535,2247.9687876171697,57698078.95398583,28602199.66585092
713,50314.447112143585,2211.459913218037,56824906.7576126,28602199.66585092
714,50322.17727386755,2101.1618845353178,39362870.95251573,28602199.66585092
715,50187.72922810807,2077.40344472726,43873201.182710655,28602199.66585092
716,50342.67762398499,2167.459266631886,54095053.07702937,28602199.66585092
717,50399.04390609647,2292.515892971872,62983583.81335504,28602199.66585092
718,51302.1501204845,3334.359582677806,127240017.38754594,28602199.66585092
719,50275.62574827143,2174.2329004577978,57152611.89523931,28602199.66585092
720,52410.90553747896,4146.844086725033,172377116.77696714,28358167.32352871
721,50116.18672640655,2592.2725310571604,88263107.26396778,28358167.323528707
722,49823.904539028095,2273.3474634458844,59870035.62338855,28358167.323528707
723,50844.54101160644,3296.6357457073086,129251105.12796016,28358167.323528707
724,50993.825724940114,3205.070149635323,125648989.64975488,28358167.323528707
725,49925.247913795356,2413.7726358281916,80478385.22485273,28358167.323528707
726,50911.97225147645,3330.8752318274624,126137933.15418041,28358167.323528707
727,49798.04404706923,2153.4756066424593,57037041.94650289,28358167.323528707
728,49940.38216532303,2216.1364289630883,53366627.63917028,28358167.323528707
729,51879.23211297851,3141.4316662776364,120267437.65213147,28358167.323528707
730,50969.1533116073,3154.743513575092,117617527.26052868,28358167.323528707
731,50781.81515867716,3160.023671368225,122805960.50231461,28358167.323528707
732,49887.22366687724,2134.149866442627,50092742.049821764,28358167.323528707
733,50916.531193480565,2974.6411455007974,97110910.30569103,28358167.323528707
734,49848.37796409022,2116.1515984758616,51173953.695564635,28358167.323528707
735,49898.45132083541,2146.936385247369,50894881.6302229,28358167.323528707
736,49937.43145536045,2222.534695075286,49815283.33930952,28358167.323528707
737,52332.00922300183,4240.867302325942,168008007.6037969,28358167.323528707
738,49864.256938242674,2071.54771066346,37615282.35435121,28358167.323528707
739,49790.84594643165,2190.955020035107,53627299.51977899,28358167.323528707
740,49819.03172385594,2307.8170664459026,70144816.93341403,28358167.323528707
741,50771.04917644748,3005.3238475360913,97463664.1788155,28358167.323528707
742,49831.352645038125,2152.891112576034,53989015.78520582,28358167.323528707
743,50000.50876391189,2209.2431181949187,57291355.725416824,28358167.323528707
744,49829.4950261798,2141.2673682234954,55891976.960352525,28358167.323528707
745,49795.59166013133,2258.924403336189,63704760.378891155,28358167.323528707
746,50017.73595315158,2412.006089789225,72961737.449691,28358167.323528707
747,51039.95056844405,3184.7303810644903,112551015.72564375,28358167.323528707
748,49893.95675256458,2178.8021887094023,51183553.167446986,28358167.323528707
749,50875.30552509767,3121.1885379555742,110612843.05835816,28358167.323528707
750,49830.21825813888,2236.537134854288,59558085.932538524,28358167.323528707
751,50870.5765850473,3349.9631970352552,136743055.99664044,28358167.323528707
752,49878.023000677895,2161.0856768537624,46191669.48564866,28358167.323528707
753,49936.141398408625,2201.5679445585474,53807753.98338618,28358167.323528707
754,49959.181968205536,2146.082223090557,44064300.63184853,28358167.323528707
755,49929.62399734369,2206.1733113375217,52622732.54542183,28358167.323528707
756,49965.65257815946,2157.222265021869,47098709.0430877,28358167.323528707
757,50049.216126714,2394.602912159559,74080498.05465516,28358167.323528707
758,50008.73060049888,2115.662287852116,46214655.85574767,28358167.323528707
759,49808.22044819655,2159.655410845813,54750532.023578405,28358167.323528707
760,49827.54347441263,2248.8676465185254,61271297.321414694,28358167.323528707
761,49797.61792135,2131.27861257498,51361476.47059113,28358167.323528707
762,49797.273114960066,2082.885000014561,39880846.32883267,28358167.323528707
763,49951.80063708465,2237.762076754666,57319913.735491395,28358167.323528707
764,49759.53037408809,2330.0895032099065,74369588.30501865,28358167.323528707
765,49949.25690174964,2292.5251699256796,59138310.23031328,28358167.323528707
766,49778.802203999614,2166.4433064669847,62320053.49731244,28358167.323528707
767,49867.62926883991,2330.3339595108228,67002680.59855734,28358167.323528707
768,49866.06555840175,2308.0298809446945,66550299.45148003,28358167.323528707
769,50080.38693766915,2190.8964440485893,52682240.08839721,28358167.323528707
770,51961.01237241325,4042.6894019440347,161187849.3431056,28358167.323528707
771,49759.53037408809,2028.9312367550483,35886970.516078144,28358167.323528707
772,50089.58070167082,2206.4054344037186,55695602.318369314,28358167.323528707
773,49800.89059064456,2193.519978216287,56257719.93572986,28358167.323528707
774,49935.287302645804,2157.9909788640994,50033636.010551974,28358167.323528707
775,49862.676463590076,2354.7280957746943,70662560.58066618,28358167.323528707
776,49767.47969132986,2327.870247944312,72380152.02403517,28358167.323528707
777,49861.53621625206,2308.143676913147,66695325.19975686,28358167.323528707
778,49920.437933465655,2270.3931030407475,66430211.020725586,28358167.323528707
779,49805.937372711,2048.533863354089,39391682.2788246,28358167.323528707
780,50927.38751255175,3116.6269265893484,113378993.03587683,28358167.323528707
781,49694.86784918033,2135.4707880957926,51038258.048844606,28358167.323528707
782,49759.53037408809,2133.989019403446,48322320.85955882,28358167.323528707
783,50835.127693126284,3208.9692578169593,130496102.55759032,28358167.323528707
784,49781.06009460379,1994.1389636103431,36188293.569410205,28358167.323528707
785,49759.53037408809,2096.3371489762512,50231846.054766566,28358167.323528707
786,51125.1434349501,3126.245718229154,106048099.98517397,28358167.323528707
787,49759.53037408809,2016.0962352142474,33285688.28237935,28358167.323528707
788,49944.430093065515,2340.207994768185,72813332.78857097,28358167.323528707
789,49867.00641401559,2231.2296981730865,52556330.47433964,28358167.323528707
790,49759.53037408809,2304.088319498479,65166488.72189002,28358167.323528707
791,49867.84435581423,2188.176872319462,52259488.16624124,28358167.323528707
792,49848.41534221741,2105.7050325645073,45223171.75447708,28358167.323528707
793,49917.40849321841,2305.941369181283,65986869.95370225,28358167.323528707
794,49964.77671035346,2336.7086400359944,65228657.69006257,28358167.323528707
795,50912.33707354452,3368.6837442032947,137220035.6573389,28358167.323528707
796,51190.42281713336,3307.2771492157744,119076272.19482398,28358167.323528707
797,51917.373069195004,4179.143198732128,179506763.84035826,28358167.323528707
798,49774.546032857754,2279.1112015995072,60122052.015939035,28358167.323528707
799,49759.53037408809,2072.587048870143,43229562.80415638,28358167.323528707
800,49965.04446494943,2293.943109082941,64238116.214557864,28358167.323528707
801,49917.34032542517,2361.3614238065616,68705065.7671347,28358167.323528707
802,49894.96097554038,2098.2845710159204,48778095.74796003,28358167.323528707
803,49761.24883692041,2171.2156335717395,55659835.616299614,28358167.323528707
804,49846.136285956214,2134.4194238655787,44156783.35654107,28358167.323528707
805,49908.55514517466,2337.549687456434,68284771.82820596,28358167.323528707
806,49863.84306627953,2120.547733323704,45473584.237629995,28358167.323528707
807,50059.9865369061,2150.732509292504,49116038.91170015,28358167.323528707
808,49828.125595280886,2222.041914131187,58359216.0844394,28358167.323528707
809,49875.95714091296,2239.723880458706,57353453.39331027,28358167.323528707
810,50827.38164647641,3354.493550279368,132965606.16024962,28358167.323528707
811,49819.26809455677,2199.5893818199897,54826364.01733903,28358167.323528707
812,49864.571622334435,2277.9419618096463,69447389.88763654,28358167.323528707
813,49837.05881636818,2334.2224126710125,71564919.72727518,28358167.323528707
814,50905.12884396581,3109.2176385854705,108278431.7328326,28358167.323528707
815,49867.6413214778,2058.850760443314,41016750.879993886,28358167.323528707
816,50876.352599243735,3177.00559105027,112276706.63259535,28358167.323528707
817,49904.82527573106,2280.7983368236764,66693602.045341946,28358167.323528707
818,50055.15820939767,2259.670651373345,55708106.42822305,28345331.332378257
819,50096.47223859348,2106.5795262354986,44728844.348398715,28345331.332378257
820,49936.749975234256,2312.9616993634545,69680609.47958955,28345331.332378257
821,50222.624534087954,2490.474304945834,80066408.52621768,28345331.332378257
822,52241.227504467184,4209.726757177964,176225996.12039718,28345331.332378257
823,50009.69298267021,2217.0897910099998,61231726.64869257,28345331.332378257
824,49940.13394176227,2162.432499345913,52099568.99194702,28345331.332378257
825,51182.31260122049,3208.770508714147,115549206.81778193,28345331.332378257
826,50046.65550885938,2154.576276187803,49806845.20266398,28345331.332378257
827,49997.633925609254,2234.284073380446,58081402.73807788,28345331.332378257
828,49984.71084017026,2257.657187013783,67038840.16170977,28345331.332378253
829,50951.39053672984,3162.2140270946934,118427561.23482423,28345331.332378253
830,49956.81688501775,2339.83681290565,71915447.86517586,28345331.332378253
831,49839.90654489057,2128.729748279402,52088029.614700116,28345331.332378253
832,49968.08395714678,2122.6670401359465,49066678.98795618,28345331.332378253
833,49942.23061852897,2152.2284094378733,55742758.621817306,28345331.332378253
834,49939.18107056896,2258.954893171493,65040283.36128167,28345331.332378253
835,49919.02801511964,2209.51595409687,57678948.0224339,28345331.332378253
836,49981.7776636536,2189.487573934132,58073155.59206643,28345331.332378253
837,50078.702316284565,2112.6035343225617,45789402.806999914,28345331.332378253
838,50006.31862678423,2336.641401124597,68750691.08208244,28345331.332378253
839,52227.86186270088,4523.134831906742,207288363.9295568,28345331.332378253
840,51128.39184620113,3277.4720378323955,133574102.51910098,28345331.332378253
841,49958.21515404945,1986.1144207771904,33439382.10045882,28345331.332378253
842,50031.33509282484,2193.4732749938207,55210374.35308875,28345331.332378253
843,52062.55133204282,4061.92980076818,169784787.9151217,28345331.332378253
844,51131.23042685517,3124.652438924123,110043024.24959895,28345331.332378253
845,49969.39059074516,2291.474388579275,67510093.50721464,28345331.332378253
846,49936.749975234256,2142.150503371997,53823601.39382551,28345331.332378253
847,49959.69376813828,2103.34824768815,46076594.4781759,28345331.332378253
848,50194.32845679902,2223.508465739528,46675953.98941771,28345331.332378253
849,51025.051604256,3112.575951759433,111492980.90699458,28345331.332378253
850,50139.51610076717,2275.500496013323,63296093.01218057,28345331.332378253
851,50038.65322223892,2097.843217497196,43217286.321340874,28345331.332378253
852,50168.85749739323,2096.912990188121,40872995.955315545,28345331.332378253
853,49954.410646285956,2109.97003147878,43859423.369934835,28345331.332378253
854,50021.79452792221,2353.383047898152,72689379.22267814,28345331.332378253
855,50092.60872888668,2358.0488320746767,66475478.786329284,28345331.332378253
856,50082.55904729203,2170.674576606856,48299095.82386163,28345331.332378253
857,50008.38437675882,2247.911864924787,60649582.4490119,26227085.410424355
858,50648.6982978545,3276.0900226923854,128785175.61399436,26227085.410424355
859,49685.09584817306,2092.4822896739156,52989641.69162343,26227085.410424355
860,50691.741749380286,3035.9607613012045,109365327.34665997,26227085.410424355
861,50907.842537220946,3239.667447619483,118562398.03873661,26227085.410424355
862,51893.69907931455,4258.0760009253745,191112622.2236856,26227085.410424355
863,49578.53930324888,2138.7960625700557,53589975.28298413,24287264.76869642
864,49730.82569798018,2143.946888602399,56417743.42847683,24287264.76869642
865,49769.81224175934,2235.953754269049,63562827.0471529,24287264.76869642
866,49656.21188954538,2163.247470997349,62136339.998935364,24282254.497397784
867,49698.40611513352,2180.176952779071,55716596.02044972,24282254.497397784
868,51831.1458176957,4137.06401974557,175783255.64276424,24282254.497397784
869,49564.71483467343,2111.0292998186405,53710127.85191788,24282254.497397784
870,49787.58050759764,2175.1786303870476,55624441.910869814,24282254.497397784
871,49575.553497892884,2277.038952889401,70673784.13283679,24282254.497397784
872,49774.93707010239,2324.8086630646967,68198510.72040063,24282254.497397784
873,49948.79777822872,2261.1110161165143,67146769.3753383,24282254.497397784
874,49624.38363110623,2235.9493766625974,60973315.15596624,24282254.497397784
875,49713.24679261846,2102.5513190423308,51842991.22737725,24282254.497397784
876,49573.94516499949,2016.6034628352986,43788771.166627675,20645036.823799964
877,49813.403493119666,2143.437179364239,55922905.27260096,20645036.823799964
878,49640.47382844663,2100.8904507007032,54571113.95044774,20645036.823799964
879,50732.615456972155,3197.019607750134,118835483.02429602,20645036.823799964
880,49721.62943124003,1975.2015474422758,38791132.42336811,20645036.823799964
881,50774.1142677139,3165.2140399067616,120747839.97862597,20645036.823799964
882,49695.25891547293,2012.8835333469244,40982119.04784732,20645036.823799964
883,49670.35534421839,2132.0222560322145,54278919.784841515,20645036.823799964
884,49912.93508666865,2195.8211582991376,61112104.62400623,20645036.823799964
885,49844.503557607495,2083.7890158409537,43631293.06370844,20645036.823799964
886,49773.426378137134,2161.144825696509,53747608.94850415,20645036.823799964
887,49657.01813793396,2056.760901550845,44757401.49688852,20645036.823799964
888,50112.212750324805,2173.7464629614924,49582392.016779155,20645036.823799964
889,49643.95303399921,2240.971602039129,68492404.97894433,20645036.823799964
890,49839.159962642494,2008.5992123584206,35034437.20313297,20645036.823799964
891,49753.480300618256,2162.686350328132,54338366.95176251,20645036.823799964
892,49871.901026863125,2196.6754264426495,59840897.67943857,20645036.823799964
893,49820.52472343323,1927.987961277641,30888713.09900705,20645036.823799964
894,49823.81580036223,2014.6014043629991,41775243.62910887,20645036.823799964
895,49857.96672873313,2055.640763425633,43352973.64315989,20645036.823799964
896,49786.28102717666,2172.820639839053,60203557.07280958,20645036.823799964
897,49726.45244189888,2059.0732796303164,49408872.62582474,20645036.823799964
898,49885.62112070716,2315.807179159875,70113262.59712104,20645036.823799964
899,49708.92511080569,2139.913233013324,53974570.494741164,20645036.823799964
900,49611.47895597369,2118.2355424363604,51174630.99434057,20645036.823799964
901,49852.213330792496,2349.695708850845,67612178.91955838,20645036.823799964
902,49711.818882093874,1907.1152631385855,31373920.324592788,20645036.823799964
903,49729.10575695191,2158.671857460376,59095625.864813186,20645036.823799964
904,49884.12623990895,2033.8337964702944,40011666.43806034,20645036.823799964
905,49773.072405530096,2206.0915363501713,58125748.716036215,20645036.823799964
906,51032.542290143334,3196.6075698883224,112211866.93669769,20380221.91241309
907,51151.4484529233,3247.540122915055,129436947.88408956,20380221.91241309
908,51167.60574900574,3102.1649406277,104603421.37382384,20314832.067004804
909,49727.81179294699,2059.5562193651167,45900572.35314949,20314832.0670048
910,49869.45251660191,2174.161492657567,55501199.06885649,20314832.0670048
911,49771.0498582736,2159.8412011381356,57864683.75190078,20314832.0670048
912,50899.34267947076,3192.287129401826,124608539.25212264,20314832.0670048
913,49899.193041344086,2340.7959497451875,70825582.48623757,20314832.0670048
914,49997.3541141912,2138.199975557008,43185443.22415504,20314832.0670048
915,51000.486973480154,3094.0480863857656,101951729.44751489,20314832.0670048
916,50003.078192895446,2324.939435863559,65556078.951310314,20314832.067004796
917,49806.156489882225,2172.222810607429,60088993.65516219,20314832.067004796
918,49853.45540698748,2178.7065650013456,55580566.12711104,20314832.067004796
919,49787.79773025763,2019.9359722887807,45911977.327931166,20314832.067004796
920,49771.0498582736,2072.083157609778,47121753.54455358,20314832.067004796
921,49837.06625545756,1935.2896639384737,32103338.48761748,20314832.067004796
922,50154.57345370388,2121.558676571,47221776.39607432,20314832.067004796
923,50986.075102037474,3051.903949531633,104546423.65962735,20314832.067004796
924,49850.66642948467,2183.179533556585,61503988.06547421,20314832.067004796
925,49847.19039852005,2252.0380159418746,63523712.06690244,20314832.067004796
926,49892.9390993007,2086.8250684980544,44338326.979957655,20314832.067004796
927,49969.7629397438,1984.492067547532,40542113.62063953,20314832.067004796
928,49791.46466355852,1980.539051326537,40613563.292428076,20314832.067004796
929,49774.868652179175,2123.6930553212924,57725113.89173535,20314832.067004796
930,50853.93716303173,3075.8039142260836,109858387.0609756,20314832.067004796
931,50846.64043451174,2945.254572059617,91089754.05648312,20314832.067004796
932,49902.370932959915,2177.321366239998,54025526.30554569,20314832.067004796
933,49787.30620148523,2134.3356793331463,54717226.624637306,20314832.067004796
934,49788.26163243265,2018.9910837961047,40755034.995544784,20314832.067004796
935,49829.67570995193,2105.595607720971,50529064.89975834,20314832.067004796
936,49922.33288263949,2139.780221612108,47144188.371609166,20314832.067004796
937,49903.30554432511,2224.6501385778897,55025063.81547632,20314832.067004796
938,49882.28939413522,1981.0831240905202,36261574.89993139,20314832.067004796
939,50074.0071273942,2254.3734058896107,59408201.93050243,20314832.067004796
940,50902.26318957803,3188.68629638571,122375441.75508222,20314832.067004796
941,50899.988744198665,3071.3331728940116,109609916.38579817,20314832.067004796
942,49768.55376875125,1985.7215663750608,41715206.1854378,20314832.067004796
943,49810.48884528176,2202.401846191331,61249588.938009515,20314832.067004796
944,51196.62954058766,3109.6462889384447,105949555.23326498,20314832.067004796
945,49985.143190489405,2205.8183141243353,58829114.966782644,20314832.067004796
946,49842.44501934209,2218.0540846510676,58937706.26552217,20314832.067004796
947,49994.64242422025,2261.6915381762456,61488309.47103522,20314832.067004796
948,49796.22172941435,2166.0596571813367,57202710.42452326,20314832.067004796
949,53095.9655643624,5134.638408372244,230973824.2404607,20314832.067004796
950,49962.268896204114,2288.577853458104,65520398.92000687,20314832.067004796
951,51071.685840543374,3417.0739871275387,135665623.03834388,20314832.067004796
952,50059.958366315055,2030.7408740319686,43673933.41545766,20314832.067004796
953,49861.55127868037,2068.8393477337113,44351122.45768186,20290116.71511054
954,49939.19255206133,2282.306390380765,67253237.25348976,20290116.71511054
955,49875.5372231736,2184.6560743991017,56208588.37358172,20290116.71511054
956,49907.60744674258,2215.9018802946807,58228651.68152793,20290116.71511054
957,49707.79895287871,2215.070804049313,68261364.03991203,20290116.71511054
958,49864.08225887828,2195.514715571228,58779910.59676125,20290116.71511054
959,50924.051978172785,3036.9305437850217,109124883.76024704,20290116.71511054
960,49773.465038773065,1979.246158151649,34046282.8772419,20290116.71511054
961,49832.1350691841,2036.4117775713717,40070928.137431934,20290116.71511054
962,49813.06453301657,2302.587189041618,63708572.308946446,20290116.71511054
963,49718.57399855975,2065.128934922145,47184676.30810126,20290116.71511054
964,49710.4975973769,2139.5145422656333,55774130.53709854,20290116.71511054
965,49851.74745498811,2075.9182978604344,47876155.29713245,20290116.71511054
966,49925.13851546013,2175.408169573578,55125959.47185644,20290116.71511054
967,49710.4975973769,2012.8375846013273,42816955.70812816,20290116.71511054
968,49834.54262314032,2215.5133084695335,59408865.40167562,20290116.71511054
969,50997.28006379862,3183.7216480569473,122401282.0632318,20290116.71511054
970,49777.346596706724,2321.7250876142252,69777528.84983085,20290116.71511054
971,49822.183214657955,2164.224631575572,56965271.91178928,20290116.71511054
972,49722.23183486756,2009.238240295601,41132783.01440799,20290116.71511054
973,49879.15592406732,2291.891944662472,59643814.158496276,20290116.71511054
974,50935.26480808885,3127.1206470621178,113492358.80124703,20290116.71511054
975,49827.15673807251,2045.7515572592688,44737270.04966665,20290116.71511054
976,49777.34659670672,1952.9362086208614,33568674.35595464,20290116.71511054
977,49767.69021701774,2261.143314554388,66533154.07469686,20290116.71511054
978,49653.381530864826,2229.9217682227854,63985106.13003252,20290116.71511054
979,50864.42930816241,3134.594369409848,109311943.88515607,20290116.71511054
980,49929.862862353664,2223.26336005865,55915812.28379194,20290116.71511054
981,49835.412020707496,2066.078520268614,48799260.19024195,17654903.105809174
982,49756.68772008841,1926.871490703656,33115698.101313658,17609434.71832081
983,50628.95407677326,2920.469242166271,99472798.63109317,17609434.71832081
984,49626.417301460475,2025.9140469319568,46275589.708430134,17609434.71832081
985,49619.19784554155,1930.0646985360995,35503806.14754869,17609434.71832081
986,50641.50177058898,3119.3795225601834,114032622.93693447,17609434.71832081
987,50893.789308311665,3190.8679649387577,116885394.49078684,17609434.71832081
988,49589.97755735914,2066.1884929267335,51817193.03418742,17609434.71832081
989,49869.63390664537,2049.5593925236467,43481890.58241765,17609434.71832081
990,49770.23654282644,1970.774893186251,38491258.557622075,17609434.71832081
991,49612.727593242984,2087.6396651841833,50937729.16347321,17609434.71832081
992,50877.624072081955,3142.203992626769,110436754.90282004,17609434.71832081
993,49676.122507845444,2244.2536759223244,63356193.243029214,17609434.71832081
994,49632.38570879268,2189.570336605095,61652591.20581231,17609434.71832081
995,49637.57791704077,2164.240649380387,56250365.37879507,17609434.71832081
996,50782.51096061548,3232.791339098886,122958544.651041,17609434.71832081
997,49779.15598250758,2270.086312205566,65023727.84691165,17609434.71832081
998,49568.81819064043,2216.573078859362,65201105.812058076,17609434.71832081
999,50823.660031255145,3212.9226340916434,122072820.74171977,17609434.71832081
1000,49636.4894135906,1899.679889538455,33776854.72848317,17609434.71832081
1001,49760.26484478253,2157.8773690563044,56459968.85539138,17609434.71832081
1002,49708.833708710525,2217.047977878877,58406583.564424336,17609434.71832081
1003,50819.41602264212,3108.1888179129683,113715308.77968106,17609434.71832081
1004,49742.48540113499,1951.7997580522374,37338022.67008509,17609434.71832081
1005,50656.42302863698,3044.0087999989246,105343423.84204939,17609434.71832081
1006,49742.88510969616,2030.259784676286,43463078.41757588,17609434.71832081
1007,49592.14852031358,2027.2250509817961,47623620.511109136,17609434.71832081
1008,49673.46894752286,1928.0144080450766,37461762.65064849,17606373.64053152
1009,49579.4484989164,2043.47223298237,48330560.280402325,17606373.64053152
1010,49799.24897765799,2037.8871491085931,37354317.51602153,17606373.64053152
1011,49783.25063259875,2058.58708052601,49617928.58472299,17606373.640531518
1012,49632.16871428246,1882.8648681570733,31737216.60952701,17606373.640531518
1013,50824.456480499146,3188.3867606605663,115683917.23706475,17606373.640531518
1014,49573.85431745468,1831.0274025045524,26428964.55441338,17606373.640531518
1015,49902.10181077921,2019.4512363417423,40059033.75042109,17606373.640531518
1016,50792.4073822724,3241.4196346273393,132184266.40733643,17606373.640531518
1017,49641.09660826922,2085.943411359052,52840301.3949732,17606373.640531518
1018,50753.69435987232,3104.119290840648,112110956.05222797,17606373.640531518
1019,49807.86154447565,2050.9621403750393,44590596.79836935,17606373.640531518
1020,49764.468298454514,2135.2936573396405,51839516.17454858,17606373.640531518
1021,49850.05977280419,2177.0943210070873,48656740.488505974,17606373.640531518
1022,49693.55753124085,2126.6748768798225,50375476.11726858,17606373.640531518
1023,50898.9989101043,3290.0921740768667,128894688.56618035,17606373.640531518
1024,49942.12841817397,2211.838476069802,53530052.95354076,17606373.640531518
1025,51661.01221123229,4065.906819505024,174707536.90625507,17606373.640531518
1026,49828.71357958143,2076.927440503064,45142284.86158686,17606373.640531518
1027,49671.42890854122,2192.6046103545677,60123297.854067326,17606373.640531518
1028,49733.11585539519,2131.6084805570104,50154285.7357094,17606373.640531518
1029,49711.25560306921,2134.385471794156,55615278.67022296,17606373.640531518
1030,49638.02546251134,1962.6320275736666,40278590.43273331,17606373.640531518
1031,49590.08163296159,2088.8995297644437,46645328.153633155,17606373.640531518
1032,50683.955928548196,3234.1987531531677,131325218.61421737,17606373.640531518
1033,49673.85734406201,2155.035070221843,56690082.45523586,17606373.640531518
1034,49777.09415817178,2279.710836314605,65958980.9826313,17606373.640531518
1035,50849.21902981009,2989.8135624334386,100545538.13758048,17606373.640531518
1036,49689.64262753028,1930.7403633271563,34754214.052387424,17606373.640531518
1037,49813.83031874612,2002.5444896550148,38448032.204860695,17542589.901227653
1038,49463.31571564656,1956.6666410711034,34331810.71088566,17542589.901227653
1039,49574.30263127493,2046.9880623388308,39023104.81851843,17542589.901227653
1040,49583.43670891427,2152.8033448697543,60922880.90937831,17542589.901227653
1041,49471.182545042575,2185.4529424369293,59827432.987703964,17542589.901227653
1042,49394.2599350662,2038.032596203398,45139207.265492916,17542589.901227653
1043,49566.03375737964,2156.994438944511,51031440.337009534,17542589.901227653
1044,50504.03996835476,2842.805641271492,92766474.83712621,17542589.901227653
1045,49656.540241817405,2076.706630330958,48744026.54290942,17542589.901227653
1046,49576.96154673466,2195.523594798117,63088738.45861127,17542589.901227653
1047,49468.725811255994,2140.9736138254675,54626918.04408318,17542589.901227653
1048,49496.26826840725,2031.1397119757737,46153190.26652019,17542589.901227653
1049,49373.84352774911,2001.1639081459969,45481341.56896297,17542589.901227653
1050,49429.520929051876,2120.8966007370814,56441333.90888478,17542589.901227653
1051,52511.061546455916,4101.837469589892,189277370.49383998,17542589.901227653
1052,49455.42524525225,1956.1435947178677,41308192.077251725,17542589.901227653
1053,50517.395590100394,3177.9550708115644,124832832.41665328,17542589.901227653
1054,50556.640875341676,3287.505891486766,133281894.79551315,17542589.901227653
1055,50491.66147727195,3053.087830898693,107332275.07777473,17542589.901227653
1056,49513.18252547154,1987.2127350440333,39566193.414124906,17542589.901227653
1057,50525.54327062333,3097.2091116680053,116934569.02894545,17542589.90122765
1058,49554.06589157058,1983.5564594976106,42381044.04302777,17542589.90122765
1059,50591.7138123021,3087.6055951463586,106620568.43518975,17542589.90122765
1060,49491.48461109998,2051.4533569526147,45172977.290813155,17542589.90122765
1061,50483.84742525364,3250.5371935202147,128899662.09247792,17542589.90122765
1062,49440.119425381374,1881.72707692013,30429452.731458873,17542589.90122765
1063,50811.141680718705,3133.0484928137384,111336950.77328642,17542589.90122765
1064,50653.925565806494,3177.7831833604328,122131683.78652032,17542589.90122765
1065,50659.43754009671,3261.0276920268684,133944113.0999747,17542589.90122765
1066,49726.21718289734,2134.207241194649,44175123.822328255,17542589.90122765
1067,49448.06954705846,1895.0739395136056,30787374.430964492,17542589.90122765
1068,49772.29056570758,2404.3346302257423,72085763.94812506,17542589.90122765
1069,49780.48938630938,2325.5601724152993,73283853.62273791,17542589.90122765
1070,49416.651295103446,2196.501467069393,62332083.56491466,17542589.90122765
1071,50444.7732971759,2972.722268924684,98555997.2533799,17542589.90122765
1072,49551.36625559417,2006.821216488474,42111026.48096614,17542589.90122765
1073,49731.15428107164,2077.30514908517,38074478.48141237,17542589.90122765
1074,49453.60869708952,2250.5622282442782,70216271.52049434,17542589.90122765
1075,49394.25993506618,1957.8354406178998,38904044.87272303,17542589.90122765
1076,50606.372048050485,3181.4467841445353,121995127.3599792,17527533.1360319
1077,49493.61944248386,2228.504717534782,62551993.17185309,17527533.1360319
1078,50381.369666657076,2960.366603381549,101017146.17627221,17527533.1360319
1079,49526.591314868165,1997.0461614820233,43405110.26133908,17527533.1360319
1080,49425.725240489504,1986.621050148983,39534027.76266607,17527533.1360319
1081,50521.477285980814,3154.084907395735,115016502.40819666,17527533.1360319
1082,49476.520837356315,2212.1040499574206,60245262.29677389,17527533.1360319
1083,49598.29094054004,2207.817009149993,63457796.76214145,17527533.1360319
1084,49296.66176367404,2060.7194310424866,51420956.768321335,17527533.1360319
1085,49637.00045351748,2106.101273745518,46170681.181605384,17527533.1360319
1086,50418.42879060352,3115.535916180365,118384141.48451331,17527533.1360319
1087,49531.043486251074,2416.9850239146926,80679914.25642794,17527533.1360319
1088,49605.520864546,2111.277428530255,49364842.24451343,17527533.1360319
1089,49468.76801026344,2398.6282521604385,79064067.03042483,17527533.1360319
1090,49351.86495359265,1988.1548622260736,38950064.5451512,17527533.1360319
1091,49592.75123183731,2209.8000897403053,58344570.19542234,17527533.1360319
1092,49399.40328958866,2037.5517376667317,43654847.64605321,17527533.1360319
1093,49524.33422121272,2185.183903020169,54419532.13161554,17527533.1360319
1094,49338.10787149016,2070.4758322111147,49418669.38034716,16918953.1318659
1095,49431.252554559265,2065.7100211305815,49582853.09660544,16918953.1318659
1096,49578.66060796107,2120.6222661484258,54152261.02932793,16918953.1318659
1097,49388.846388682374,1897.656339824734,33736717.99573596,16918953.1318659
1098,50675.32404706373,3042.656687046644,110902395.00528684,16918953.1318659
1099,49525.35798349525,2081.3119787743954,44977577.915086545,16918953.1318659
1100,49314.66447757306,2006.661161418786,48828250.47199066,16918953.1318659
1101,49471.65300175319,1965.77663010255,40467090.4546457,16918953.1318659
1102,50407.59033083402,3129.412753589565,114047857.78126784,16918953.1318659
1103,50498.21028316124,2969.778988826307,96910770.53920299,16918953.1318659
1104,49429.183375236695,2155.047906860663,56255804.07024245,16918953.1318659
1105,50518.807978608886,3279.435859030216,127293875.70671305,16918953.1318659
1106,49432.89048527312,2055.805643817156,45614391.21126674,16918953.1318659
1107,49505.439059369244,2250.680062737742,64696923.65623299,16918953.1318659
1108,49351.86495359265,2201.743547845411,61517536.936262295,16918953.1318659
1109,49529.645080663264,2152.571636395343,52153731.09478467,16918953.1318659
1110,49449.44590580729,2028.977491440924,47061747.49740761,16918953.1318659
1111,49424.860179337076,2057.8596287037285,48899274.00034105,16918953.1318659
1112,50510.5738113766,3098.094536349393,118016072.95505612,16918953.1318659
1113,49426.450411833706,2071.244531818424,45268935.14217157,16918953.1318659
1114,51570.35627149739,4137.499869816153,180122989.9680662,16918953.1318659
1115,49407.6119348084,1980.0387201823978,39768868.51237507,16918953.1318659
1116,49431.81528293468,2028.0656786606319,47112972.99017527,16918953.1318659
1117,49718.276231401935,2468.173654034009,79485894.56779587,16918953.1318659
1118,49689.637480998674,2346.591309511679,70588059.65155254,16918953.1318659
1119,49413.23312385375,2068.383490029256,50897560.133191675,16918953.1318659
1120,49351.86495359265,2063.729913818507,49450557.67833133,16918953.1318659
1121,50389.72927792663,3001.3117990749956,102374402.12914234,16918953.1318659
1122,49535.59852990591,2055.9482557966885,46330248.23730455,16918953.1318659
1123,49383.34713392806,2146.0337010806957,57303049.160838865,16918953.1318659
1124,49498.57611559257,2115.9085760622056,53194157.64754318,16918953.1318659
1125,49351.86495359265,1977.0261878992155,40745001.715242475,16918953.1318659
1126,49615.367407579266,1977.3182906987536,32598471.717511058,16918953.1318659
1127,49407.689371626555,2268.6731641458337,66139381.803445436,16918953.1318659
1128,50808.70460536124,3459.705039445516,139599278.5916739,16918953.1318659
1129,49450.62320246039,2229.055496809902,61356474.01561539,16918953.1318659
1130,49463.51103733883,2019.9825597368704,44780377.66546801,16918953.1318659
1131,49416.59022043636,1887.704494378541,29999904.535103716,16918953.1318659
1132,50711.516004762656,3061.564387202822,112557348.15408432,16918953.1318659
1133,49598.043247908856,2093.2792432809174,45661466.956266046,16918953.1318659
1134,49801.826467566185,2381.331369266209,69208930.97075836,16918953.1318659
1135,49517.27311875891,1872.8685344292157,31804342.111556523,16918953.1318659
1136,49415.81176639638,1930.4062925231701,34012341.146890566,16918953.1318659
1137,49413.3929880899,1979.386751502873,40480273.97342005,16918953.1318659
1138,50449.456807157185,2963.5705313565713,99238424.76052842,16918953.1318659
1139,49351.86495359265,1959.9685120157396,37687200.72999301,16918953.1318659
1140,49461.8766834968,2124.5882262170717,52545381.88336117,16918953.1318659
1141,51559.818836532024,3826.0287375510243,148134512.78474656,16918953.1318659
1142,49372.419708803944,2051.86146917406,48616522.70547263,16918953.1318659
1143,50778.64424799025,3236.7758100488563,124414934.08467951,16918953.1318659
1144,49376.67492107542,2224.0501623310956,61963456.08405794,16897602.536695275
1145,49326.30094080911,1970.4087634007399,42158295.12528299,16897602.536695275
1146,50493.7077821624,3022.558162004647,105400120.15122177,16897602.536695268
1147,49328.88314484452,1992.133466584843,42875666.514858425,16897602.536695268
1148,49381.21274006405,2036.1804127443424,48322291.69496136,16897602.536695268
1149,49393.26869826048,2118.3278816708203,52856217.46255796,16897602.536695268
1150,50376.56201841838,3220.3509193392074,124494507.45976388,16897602.536695268
1151,49289.58617775309,1903.6641319325743,32610944.52283288,16897602.536695268
1152,49390.418838600846,1902.2119811770729,32638113.45796118,16897602.536695268
1153,49289.58617775307,2002.598331368285,45237287.533905275,16897602.536695268
1154,49457.54382747408,2086.3558362849717,51593851.02203206,16897602.536695268
1155,49643.85443826935,2121.4864029351274,49337724.77795296,16897602.536695268
1156,49384.48770658402,2130.477725811836,54669253.38103853,16897602.536695268
1157,51628.11121995414,4259.440370722363,180710676.6374688,16897602.536695268
1158,50493.64115270851,3156.300545197416,117758762.02428527,16897602.536695268
1159,49389.06407101873,2032.8692008432395,45313195.33551737,16897602.536695268
1160,49769.23882626243,2319.220741004006,66324312.42398788,16897602.536695268
1161,49396.6769435883,2119.926410158868,49239711.39629132,16897602.536695268
1162,49305.68080851395,2083.281890586738,50536000.11982,16897602.536695268
1163,49359.89620438323,2176.5774962154906,56599962.70173304,16897602.536695268
1164,49404.15893752163,1910.9723323860533,34203826.97933109,16897602.536695268
1165,49307.1454840355,2123.5546706786427,54455871.93008351,16897602.536695268
1166,49371.98052109452,2096.338543900586,47833031.95228527,16897602.536695268
1167,49509.991502713005,2358.0085318421466,75792429.73540583,16897602.536695268
1168,49517.112652657306,2312.324180776147,72239780.83673026,16897602.536695268
1169,49289.58617775307,1946.4838837499137,40346065.43550739,16897602.536695268
1170,50343.39705274842,2984.404938383995,100673714.57840803,16897602.536695268
1171,49289.58617775308,1982.2369522650406,40993702.59603591,16897602.536695268
1172,49473.56224772464,2132.6485712508666,58409468.55539304,16897602.536695268
1173,49326.567612842795,2119.7338407666784,52846258.29317524,16897602.536695268
1174,50485.53165414826,2994.5536907405167,107603806.16731283,16897602.536695268
1175,49589.84300234387,2114.2015262197897,49764136.82862333,16897602.536695268
1176,49606.32294720293,2244.479753844586,59251569.5443663,16897602.536695268
1177,49308.2469897551,2035.049020505289,45881574.21519409,16897602.536695268
1178,50548.32830391171,3207.517936773258,121321885.86901262,16897602.536695268
1179,49378.49415204647,2300.3973480286018,70425879.79236153,16897602.536695268
1180,49458.20470414332,2146.4152604315336,54758731.24214268,16897602.536695268
1181,49424.73883015531,2319.749489160281,72980736.09894107,16897602.536695268
1182,49350.90552114135,2006.9688311712634,48580777.215514675,16897602.536695268
1183,49400.70203078892,2192.5186877112865,57207577.47983406,16897602.536695268
1184,49306.30450024103,2112.759275288766,54559275.40205898,16897602.536695268
1185,49416.744433784916,2149.532879117674,53298727.44556624,16897602.536695268
1186,49431.96960549123,2223.803044736821,65208262.09972318,16897602.536695268
1187,49357.4765398944,2320.7464687926868,70024304.49282539,16897602.536695268
1188,49304.60337217524,2242.46771228044,65823757.10566753,16897602.536695268
1189,49392.53753982593,2247.0142478563525,66126785.742255405,16897602.536695268
1190,49475.59196517915,2294.563380724693,64367398.5596624,16897602.536695268
1191,49330.46639880802,2045.1706755527994,47140131.07730477,16897602.536695268
1192,49331.42532113001,2019.6419483524362,42990769.63557402,16897602.536695268
1193,49289.58617775308,2254.5062197836296,64757753.58888046,16897602.536695268
1194,49367.498990252236,2037.1181794444824,46028299.97077113,16082562.780872269
1195,49512.903489923425,2077.65136445722,45817849.95782678,16082562.780872269
1196,49472.47658520024,2077.4907839040466,47486381.118481785,16082562.780872269
1197,49289.58617775309,1892.9927263344907,33900079.13111474,16082562.780872265
1198,49233.10309778358,2140.511311491765,55703737.75672803,16082562.780872265
1199,49421.332231238375,1919.2831012702295,29091749.794281363,16082562.780872265
1200,51387.4988127209,4072.472773273751,172205148.49137777,16082562.780872265
1201,49385.88682750126,2039.1992971218665,48898150.771227166,16060200.037505738
1202,50374.23186480944,3076.622955009768,111149685.93854752,16060200.037505738
1203,49293.22512849265,1996.037851064635,43303047.4632013,16060200.037505738
1204,49373.4432906723,2258.1139168091513,67842969.22914886,16060200.037505738
1205,49355.47443850464,1918.6541900317734,33296297.947587132,16060200.037505738
1206,49479.44714061902,2035.032429984277,41189171.11076073,16060200.037505738
1207,49221.04919261248,2086.4975479793848,53343770.43875284,16060200.037505738
1208,49425.309453394184,2101.3224490721177,48875234.2471586,16060200.037505738
1209,49387.37558176435,2372.889439519865,78648085.5179975,16060200.037505738
1210,49289.52820168737,1903.6510758995823,33546621.69089841,16060200.037505738
1211,49221.04919261248,2035.849574308801,47983363.93178435,16060200.037505738
1212,49221.04919261248,1915.0935524627098,34796382.07943841,16060200.037505738
1213,49234.35160259817,1864.2674206478773,30704997.09326135,16046310.328288725
1214,49196.520954144304,2381.5496275081277,81799106.44733475,16046310.328288725
1215,49171.55645215405,1979.2908484606874,42040898.23449784,16046310.328288725
1216,49238.845206315964,2108.903094960174,54150637.01338184,16046310.328288725
1217,49298.72940288835,2190.5022522625814,57762517.193651915,16046310.328288725
1218,49180.86075194042,2181.6993325234575,59010235.360231,16046310.328288725
1219,49333.507050723434,2090.6193673401594,50333514.914009236,16046310.328288723
1220,49379.56750688714,2205.5698684311365,59640565.906008184,16046310.328288723
1221,49354.78710499614,2069.401739646836,46704065.56912208,16046310.328288723
1222,49372.671832235406,1927.7820563638513,33083010.9239461,16046310.328288723
1223,50357.74713689921,3114.490399891938,115102265.94128878,16046310.328288723
1224,49186.1380542457,2041.8308731662808,46702853.487073615,16046310.328288723
1225,49259.420539469145,2093.576877937714,51369796.98123944,16046310.328288723
1226,49549.000655209165,2248.0773212377353,60597941.988942996,16046310.328288723
1227,50289.30867964596,3170.0158977827004,118885298.71322279,16046310.328288723
1228,50366.83247165156,3023.0636821227977,101367799.80471615,16046310.328288723
1229,49272.69699146732,2226.214183039885,62090975.99568592,16046310.328288723
1230,49284.44172857967,2183.7127054096973,57769888.769628964,16046310.328288723
1231,50593.665201689364,3388.2670511427264,127708166.63156,16046310.328288723
1232,49400.88885979061,1885.5218646892913,33597294.77124371,16046310.328288723
1233,49605.35956449099,2044.9158642748873,33393483.814422905,16046310.328288723
1234,49239.52714013561,2235.9311194220763,63349279.19595095,16046310.328288723
1235,49342.66969238965,1968.9315813704857,42509859.57251854,16046310.328288723
1236,49490.239751371235,2068.9665521458573,42390988.854805365,16046310.328288723
1237,49270.45039814338,2104.0778379962744,54925050.065710105,16046310.328288723
1238,51305.49026904631,4096.433585934456,173929578.25497258,16046310.328288723
1239,49205.81129849942,2166.0562952344508,59663390.20568456,16046310.328288723
1240,49379.13661523796,1944.9016861807154,32066429.194190104,16046310.328288723
1241,49256.286266647105,2160.4197658919798,58669589.07434501,16046310.328288723
1242,49145.43884443358,2027.5487954901769,45337837.727048054,16046310.328288723
1243,49367.011503106056,2064.484865879239,46930125.814710096,16046310.328288723
1244,49249.11369084997,2074.155504198624,47992040.97448057,16046310.328288723
1245,50317.38654308824,3120.8958080318416,118896035.352693,16046310.328288723
1246,49202.93156998685,1816.8771186405295,25222186.74957157,16046310.328288723
1247,50464.854458097325,3037.8803288233125,103944062.97830066,16046310.328288723
1248,49248.67505149601,1968.4785402658406,40432702.762257546,16046310.328288723
1249,49178.48022964531,2126.0490151702315,57191848.76332096,16046310.328288723
1250,49389.25464178057,2104.9289838654613,51264835.53715166,16043800.9449819
1251,49025.96665822923,2114.1455625872863,51403752.66265175,16043800.9449819
1252,49977.320883760636,3081.6081848999443,109721409.32895999,16043800.9449819
1253,49140.349508070525,2198.4232895538958,54634545.43803891,16043800.9449819
1254,48846.401013200186,2174.0433377056825,62562688.647138715,16043800.9449819
1255,51010.44111246286,4016.701486634982,169307283.0459179,16043800.9449819
1256,50031.05916139006,3084.2320090537705,115465483.30176267,16043800.9449819
1257,48821.163781562,1873.5342632182794,34485347.40856471,16043800.9449819
1258,48965.30037637637,1994.4884327887114,43182478.87160612,16043800.9449819
1259,48850.884910029745,2002.5267044005152,44455381.80177128,16043800.9449819
1260,49053.345578128174,2057.020884569288,47784781.98135069,16043800.9449819
1261,48944.88819133459,1916.964279557543,29915621.212177653,16043800.9449819
1262,49291.089254899605,1988.0745191269416,29655137.859783918,16043800.9449819
1263,49058.75398168583,2088.865741721105,46776589.288847275,16043800.9449819
1264,48886.168135446074,2070.1126377577534,48998788.57552777,16043800.9449819
1265,48939.02632321508,2105.5850018940046,55040478.43432031,16043800.9449819
1266,48973.95123326692,1924.6382376390684,35456704.17373853,16043800.9449819
1267,48856.4644467116,2100.7355659208706,52706269.11661516,16043800.9449819
1268,50116.84557531884,3309.7396837973183,128294784.22256899,16043800.9449819
1269,48981.3197070287,1885.3608119337491,31711786.035309583,16043800.9449819
1270,48956.376472219024,1980.2761495627842,44016269.64018811,16043800.9449819
1271,48897.225884721396,1938.5858406992752,37798601.08141631,16043800.9449819
1272,49019.922878640486,1894.4358626792014,28670846.883572947,16043800.9449819
1273,49080.40545471884,2071.7719394047967,43715588.28976358,16043800.9449819
1274,48906.7746823613,1965.935562356748,39224501.940331265,16043800.9449819
1275,49076.709848253806,2064.195302485917,53223906.06238319,16043800.9449819
1276,48950.865711629725,1988.5150503992622,40789679.137277365,16043800.9449819
1277,50403.51405698011,3282.6210751846324,118364273.63804884,16043800.9449819
1278,48974.883402469524,1854.9842896910457,28872141.5686831,16043800.9449819
1279,48967.7559590621,2292.372843849706,76035755.1443612,16043800.9449819
1280,51060.34294825129,4068.694255729331,178689656.1516466,16043800.9449819
1281,48925.280741250644,2010.2608199993458,44777196.622220054,16043800.9449819
1282,48889.70147025868,2173.401318949729,57026104.57893734,16043800.9449819
1283,50042.70904368207,3159.821479508297,116724125.96131554,16043800.9449819
1284,48925.945011753574,2029.7457612147846,46589071.85710771,16043800.9449819
1285,49014.31626952104,2157.8788507364916,54760200.73588912,16043800.9449819
1286,48910.3526492002,2207.9967728590445,66359820.26275514,16043800.9449819
1287,48895.381009116885,1918.7759764628129,34309552.446277544,16043800.9449819
1288,49039.22257638379,2115.160407870775,51381880.7755384,16043800.9449819
1289,50131.418462381305,3265.5498667144625,128704026.96657069,16043800.9449819
1290,48850.778306004635,1905.3980339734335,37477038.17981458,16043800.9449819
1291,49137.202332482135,2149.0571480330887,52769602.33183695,16043800.9449819
1292,48952.49431323759,2081.1583017254616,48894163.68348462,15884614.906409374
1293,49986.9556757379,2960.1852393034983,105031631.15609077,15884614.906409374
1294,48853.00910194336,2156.624059289136,59522961.72612108,15884614.906409374
1295,49009.4181893943,1991.884695582945,33673662.60952965,15884614.906409374
1296,50194.057495562185,3173.8460251113975,119008337.26461598,15884614.906409374
1297,48970.40597343585,1973.770643031412,38895130.73386918,15884614.906409374
1298,48846.401013200186,2096.869668894765,55643133.912456,15884614.906409374
1299,48863.44648061351,2163.786778540562,61197303.237533495,15884614.906409374
1300,49020.56497707447,2136.148862940211,53259660.225807026,15884614.906409374
1301,49119.67182561253,2166.11209239455,56728837.64244451,15884614.906409374
1302,49021.6767480533,2126.3879460980247,55656056.30190732,15884614.906409374
1303,48989.687804857,1923.0121462259733,31722198.718585253,15884614.906409374
1304,48875.23886805665,2221.7113683315088,66921434.45677601,15884614.906409374
1305,49058.52762007945,2173.5579345953347,62329980.84662442,15884614.906409374
1306,49197.31257756527,2190.254945984448,52681124.7110416,15884614.906409374
1307,50072.00427050222,2919.301507875424,95771845.49529037,15884614.906409374
1308,50119.85011563726,3311.4886833177784,132609955.55363937,15884614.906409374
1309,48920.07989311759,2047.6367164767096,47835713.02607507,15884614.906409374
1310,48802.534729812505,2032.738032274306,43713091.749461524,15884614.906409374
1311,50216.88144490618,3142.347785639377,107920836.51131955,15884614.906409374
1312,48911.67829099554,1892.4775412990937,29310092.43836966,15884614.906409374
1313,50074.97040097932,2900.5654324433162,90796724.08966394,15884614.906409374
1314,48975.84568900302,2088.126225456324,45779093.50036612,15884614.906409374
1315,48874.351050024634,2089.8198484105314,52263619.04955238,15884614.906409374
1316,49013.98551018918,2161.8884741126417,52881642.599885166,15884614.906409374
1317,49090.71115735533,2044.7955912091275,44274019.641292684,15884614.906409374
1318,49315.08243921578,2472.806492115736,78497764.014761,15884614.906409374
1319,50080.56733683158,2934.5861343485712,93237360.24372089,15884614.906409374
1320,48956.10810662717,2195.65881328996,58127633.50736854,15884614.906409374
1321,48848.29124843325,1937.582974802665,36183249.10605937,15884614.906409374
1322,50007.53286437677,3129.663724221124,116818516.88491252,15884614.906409374
1323,48976.579521736465,1897.866080012323,29153491.68433888,15884614.906409374
1324,50258.71488697301,3048.496310194588,110714710.35141364,15884614.906409374
1325,48990.843411940485,2082.357972932382,50174998.03092669,15884614.906409374
1326,48846.401013200186,1941.7750139131706,37736081.619334325,15884614.906409374
1327,48924.76212421615,1869.335866936673,31981761.034247417,15884614.906409374
1328,50054.92275888482,3022.3521307186234,102589338.4842467,15884614.906409374
1329,48976.763487783806,2084.944422618806,52462493.3088366,15884614.906409374
1330,48943.18325479866,2048.0996366804297,48990126.2151634,15884614.906409374
1331,51013.69661572475,3952.8738293446645,163882171.49864265,15884614.906409374
1332,48920.28483412963,2045.5040843202773,46228103.4180386,15884614.906409374
1333,49278.23367674841,2168.5933416184344,54819983.14265454,15884614.906409374
1334,48846.401013200186,2187.7105571391435,60441070.955700114,15884614.906409374
1335,49955.080901335474,2978.8950631193543,110578903.36189,15884614.906409374
1336,49928.88291976894,3064.195669814712,113259054.65856841,15884614.906409374
1337,48986.2842620194,2085.6743902149365,55968906.2298733,15884614.906409374
1338,48810.500587680515,2152.402239018699,57447688.11266997,15884614.906409374
1339,48982.71088089705,1968.2252995475587,40974056.8754703,15884614.906409374
1340,50097.84579007804,2999.131547007991,108098460.79033141,15884614.906409374
1341,48846.401013200186,2021.2175180878635,46359021.23294802,15884614.906409374
1342,48958.3011072597,1952.551790543364,35404905.05384468,15884614.906409374
1343,49008.191767650496,2041.618753552813,40387193.86634882,15884614.906409374
1344,48852.45623928986,1992.5242007309469,42163092.945571125,15884614.906409374
1345,49017.804007025865,1959.0315012483866,36121030.29014165,15884614.906409374
1346,49193.05273302553,2156.213761956066,55885993.66491214,15884614.906409374
1347,49068.77619222339,2360.440110239732,73473995.91380759,15884614.906409374
1348,48884.07609923866,2160.1764873112124,61043522.92786876,15884614.906409374
1349,49971.7523061461,3025.0380660788883,111299017.04034595,15884614.906409374
1350,48863.97771763196,2150.4687016203643,58267158.95183507,15884614.906409374
1351,48885.358564931594,2064.1598846316388,47760393.062453404,15884614.906409374
1352,49320.471975910674,2215.9524178459733,56832498.07306936,15884614.906409374
1353,51068.05228751689,4064.42857518506,167405174.08031273,15884614.906409374
1354,49969.35187365735,3228.6254261634335,124747695.29595134,15884614.906409374
1355,48985.669013290164,2047.623618913419,45646009.20130363,15884614.906409374
1356,48868.885233995774,1954.720330006424,38557082.90321631,15884614.906409374
1357,50158.57359060183,3403.2037155614175,133374695.47567907,15884614.906409374
1358,50184.30180813929,2941.32419136342,99562204.52701665,15884614.906409374
1359,48939.060580657366,2075.2942433164117,52291030.83230083,15884614.906409374
1360,50123.933275296105,3212.639035647676,119375863.00167537,15884614.906409374
1361,48763.145262648046,1834.4473749423664,29663882.049688824,15884614.906409374
1362,49059.646893659745,2052.4452359515813,50151672.98908839,15884614.906409374
1363,49078.321439034815,2003.7635009004166,39139617.73020251,15884614.906409374
1364,48872.03875679653,2002.1922130167036,45786663.21792902,15884614.906409374
1365,49943.59282148571,3024.7021682223613,108390935.88525848,15884614.906409374
1366,49954.8626307798,2843.3724905985064,85808550.28846239,15884614.906409374
1367,48846.401013200186,1944.1464279340987,37388717.18427709,15884614.906409374
1368,49182.4589514977,2271.3198898624964,66114805.34130156,15884614.906409374
1369,48877.85319586338,2032.1919938767605,46466060.20258024,15884614.906409374
1370,48841.33126976941,2000.896534663119,45550272.035812095,15884614.906409374
1371,49976.85218836083,3057.7194750566478,109265022.48142591,15884614.906409374
1372,48998.68331777386,2120.81921544668,49954671.565468766,15884614.906409374
1373,50103.81788501504,3175.440171340774,122125862.07805583,15884614.906409374
1374,48995.3538104904,2124.622017504469,52326878.658903204,15884614.906409374
1375,48880.44754231166,2020.6208322160371,44685994.70723554,15884614.906409374
1376,50134.23968389263,3163.4095809986297,122976731.74698034,15884614.906409374
1377,49918.014822542245,3013.52184656346,104817699.65560092,15884614.906409374
1378,48935.41455935104,2188.4414289533556,63415881.03617026,15884614.906409374
1379,49052.387979091705,1954.9575304843133,41899664.86549914,15884614.906409374
1380,49083.61985526438,2070.592786851122,47499634.82286227,15884614.906409374
1381,48923.93615571536,2033.6258980913967,46990301.48891109,15884614.906409374
1382,48835.78046402599,2258.0414275320563,66803549.7380086,15850077.390803883
1383,48800.835481211194,2095.911265174212,52411015.034048796,15850077.39080388
1384,48861.371669580854,2157.41208990462,60899030.4360291,15850077.39080388
1385,50060.68209058089,3226.059891017271,127669200.65144177,15850077.39080388
1386,48988.6478845481,2027.1927897037363,40388535.582351975,15850077.39080388
1387,48740.19552145831,2204.0933300322213,64403103.20567559,15850077.39080388
1388,49218.123077586395,2068.7085983753327,42005523.0495611,15850077.39080388
1389,48973.79152100401,2022.235889933921,43232770.48379315,15850077.39080388
1390,50134.037704167116,3324.256865523838,129879981.97718139,15850077.39080388
1391,48978.16063015177,1957.41486867015,33838382.66740067,15850077.39080388
1392,49779.423383929345,3134.887899674615,114352029.01335613,15850077.39080388
1393,48892.99447246197,1880.912579862778,28342752.593599964,15850077.39080388
1394,48798.008721977436,1963.2899086364214,38899464.15892136,15850077.39080388
1395,48844.74203115699,2121.033604558809,54828170.43741695,15850077.39080388
1396,49878.54793500814,3021.653241020303,109986841.23192725,15850077.39080388
1397,48936.029533975074,2170.7029803048304,59693031.947466835,15850077.39080388
1398,48859.07865404104,1964.9364968462655,36949533.46173092,15850077.39080388
1399,48886.09872108818,2048.1712777585008,47494902.3130805,15850077.39080388
1400,49116.433833361,2132.782048089338,49431206.563743316,15850077.39080388
1401,48909.18148328635,1951.836669090971,37757443.384463154,15850077.39080388
1402,48746.42339904227,2068.8048918539,50181430.68848265,15850077.39080388
1403,49059.73346672537,1951.076637125822,36408135.53070569,15849479.406250665
1404,48842.039193906865,2234.4476117435684,63935398.278596625,15849479.40625066
1405,50006.725266619986,3314.4585040447273,127526561.31325679,15849479.40625066
1406,49087.28364972115,2149.7848062269736,53155454.429508395,15849479.40625066
1407,49111.95438702179,2052.1406357353053,42997118.70416939,15849479.40625066
1408,49813.953992437644,3016.4059268813776,102732210.10149723,15849479.40625066
1409,48917.63029488827,2148.6700117385917,54581691.83319988,15849479.40625066
1410,48863.46006829485,2143.6364895423494,55322424.93266485,15849479.40625066
1411,48955.065230973065,2289.4085182879744,64838650.16752515,15849479.40625066
1412,48941.86846974085,2212.768461584509,58825682.67646483,15849479.40625066
1413,48876.094361862306,2122.447094357274,52544156.858096786,15849479.40625066
1414,48902.44124140307,2126.9682256496644,49242341.15367971,15849479.40625066
1415,49850.20717728004,2951.9223330979416,101771240.07659262,15849479.40625066
1416,48904.740558021804,2021.2021361968982,40825478.32302698,15849479.40625066
1417,48905.40771171716,2114.8095252806693,50884382.17563752,15849479.40625066
1418,48812.031567946586,1916.9166025088373,32887138.852156542,15849479.40625066
1419,48738.35667339945,1944.3221642058256,41291196.76862686,15849479.40625066
1420,48804.73019670633,1982.8749041628732,39906264.217442796,15849479.40625066
1421,48681.20389847964,1994.8985960151863,45476012.328028634,15849479.40625066
1422,48773.99465656742,1994.647435635729,42513218.69946616,15849479.40625066
1423,49322.84507377581,2385.6918727273196,69240389.21449414,15849479.40625066
1424,48850.652309797915,2263.9776237550404,63509542.59309268,15849479.40625066
1425,49959.567773244504,3186.4210104083463,121798995.4668184,15849479.40625066
1426,48697.74863516843,1919.0097320579214,34807896.4642369,15849479.40625066
1427,48847.98855468086,2239.5560059227137,62654011.42481434,15849479.40625066
1428,48795.90338583996,2081.861590430701,55657950.349244654,15849479.40625066
1429,48731.35985161242,2143.61473186059,59448054.21719693,15849479.40625066
1430,49813.953992437644,3080.428571389247,112906791.86945853,15849479.40625066
1431,50074.37221041307,3254.627680621246,123266449.27866812,15849479.40625066
1432,48744.58455098341,2165.0096578692655,58673189.443870604,15849479.40625066
1433,49017.37260996392,2344.681781340816,71741406.62079342,15849479.40625066
1434,48738.35667339945,1996.8344107398868,43647104.23029348,15849479.40625066
1435,50032.330905469564,3128.888051404666,111301898.14110017,15849479.40625066
1436,49981.03734081889,3158.460207157555,114889573.64295618,15849479.40625066
1437,48868.82979511577,2119.02488242192,51318219.151804626,15849479.40625066
1438,49033.33514426129,2116.7935429038725,56215421.07243065,15849479.40625066
1439,48738.35667339945,1982.6645544536993,41113656.29665297,15849479.40625066
1440,49137.30713446077,2239.102192257724,63438967.48879884,15849479.40625066
1441,49054.15612213636,2125.8029081169034,45277557.247602776,15849479.40625066
1442,48808.00664919972,2219.832087341542,61742369.10275094,15849479.40625066
1443,48786.44891228645,2041.5806305343674,45703481.463651635,15849479.40625066
1444,48755.06144967194,2246.316145566826,69382928.90121745,15849479.40625066
1445,48802.63129450431,1905.1510270187077,35815758.8037257,15849479.40625066
1446,48738.35667339945,1910.4220740815829,32715616.451747082,15849479.40625066
1447,48845.10800442823,2091.8338327733777,48439089.09010665,15849479.40625066
1448,50935.06178792675,4278.8411572439645,188407680.8421743,15849479.40625066
1449,48766.03819395928,2056.5353826441883,47165542.988094166,15849479.40625066
1450,48738.35667339945,1814.5719452912224,27429854.743526556,15849479.40625066
1451,48919.5919975286,2265.9117310256624,63202110.97266968,15849479.40625066
1452,48889.5330439823,2145.359642326023,57294006.532168664,15849479.40625066
1453,48802.44956478254,2264.4003339041324,66626450.089332655,15849479.40625066
1454,49030.660068788915,2071.2905541759474,42707596.0598816,15849479.40625066
1455,48738.35667339945,2106.8296741663576,55086930.29983175,15849479.40625066
1456,48805.35379237372,1914.0948156529691,32907145.750309836,15849479.40625066
1457,48792.06498227954,1957.1117859903038,40764681.5451513,15849479.40625066
1458,48750.35095168086,2120.456028024618,55162770.35890099,15849479.40625066
1459,48751.59617579052,2002.724540881236,45395010.933907524,15849479.40625066
1460,48693.835169214835,2067.070231038187,53887322.50710119,15849479.40625066
1461,48808.89078877704,2076.0734150048565,50467455.10225947,15849479.40625066
1462,48698.37580137871,1889.0280369503064,39863147.77428298,15849479.40625066
1463,48755.9753273753,1849.7160548587708,30823988.47263778,15849479.40625066
1464,48829.68926099161,2052.3092625707022,48141614.81617576,15849479.40625066
1465,49954.324279887944,3152.8846582524634,115678175.43159914,15849479.40625066
1466,49859.13562483104,2978.889057428532,102634237.89069438,15849479.40625066
1467,48735.825260213474,2068.590436034826,56274102.553601444,15849479.40625066
1468,50304.02299908108,3120.6371660809905,109949807.29173115,15849479.40625066
1469,48738.35667339945,2116.6846075144176,56049211.39888556,15849479.40625066
1470,48932.27560927735,2062.4674212649297,47434886.23221593,15849479.40625066
1471,48738.35667339945,2225.7498104676115,66873342.70419146,15849479.40625066
1472,50362.916264307336,3296.4973621997583,127102713.46888721,15849479.40625066
1473,48738.35667339945,2165.7006885658084,59322028.769060515,15849479.40625066
1474,48722.705032984275,1955.0533810758832,38402317.24523791,15849479.40625066
1475,48881.35349357377,1963.1577199288927,39496039.46815829,15849479.40625066
1476,48712.95560417919,2020.0850239370043,48229957.285546415,15849479.40625066
1477,48869.0550586046,2161.986725252727,57769946.65045514,15849479.40625066
1478,48827.840018227536,2063.115191894325,51534883.71253304,15849479.40625066
1479,48860.14094337686,2097.0681545115176,48462455.44362658,15849479.40625066
1480,49932.087775323,3066.018186527701,108835967.94259691,15849479.40625066
1481,49178.24184522291,2055.1823822999586,40969474.41690765,15849479.40625066
1482,48774.09564820425,2077.6295272290963,51898948.052523196,15849479.40625066
1483,48682.057478235845,1959.872538961546,43344013.57373116,15849479.40625066
1484,48855.72210491662,2077.553635504868,49622543.71312395,15849479.40625066
1485,48845.83179339445,2159.0589890465058,56485947.662954904,15849479.40625066
1486,48956.3666485482,2050.562528456554,43923744.920192614,15849479.40625066
1487,49919.53047847456,3169.7480347574374,121798058.4895365,15849479.40625066
1488,48875.21920938352,2087.8984336674052,53029006.14186079,15849479.40625066
1489,48738.35667339945,1846.8342054524796,28239738.318641562,15849479.40625066
1490,48870.772700285386,2037.6562348591353,46303286.13753909,15849479.40625066
1491,48921.67238314444,2175.645567906805,62241397.83048829,15849479.40625066
1492,48738.35667339945,1872.7890239525736,31213449.159886677,15849479.40625066
1493,48782.996970790635,1954.463072932982,36796352.50458263,15849479.40625066
1494,48879.56735010454,2235.5437923378195,62452577.856068656,15849479.40625066
1495,48971.80124836009,2157.090540735313,51740746.17035428,15849479.40625066
1496,48869.58091583244,2111.846957527868,50973023.25059765,15849479.40625066
1497,48855.934492245586,2122.3297451290355,53587772.063953094,15849479.40625066
1498,49000.42672290738,2071.5275873801424,49230076.56853383,15849479.40625066
1499,49076.42213254845,2060.1689367905174,45736718.94675251,15849479.40625066
