,per_it_avg_total_length,per_it_avg_max_path_length,per_it_avg_fitness,per_it_best_fitness
0,60577.305366611654,6970.2031628937475,421836117.8776907,316436647.87518084
1,62539.816372869805,5052.52747512813,315984140.51339275,313037019.2528907
2,61914.09107090583,5059.247064565472,313238968.6102906,261113901.2550711
3,61956.5199385585,4304.949533156202,266719691.58548036,241358567.04101592
4,62052.36118944845,4056.689407044242,251712988.8466223,235553275.26473686
5,63104.87473781147,4724.403162562341,306089557.10186327,235553275.26473683
6,61956.51993855849,3924.578521071653,243153227.39121428,232218887.1500747
7,62051.56621304973,3931.7767822530477,244019580.7847508,223622076.6915781
8,63095.97705763588,4658.36853279341,302673702.1380883,219605638.3142475
9,62024.67202972573,3787.550444271008,234890739.7382308,219605638.31424746
10,61991.34786643796,3616.732586160634,224205349.56799635,206452862.1935436
11,64157.211888841084,5330.230408390846,357314259.2704581,206353419.50462046
12,62069.5018122793,3729.6098389913,231519979.23003998,206353419.50462043
13,62081.705070265336,3525.9208820678796,218908717.04735798,206353419.50462043
14,61830.224508208965,3382.969891408935,209192755.50530022,202936022.5052403
15,62074.346744267954,4332.426857161894,275825969.07416296,202936022.5052403
16,61023.65606895705,3381.4888645151163,206347437.3932348,202936022.5052403
17,61007.85851564313,3636.096941594996,221840691.20608482,202936022.5052403
18,60925.07803125909,3568.9632971721135,217447930.1136763,201166668.4847501
19,60730.909766808116,3419.022779384967,207633200.31959447,201166668.48475006
20,61598.51255533018,4339.598498231424,275907041.31378347,200179683.532971
21,60356.5584043193,3749.3927870507796,226331840.81253043,192484816.27644002
22,60310.371274139485,3338.8939591067915,201356678.46988067,191122828.2074398
23,59879.45448016575,3340.253126863511,200014555.78876805,187248361.61089098
24,60086.87840224114,3181.0870713644463,191152644.3023719,187248361.61089098
25,60920.02648451909,4104.919207625154,258642307.95660535,187248361.61089098
26,59903.35457332512,3206.8120845956537,192097968.5175237,187248361.61089098
27,60122.124097773034,3268.6806843035256,196457940.89907935,185788657.49328434
28,62017.99695130269,3220.5236256049925,199733485.52766937,184811501.9896081
29,61755.21553145935,3140.8792591980114,194008993.7476055,182497723.20865506
30,61011.96045147687,3220.3492113526604,196468891.43908232,181900646.33955586
31,60818.821357935514,3150.5551554918457,191619178.38128942,181688211.73328304
32,61746.03259935381,4356.06471311268,277212276.40472555,181688211.73328304
33,60688.331905056235,3221.2444573541675,195493098.19528005,181537625.51975548
34,61913.80026152676,4079.821961940562,262087903.59132853,181537625.51975542
35,60733.10466660241,3168.500789095333,192416010.03358397,178775797.40572688
36,60873.9722265452,3012.3228874088304,183378119.13401908,176521531.21887383
37,61236.958500066095,4022.908264035291,254659584.5979228,176521531.2188738
38,60168.36790860997,3042.9338194558923,183093089.50176492,175845780.465586
39,59883.90777842087,3148.2760130452284,188515584.2767939,175405697.91943905
40,59819.07482630082,3041.8324752109784,181965133.2128288,163077728.65920794
41,59826.44548496641,2938.1663552463533,171931220.57918984,124317308.52039316
42,60865.652547714184,3840.644565595959,202883382.27657068,114701102.12399635
43,59865.61308812987,2910.233848690509,135451544.45895496,114701102.12399635
44,59774.33429058504,2866.454026081069,132579241.58020982,114701102.12399635
45,60917.932064030625,3765.1887306792837,198273905.3050943,114701102.12399635
46,60895.236339678915,3583.8914676952504,184611057.52057666,114701102.12399635
47,59807.5035180133,2982.570664228087,137447721.14014232,88332415.1302052
48,59854.904981501066,2880.7732867306286,112372505.46650168,88332415.1302052
49,60944.08465051014,3659.4915176096715,172404060.88755995,88332415.1302052
50,59870.67458789633,2989.5768445181784,125024232.13958946,88332415.1302052
51,59940.570179049755,2827.7171516285425,110442902.50012407,78285369.29210338
52,60729.22216738557,2668.9830989071243,95962337.6238356,78285369.29210338
53,60666.52411613454,2638.066562889138,93055962.03467032,77795091.27705361
54,61418.4391860751,3856.7496264376728,185978376.81351674,77795091.2770536
55,62452.30407881787,3556.941905832243,172470334.09516612,77795091.2770536
56,60379.96461765567,2984.7552510340674,121443234.3626223,77795091.2770536
57,60303.77172369752,2624.6277004435397,92628347.21053222,77795091.2770536
58,60364.2770542995,2620.884830498574,90224288.32254592,77487608.75028077
59,60227.62561737564,2736.601427337163,102243967.46757975,77232704.36994745
60,59933.51235798651,2759.107151150479,102833541.237084,77232704.36994745
61,61072.67927711443,3631.0722628543103,161558504.24437714,77232704.36994745
62,59867.830957901046,2711.1519445317845,95870956.54922482,77232704.36994745
63,59797.45498721009,2493.407289544226,81056697.7753841,76818541.41962647
64,59541.2866811884,2523.9271181546487,82547643.49779396,76747575.07903801
65,59520.50321854327,2534.6392669264287,83164577.93524571,76747575.07903801
66,60594.24297368653,3564.9118553930202,157248466.57095405,76699619.12334861
67,59536.407826129,2612.1390365440484,88127030.829183,76699619.12334861
68,59418.896242839226,2691.5735122973765,96540853.57462135,76070824.58302526
69,59119.315232571214,2646.0187256667996,97555501.97429813,76070824.58302525
70,58984.77561116405,2747.793433409867,99499957.14833334,76070824.58302525
71,58967.18629908308,2582.183194904169,90654807.67985812,76070824.58302525
72,58971.92193995408,2609.0061029090643,91926626.07337305,76070824.58302525
73,58931.198965482254,2629.467618691665,90753743.10605527,76070824.58302525
74,58942.17250709616,2688.6447447611004,92690895.22929563,76070824.58302525
75,59188.10163398776,2806.7765503240134,108095738.52963164,76070824.58302525
76,59128.40335323737,2610.4539717151674,90221255.67882358,76070824.58302525
77,59095.00640461796,2568.3218816415783,87716347.9449328,76070824.58302525
78,60091.96421540984,3570.04557869937,160494576.3472701,76070824.58302525
79,59034.25959610256,2730.5279422636672,97198681.42313333,76070824.58302525
80,59014.20813484909,2669.0686260805583,93055509.51884139,76070824.58302525
81,59067.941384343954,2553.569131281982,83647434.3307164,75897227.34343776
82,59938.236276627205,3688.535667526193,163624297.23082128,75897227.34343775
83,59181.21747681545,2772.099317841069,102508819.69270375,75897227.34343775
84,59822.17439365443,3569.460600502117,158409865.40109643,75292012.09274267
85,58304.11182042312,2563.7008987338563,83477393.8449792,74526121.53080045
86,58880.14122161616,3612.39081586044,157619533.2384703,73633243.90460074
87,57126.74095301714,2547.818888176198,85148334.6249505,73488592.64571874
88,57068.383745078325,2602.097774629609,86381434.5966866,73483468.8123706
89,57018.54569567881,2494.0358436264914,81288847.30758093,73070543.13337871
90,56715.47784438627,2712.6013863808957,95288018.18448986,73070543.13337871
91,56773.4373464753,2524.207732486484,85760956.88175218,72797863.78957242
92,57553.582118582315,3654.2240039821636,157397114.25745878,72797863.78957242
93,56476.394831961385,2893.9037395922396,115244147.82578567,72797863.78957242
94,57432.75809534216,3498.4033561683345,145965825.43547457,72797863.78957242
95,57573.20553355656,3633.261249658705,162293183.00032556,72797863.78957242
96,57573.67950460307,3525.9482186900473,153722050.82673877,72452974.90802163
97,56244.10421359873,2621.9474634399403,88764924.02978116,72302920.45823295
98,57344.060809339004,3674.219401691754,162721344.8938866,72278104.17447156
99,56277.86118545021,2714.441645606972,95199590.62618668,72278104.17447154
100,56344.07213178708,2639.3444824877765,88725686.26888165,72278104.17447154
101,56161.72167401838,2589.5833907391248,86981092.48987049,72278104.17447154
102,56168.47818393416,2628.592543584922,93155191.8913692,72231646.81449674
103,55888.83278053788,2535.4451185346807,83349044.95064826,72231646.81449674
104,55892.802055283835,2684.195949647519,93954449.1920097,72231646.81449674
105,57039.0679495574,3628.4447382364465,161846960.96705246,72007543.69905801
106,55882.348114440145,2631.9160232340455,87853350.88726097,71569937.83770396
107,55480.711105825365,2551.423863709085,83521069.05296157,71569937.83770396
108,55491.59433416066,2446.7128522771645,75539814.66735414,71467785.50783838
109,55242.40694567862,2538.5069907666907,83951083.40882367,70771123.90324092
110,57126.91072038225,4465.341716522979,230046796.65849838,70771123.90324092
111,55188.71379265962,2700.0951835230326,89883487.63181917,70771123.9032409
112,56045.7822854742,3652.9456399360884,160169008.0292868,70744964.29138798
113,55312.06535292529,2625.7649653047956,88914911.06827208,70744964.29138798
114,56082.82357412054,3559.547134535848,158208745.55621654,70744964.29138798
115,55224.58013238575,2706.3444197682647,90973839.7946649,70744964.29138798
116,55127.45833276168,2559.318359470147,86128631.49772951,70744964.29138798
117,55126.4757735354,2498.980337678033,77435531.66145524,70744964.29138796
118,55194.110813004685,2565.008404407633,80904678.09789845,70744964.29138796
119,55149.95958331381,2620.312004164626,85292862.42889573,70744964.29138796
120,55108.41225863398,2624.6613795743383,90011038.08124007,70744964.29138796
121,55131.40763617654,2747.5222422061174,90415542.63085276,70657111.00833948
122,54937.16814249399,2452.668217775058,73404423.80079503,70185180.36964653
123,54697.49988742825,2521.648908477079,82243450.31976485,70185180.36964653
124,57766.53590328145,4385.285605435019,213782783.00545377,70098041.05795415
125,54532.272265638065,2633.231610446067,86557894.00175118,70098041.05795415
126,55522.539279550816,3693.4818729387553,161725843.55763048,70098041.05795415
127,55615.48827009784,3288.224466149869,128988463.54054925,69629268.06122671
128,55212.38226576763,3519.4273938088713,146834722.28529805,69629268.06122671
129,55283.533715069316,3789.0446448079792,168023337.4074518,69629268.06122671
130,55399.48977558338,3651.5309717139594,162228033.30312276,69629268.06122671
131,55249.35198250258,3493.4109993050124,147637447.61169487,69629268.06122671
132,54155.592718339365,2624.7297763455686,93589768.84216364,69629268.06122671
133,54172.835643799044,2566.0814575948907,84656717.80596724,69629268.06122671
134,54133.701271307305,2511.9741276203495,79110391.3582944,69099202.70552218
135,53821.913303719215,2725.11182428378,92956645.99505568,69099202.70552218
136,53745.1024190866,2672.241569362952,95498213.46862347,69099202.70552218
137,53783.79861385484,2539.676282725043,82411776.69873789,66496697.18898213
138,53659.01269320214,2675.9940543873977,86438507.54303738,66131024.08560523
139,53578.29451309177,2591.03725771003,91829922.41026294,66131024.08560523
140,53664.176197128196,2466.064952248442,77658571.11601403,66131024.08560523
141,53556.03754853341,2605.86288133415,79494053.617489,66131024.08560522
142,53551.98295010213,2684.154735467925,92584192.69024883,66131024.08560522
143,53511.04776558727,2567.2113787376084,80102646.33654833,66131024.08560522
144,53569.47689820444,2648.034982430363,86249576.2333874,66131024.08560522
145,53605.033667073774,2737.369712525342,94234363.694656,66131024.08560522
146,53395.96497687696,2578.3811880550284,80951216.57430358,66074466.38122506
147,54431.16007561002,3355.085102189153,139932102.7748319,66074466.38122506
148,53402.58133087329,2544.2811375337524,80388380.64467613,66074466.38122506
149,53463.31670232329,2579.236049442133,86083696.93903187,66074466.38122506
150,53482.237023820344,2737.49171566585,105412111.11250392,66074466.38122506
151,53653.09774210403,2558.119605982417,81961282.23246461,66074466.38122506
152,53563.4377530126,2611.7219905431202,89314684.74981992,66074466.38122506
153,53347.63318580245,2593.2100354859444,85685390.6549122,66074466.38122506
154,53489.67256235531,2630.849627879973,84601323.77059461,66074466.38122506
155,54354.639718458035,3581.768839336715,154156906.7440571,65986132.080577105
156,53323.63380220269,2598.2092557969054,86553534.69046381,65986132.080577105
157,53298.27323651982,2440.821770676834,78601014.81779404,65986132.0805771
158,53376.04245121911,2560.4269122429578,86958676.31252739,65986132.08057709
159,54419.134930444765,3475.278350595733,144622780.88369694,65986132.08057709
160,53448.47785571825,2660.7054704717566,97856533.83290872,65986132.08057709
161,54465.4212763545,3665.437780113486,155327071.4605607,65986132.08057709
162,53273.689268001835,2531.3167679199732,81945975.73263188,64542027.23121195
163,54392.3890134215,3512.1895575158487,150497532.64050764,64542027.23121195
164,53762.302865153586,2575.9840538228045,80387091.66902527,64542027.23121195
165,53336.11466686957,2507.5411117032604,76137463.81696267,64542027.23121195
166,53376.44390948697,2518.7739220422864,84662941.05611202,64542027.23121195
167,53334.67885545468,2668.6274563889297,90855646.23627186,64542027.23121195
168,53318.99448073504,2578.9291954617174,87218508.84140386,64542027.23121195
169,53335.12080499929,2490.537212419159,82405678.24481386,64542027.23121195
170,54411.87027967787,3449.0533161190892,142413013.62981126,63241536.76774896
171,53705.76987728748,2505.2668336058405,78658526.3348692,63241536.76774896
172,53615.79829292678,2477.2771984120186,76491555.91899256,62725332.4582551
173,54160.15628481573,3504.292412119885,142111308.55690438,62725332.4582551
174,53040.64206634469,2571.7819297247725,81876490.5897558,62725332.4582551
175,53121.95275645216,2617.5871879600368,82769612.44891074,62725332.4582551
176,53360.81031574497,2535.491649935693,83588475.70821588,62725332.45825509
177,53131.17399545674,2452.962762111228,72624238.82064264,62725332.45825509
178,53135.533058006535,2600.5357957103015,89413776.66438816,62629406.21224441
179,53065.617192114274,2444.700544960688,74079429.48301809,62629406.21224441
180,53290.7405535965,2531.7543572022178,79213723.16348335,62629406.21224441
181,52987.36897384587,2646.392985678366,86505653.12551624,62629406.21224441
182,53040.76044581768,2578.637498209251,80141510.41280617,62629406.21224441
183,53009.77336373569,2462.4889518961477,73832994.35062823,62629406.21224441
184,52958.530580129336,2640.33353279296,85387877.61512053,62629406.21224441
185,53001.153667385086,2532.7604447577323,78689666.56835274,62629406.21224441
186,53141.70611007494,2443.490804960077,70005155.78382155,62629406.21224441
187,55172.174834129495,4536.567044964964,206936236.18052664,62629406.21224441
188,53091.264845193786,2591.3367876536345,87403345.44157222,62629406.21224441
189,52924.90868854573,2628.658531370103,89444357.82240812,62252943.56518421
190,52887.71204825236,2546.7412270005343,79059268.71175149,62218727.80347803
191,52758.6704947968,2438.840559095626,71223255.7167404,62218727.803478025
192,52769.47415256952,2635.575962002569,83973637.48597963,62205190.04366444
193,52812.670648032334,2485.2609656409018,75103984.7219204,62205190.043664426
194,52698.44295362847,2459.1492484540495,69880180.45874815,62205190.043664426
195,52933.253884841724,2564.5831718168884,80696176.89817086,62205190.043664426
196,53781.219026652325,3502.479434175516,139390477.17771173,62205190.043664426
197,52642.78904498359,2468.610701616115,73565792.93352397,62205190.043664426
198,53709.543452362515,3331.9967885103456,123751394.47239709,62205190.043664426
199,52664.33075097393,2420.3084150279547,71051120.74478598,62205190.043664426
200,52560.035370032616,2499.7004290548107,82660121.60908793,62205190.043664426
201,52686.66711949819,2462.142594957773,77231109.6536637,62205190.043664426
202,52622.040135465955,2542.5179381571197,80076971.27291052,62205190.043664426
203,53705.47474816702,3521.6088150362957,143946552.101531,62205190.043664426
204,52765.22253525106,2479.0618498748786,80706303.28754292,62205190.043664426
205,52647.45591913009,2700.0456670196772,89278509.34223928,62205190.043664426
206,52758.54429025286,2635.7972106039524,83790162.04396343,62205190.043664426
207,52693.604975032344,2470.614674277398,69773293.9585697,62205190.043664426
208,53634.57559646142,3517.768635206282,145536882.9707561,62205190.043664426
209,52741.12634652562,2815.7397945886305,94399007.99965839,62205190.043664426
210,52832.55000226248,2633.0978906582486,85887828.34364098,62205190.043664426
211,52799.87244433105,2470.983378496893,73848456.4604318,62205190.043664426
212,53756.21828744147,3546.5307052886055,142488866.4467129,62205190.043664426
213,52679.35241631023,2633.812001159341,79183093.91058615,62205190.043664426
214,52656.22191679644,2563.0792635701955,86798182.83951494,62205190.043664426
215,52720.46220993328,2578.5547662042363,84509956.81276533,62205190.043664426
216,53837.11146752129,3573.290572278506,146334074.6818697,62205190.043664426
217,52763.316436693494,2457.5779791992504,73764819.16949286,62205190.043664426
218,52628.7892765753,2515.1052446963454,70997242.35162733,62205190.043664426
219,52590.128707730466,2476.7571475489863,73401390.49035582,62205190.043664426
220,52689.681419447006,2763.6062338680467,91512635.8215354,62205190.043664426
221,52714.93429808753,2534.6872292284015,78459591.55812225,62205190.043664426
222,52605.47157993771,2651.902728787206,83839932.71188979,62205190.043664426
223,53683.24345866397,3532.7762588839214,145675830.94949895,62205190.043664426
224,54022.90438787963,3469.7477498882263,140665232.90655813,62205190.043664426
225,54915.119987573606,3718.528275427992,163281687.5997603,61288915.94458492
226,52723.621145577636,2506.2324919000025,75492155.5770225,61103965.80746486
227,52690.52343084925,2690.0713647491007,88771706.75456914,61103965.80746486
228,52706.32401325208,2515.7839648111294,72475228.9483386,60971219.24231296
229,52476.41381527532,2616.861236482748,84466410.96245883,60971219.24231296
230,52315.865821529296,2470.4650559630027,77279626.2048415,60971219.24231296
231,52670.40304086347,2663.397117039892,88876032.65966222,60971219.24231296
232,52604.525164710685,2647.6480619775757,92258787.14013125,60520435.108782895
233,52229.7053188404,2563.6236150105137,75512235.77407138,60520435.108782895
234,52138.58963885682,2537.498008703541,81332536.9266674,60520435.108782895
235,52078.25315646197,2490.239905336923,76213604.7101787,60520435.108782895
236,52172.07501131796,2508.1029760029573,84224552.87575653,60520435.108782895
237,53459.147743108755,3414.3499971271726,136314163.24642056,60520435.108782895
238,52218.88874289465,2524.056438281753,77450441.17858799,60520435.108782895
239,52352.89045550616,2446.912457312679,69737449.02473763,60520435.108782895
240,53198.02761525244,3465.4284627873553,136038632.63054135,60520435.108782895
241,53346.3290052255,3808.378558559759,160018237.1272046,60520435.108782895
242,52300.4876811809,2584.0450878347506,80248624.3204092,60520435.108782895
243,52216.00157124725,2693.746716139336,84598867.89193621,60520435.108782895
244,53289.3963157172,3477.1024521503655,137452619.24329183,60520435.108782895
245,52133.39364814079,2446.9674965269496,78583257.55544673,60520435.108782895
246,52403.06956076418,2527.9358710889746,74938177.20148742,60520435.108782895
247,52146.212921030936,2529.891033228121,77654868.567462,60520435.108782895
248,52395.272214155215,2601.760951569363,81005050.95101458,60520435.108782895
249,53366.78981922248,3386.247157584699,132642103.32214193,60520435.108782895
250,54314.31458498359,4436.957350403947,197957382.29339203,60520435.108782895
251,53248.576342197004,3752.228301892782,150633734.86310446,60520435.108782895
252,52266.26595181278,2463.019606391568,71528766.9443526,60520435.108782895
253,52214.162758890656,2535.6842578319056,78302520.41624905,60520435.108782895
254,52194.571917149355,2694.981792263839,93549527.21694621,60520435.108782895
255,52476.28375682994,2522.381379336365,76430057.635892,60520435.108782895
256,52074.60182758314,2698.902224678808,88031638.63292739,60520435.108782895
257,52159.56706135134,2492.1296846613473,74140097.64884451,60520435.108782895
258,53419.31855467499,3654.23866325192,153139174.4253635,60520435.108782895
259,53318.53275593485,3600.7572480016906,150598113.51685703,60520435.108782895
260,52154.29709055081,2603.5096364679634,87936494.72081554,60520435.108782895
261,52204.33161471084,2591.163947837632,81301959.21859702,60520435.108782895
262,52230.443490621205,2582.7225984221122,79089404.46147534,60520435.108782895
263,52145.7227161162,2653.363643694714,88389288.73880714,60520435.108782895
264,54151.88412930157,4321.5495482684155,186604486.38021827,58571279.48811364
265,52905.40217072175,3502.0427001162598,144133870.8006596,58525055.811712615
266,51610.62756325097,2506.3345352931988,82771236.17917223,58525055.811712615
267,51737.61009706342,2523.199941900254,78961348.96154319,58525055.811712615
268,51765.7005090151,2574.5562547362397,79756497.72340468,58525055.811712615
269,52823.28931989746,3462.2676704598207,135610707.66573092,58525055.811712615
270,51787.4190162327,2589.075580403634,81532390.1576691,58525055.811712615
271,54851.98147310371,5143.005715703381,252986472.23041677,58525055.811712615
272,51646.40524277478,2544.803712099823,83023955.77892318,58525055.811712615
273,52798.80178888484,3376.488159378504,136039250.01351607,54913874.61826611
274,51921.012242108045,2610.9508250997205,86735142.82751301,54913874.61826611
275,51600.11976641406,2455.518202725809,70062843.24689142,54913874.618266106
276,52722.56821822232,3289.5511065265687,124210057.65920436,54913874.618266106
277,51511.67081338396,2536.417961177209,76346285.47490416,54913874.618266106
278,51626.583993418804,2466.5059831131052,81813797.50186715,54913874.618266106
279,51646.40524277478,2464.0002662369398,69992458.82123283,54913874.618266106
280,51705.70923451943,2429.1691704908467,72509633.54279238,54913874.618266106
281,51641.34097534655,2682.784790176925,85385596.02184802,54913874.618266106
282,51662.75805804281,2384.124330806726,71648931.30990645,53855251.35003426
283,51607.54615814838,2444.4393696915918,78449871.26441148,53674372.542575106
284,51753.46903483622,2331.1199433038773,63320538.65407376,53674372.542575106
285,51667.57031873251,2500.809515194733,77443451.69887266,53674372.542575106
286,51785.01838021347,2465.452083797478,82624755.9651086,53674372.542575106
287,52927.14813905151,3393.783981881056,129303148.00934048,53658138.01548268
288,52761.7802687897,3443.3693606366114,136182162.65916654,53658138.01548268
289,52730.90885952833,3423.58918631189,135950957.63562703,53658138.01548267
290,51790.92695808157,2642.178895336494,88428618.76764731,53658138.01548267
291,51684.39975488165,2407.0566251397677,70153189.40696736,53658138.01548267
292,51717.5379760894,2400.9187664792717,78408966.43454358,53658138.01548267
293,51612.27886208898,2430.4086638112763,71638343.59038556,53658138.01548267
294,51820.07024619224,2590.1168298604744,83296922.02597299,53658138.01548267
295,51611.45681113325,2506.479304132673,80558887.05057773,53658138.01548267
296,52767.578630518125,3200.105307406275,119076195.86951515,53422093.87871587
297,52267.96665929469,2521.9498154764397,78217785.76838377,53422093.87871587
298,52222.696161829546,2511.3943929970346,79957544.85593937,53422093.87871587
299,52221.96207357214,2327.837133532132,68246228.48533957,53422093.87871587
300,52523.746812365345,2370.991520267837,70454003.52921923,53422093.87871587
301,52460.729177479654,2507.226217025899,77616587.09988369,53344524.552551396
302,52125.93978646699,2509.923507674792,80413401.8302668,53344524.552551396
303,52267.85120202395,2416.6270227833093,69708507.36562154,53344524.55255139
304,53167.517209438876,3253.9975443370804,128150726.40201025,47090847.504573345
305,52165.009781373956,2482.258861822969,73145737.6399218,47090847.50457334
306,52123.65653023486,2747.4896175572917,102119155.56612666,46954665.824779645
307,52200.08883827296,2500.8385645459057,78601069.96042843,46881799.261492744
308,51894.539488771596,2461.453905629175,73618389.91091697,46881799.261492744
309,52114.54858044013,2572.0300499755745,80098646.84583673,46881799.261492744
310,51996.12723690381,2398.1733675834935,69995520.3500087,46881799.26149274
311,52030.35582672352,2394.359155000306,69029317.87951143,46881799.26149274
312,52104.43230843573,2546.538207614455,85179092.28399304,46881799.26149274
313,52161.216934657816,2567.7289437295995,84496618.75296682,46881799.26149274
314,53078.5551592332,3302.7634156873146,136747969.18401265,46881799.26149274
315,51894.539488771596,2487.256844183944,79464771.72466153,46881799.26149274
316,52028.53551688269,2351.5985829242804,66029823.56651467,46881799.26149274
317,54063.428301407825,4261.820907733833,190607782.59607148,46881799.26149273
318,52048.900742884594,2474.628345407794,78198508.462877,46881799.26149273
319,51922.42154579753,2361.070256911559,70800975.44804713,46881799.26149273
320,52081.8267803915,2417.613677412879,67963702.5066009,46881799.26149273
321,51933.14895132942,2562.929320710781,90123153.14516051,46881799.26149273
322,51894.53948877158,2449.0501602250174,78255770.86182368,46881799.26149273
323,51952.29219056716,2409.539973438813,71940323.67596439,46881799.26149273
324,51944.88066237236,2464.714930654292,75548244.11147682,46881799.26149273
325,51998.51296789777,2314.153434509985,65761978.41404466,46881799.26149273
326,52014.59288305916,2391.8565116290615,73638349.89744182,46881799.26149273
327,53191.33357117274,3351.1495763604375,136662865.3979106,46881799.26149273
328,52976.05932563097,3606.6490618984835,150935549.20663315,46881799.26149273
329,51960.78787488803,2450.621480600691,79297663.97482714,46881799.26149273
330,51967.801760759496,2581.775197121028,87907369.75846185,46881799.26149273
331,51968.144823610564,2437.6740848792388,75861822.04153506,46881799.26149273
332,52110.25749387338,2540.6283238398787,79879251.7421988,46881799.26149273
333,51873.41601726175,2371.2582286645675,71253640.4332532,46881799.26149273
334,52078.49029884729,2400.2204606543387,71193213.12073293,46881799.26149273
335,51910.21788916433,2540.7016787754515,84068359.15074046,46881799.26149273
336,52974.96985955554,3553.002936153124,149202342.76714984,46881799.26149273
337,52106.15571199152,2490.9625510075302,76268547.05445297,46881799.26149273
338,53335.414016803064,3540.410739180382,142845624.8722153,46881799.26149273
339,51965.64930722084,2568.5805694572914,86468147.83408478,46881799.26149273
340,51965.66155576236,2515.4188778867097,84896091.54736777,46881799.26149273
341,52305.67587345389,2570.841689361013,79021912.88277416,46881799.26149273
342,52002.93965077842,2279.1167542246344,63973802.953033015,46881799.26149273
343,52993.52395847974,3440.733903321455,137922336.85046956,46881799.26149273
344,52180.0177011286,2614.764446117933,86222919.60766166,46881799.26149273
345,51992.199708777305,2340.2390940514206,65629410.8889403,46881799.26149273
346,52148.61831326071,2568.002996299518,84513114.934483,46881799.26149273
347,54141.05302123962,3403.743356675323,156553319.3005781,46881799.26149273
348,52984.53412149167,3297.32348942981,131146781.52701011,46881799.26149273
349,51933.00071038165,2598.705850538574,89221456.42017153,46881799.26149273
350,51976.39912197671,2470.2062080163346,79572467.40466344,46881799.26149273
351,53095.05314769726,3431.8574813732457,133926040.68263578,46881799.26149273
352,52022.645783922075,2557.0985104899296,76200942.6992507,46881799.26149273
353,51994.703379281964,2515.3968827346976,76664089.51130435,46881799.26149273
354,52222.9393314603,2347.8900567793567,65624499.9164726,46881799.26149273
355,51919.71815666776,2360.800009860216,70136296.25096275,46881799.26149273
356,53219.78688471081,3659.8225542676346,155794967.13883516,46881799.26149273
357,52003.62647523057,2434.5383654257466,73573349.46782729,46881799.26149273
358,52041.700737641964,2392.1180739434208,71148124.50501129,46881799.26149273
359,51943.51948468828,2537.475748967557,87510687.62179871,46881799.26149273
360,52001.23424824954,2292.591007952059,67883556.52738594,46881799.26149273
361,52009.40071165366,2398.6923768759434,72873982.57046142,46881799.26149273
362,52061.3636234334,2270.8483977002406,62843207.81461938,46881799.26149273
363,52225.78621988055,2707.8372860352806,96754392.86303449,46881799.26149273
364,52006.614432712566,2447.4301080597575,78774494.06661667,46881799.26149273
365,51879.09690961548,2474.8722362484928,80989628.20946102,46881799.26149273
366,52219.263132477856,2337.0350320530515,63611589.342351496,46881799.26149273
367,52005.72112566014,2558.0510612972257,87881749.85700174,46881799.26149273
368,53087.33326929165,3564.1491281057606,151242928.3839201,46881799.26149273
369,52004.861043773744,2391.505526141784,68491414.12693785,46881799.26149273
370,52104.09376778285,2565.9263061762945,87256291.15580615,46881799.26149273
371,52187.422516595005,2435.5401625282566,79692318.38287345,46881799.26149273
372,52056.55593141665,2478.38478057003,74989749.43356937,46881799.26149273
373,52207.93019538869,2482.149764550964,75777761.55294563,46881799.26149273
374,52027.63841427206,2376.0948372273297,71092671.01896615,46881799.26149273
375,51946.87516144891,2367.1526569403804,67119059.79492527,46881799.26149273
376,53066.3804775056,3466.9971159803426,140865938.20827398,46881799.26149273
377,51934.89233864233,2478.208678811908,76705132.29240169,46881799.26149273
378,51907.6876434521,2329.9286295816755,63728751.001294315,46881799.26149273
379,54256.48548189737,4403.434595941455,199185674.7239693,46881799.26149273
380,51963.75467043286,2509.9522110639764,82854563.60620448,46881799.26149273
381,51844.0729712342,2487.012850608757,87986035.96388711,46881799.26149273
382,51986.830842193,2609.2724874402475,96107811.39993319,46881799.26149273
383,51986.99688996116,2496.609366432701,80435793.6125866,46881799.26149273
384,51875.44222244084,2638.3117475434724,92519552.07812086,46881799.26149273
385,52110.402006189244,2448.849572687688,79385601.19877465,46881799.26149273
386,51983.223055912815,2645.769516575448,90037991.48518819,46881799.26149273
387,53145.81231098461,3420.82163985426,131345705.04322915,46881799.26149273
388,52312.05118703239,2672.93573619864,95661892.0057641,46881799.26149273
389,53139.03418771451,3556.8731709409503,153214568.24970585,46881799.26149273
390,52966.19643228267,3264.829121086053,123475252.19767864,46881799.26149273
391,52008.848879877165,2646.46673849514,90474590.16716611,46881799.26149273
392,53003.709247888255,3466.2350133407126,151258019.65905386,46881799.26149273
393,52043.35202067015,2399.5844381363013,71169457.69660382,46881799.26149273
394,52077.03016822415,2706.6035930140965,93247942.61802515,46881799.26149273
395,53152.517354233285,3233.3444064677083,124910668.0030561,46881799.26149273
396,52017.252931412506,2295.1913051372585,61534739.037961245,46881799.26149273
397,51994.298191880494,2425.417011344033,74758981.57062685,46881799.26149273
398,51996.46967652249,2615.521131928092,88204296.28656134,46881799.26149273
399,53147.87444223741,3469.128437528252,141299298.88926002,46881799.26149273
400,51990.66057145304,2503.096573437007,78867021.43489096,46881799.26149273
401,52998.26132939027,3418.7459443818434,134719802.09994742,46881799.26149273
402,51962.91956441329,2443.7877820654294,78342672.38253935,46881799.26149273
403,51977.3583330285,2440.437214780176,75579324.59834146,46881799.26149273
404,51894.53948877158,2353.6163849548384,62435699.53484114,46881799.26149273
405,52147.66699469334,2353.3379716263307,67413098.70523869,46881799.26149273
406,52024.3984248776,2533.5229315710444,86035144.55351269,46881799.26149273
407,51989.57557640261,2654.1620105100033,96383755.3476213,46881799.26149273
408,51906.07844881684,2555.479835388999,86738960.80193424,46881799.26149273
409,51992.4719933154,2358.0275687113153,67746532.64894636,46881799.26149273
410,52002.194228174776,2307.5380316203396,63904972.312410496,46881799.26149273
411,51929.79728899223,2427.0552854377897,75389779.70963313,46881799.26149273
412,52058.57870249997,2333.2211227340385,67993623.54967749,46881799.26149273
413,52044.27577948945,2490.141611336516,77831232.39068636,46881799.26149273
414,53152.340988145,3522.940598222959,146003855.66620392,46881799.26149273
415,52933.29907692193,3438.84275199181,144286973.6374539,46881799.26149273
416,51841.80994413842,2624.578393185413,91425550.56738022,46881799.26149273
417,53067.66655050422,3590.6090805004665,150602173.1866626,46881799.26149273
418,53142.08211136315,3360.1112689043052,134185477.66928406,46881799.26149273
419,52012.87387247124,2519.770192976679,84148800.0373806,46881799.26149273
420,52004.82922518311,2513.7772906653386,74617097.00043848,46881799.26149273
421,56064.82259979689,6140.957983274922,316601884.74257296,46881799.26149273
422,53159.16582788089,3392.922335488393,137870321.40608627,46881799.26149273
423,51828.57341189069,2486.3701353794513,80290744.1289504,46881799.26149273
424,51894.539488771596,2333.021799888903,62300118.64446558,46881799.26149273
425,51902.60525588264,2567.4684137714003,83936255.66972457,46881799.26149273
426,52040.74954274153,2401.338457325237,70495320.96445344,46878350.55456805
427,53031.852196877066,3295.5722916335844,123891339.59186117,46878350.55456805
428,53057.40806756562,3348.864652581754,134355756.03723374,46878350.55456805
429,52029.917232275584,2437.944546105943,75102759.03219607,46878350.55456805
430,51931.94324486509,2596.5733239131714,89635373.07510987,46878350.55456805
431,51937.638975977345,2547.5349586939515,90441102.08074501,46878350.55456805
432,52023.224785404156,2410.5256510136905,74123481.41906258,46804693.841436595
433,53178.8132195502,3457.3735246929464,137494239.21643525,46804693.841436595
434,51975.26966722186,2656.5440415809444,89355240.09527206,46804693.841436595
435,53083.96256981221,3393.944403097026,140207296.76093417,46804693.841436595
436,51913.10046350434,2676.504461637623,87772501.810317,46804693.841436595
437,51890.7220359326,2374.1817577418833,70981092.03728977,46804693.841436595
438,51999.964607754584,2268.9939417465316,61627291.78997964,46804693.841436595
439,53066.553063786516,3556.1395501289744,149836512.58980834,46804693.841436595
440,51931.02224727984,2480.0585674724325,79342536.05377817,46804693.841436595
441,51931.02224727984,2227.875670755803,55648058.43908869,46804693.841436595
442,51903.8701906131,2346.997818531826,66946554.728852056,46804693.841436595
443,52025.041952371495,2359.540621929141,67906748.87193038,46804693.841436595
444,53227.130316235394,3435.0205196188117,136704390.48699638,46804693.841436595
445,53398.147116820226,3466.616735010701,140878751.39667383,46804693.841436595
446,52090.6355952663,2329.6430339767676,67886324.55231532,46804693.841436595
447,53103.10949117106,3366.998120372834,138673526.2679948,46804693.841436595
448,52024.448067322446,2256.5365355550443,61480800.22391009,46804693.841436595
449,51940.94599984752,2505.39793642648,78376020.7327784,46804693.841436595
450,51890.7220359326,2473.573923284729,79816127.74923587,46804693.841436595
451,51780.43224990832,2608.5667402677045,90406859.48254488,46804693.841436595
452,51954.31986848406,2512.177380159924,84932186.96583354,46804693.84143659
453,53246.85877330772,3480.7738309803185,149060808.96845782,46804693.84143659
454,51855.222796735485,2643.0487674679525,87347352.65275401,46804693.84143659
455,52058.414297542324,2508.298493310554,77524340.0328413,46804693.84143659
456,51891.86368068154,2284.59943197394,64832043.169730864,46804693.84143659
457,51890.72203593259,2317.191789416944,65142989.71533175,46804693.84143659
458,52059.76780744965,2480.4263997597723,77615128.02664608,46804693.84143659
459,51946.51789414584,2325.765838077607,71089974.672753,46804693.84143659
460,52090.38562916953,2359.1721938137994,64241670.48736789,46804693.84143659
461,52028.74624002491,2432.8871298647664,74703548.98111883,46804693.84143659
462,54073.564385733625,4346.580536302196,193026171.42299104,46804693.84143659
463,53022.49017514748,3528.469327284147,143789879.0673954,46804693.84143659
464,53166.72824904189,3579.1506181980017,153109630.09502277,46804693.84143659
465,51927.42072885002,2328.1570895292266,67010704.554714955,46804693.84143659
466,51966.78002111367,2406.8130947253076,74194181.81335166,46804693.84143659
467,53152.32643979386,3530.1277006785813,150495527.899745,46804693.84143659
468,51963.077815178454,2437.5647364751053,73635233.44923809,46406517.78599768
469,53595.70941406917,3475.1998585537503,151093162.5073933,46406517.78599768
470,52769.10841697635,2493.5931053800095,80362134.59370144,46406517.78599768
471,53527.84711035853,3492.694306756045,145317286.15623417,46406517.78599768
472,52617.5543454163,2467.052829369366,73949166.01405154,46406517.78599768
473,53533.94282216627,3553.0337487918014,153766115.03265476,46406517.78599768
474,52517.31818662931,2458.0438665954744,74230097.3481309,46406517.78599768
475,52739.47498074219,2624.0895211735924,91405956.99390273,46406517.78599768
476,52748.10108716249,2447.7127584128566,75934516.0515825,46406517.78599768
477,52499.237007466356,2639.4639376819096,96907545.86443397,45873890.457614
478,52733.96150239695,2443.5325977215575,77359439.02987179,45873890.45761399
479,54881.8914978866,4191.040686848146,183064158.39202157,45873890.45761399
480,52672.12025458311,2468.1076059667053,81216812.94606774,45873890.45761399
481,53837.083931494286,3469.8090436456578,143173379.23372835,45873890.45761399
482,52814.02265133408,2513.8788387671357,80269134.06826326,45873890.45761399
483,52731.34241781685,2548.808622011854,88674107.7808434,45873890.45761399
484,53853.34196774553,3386.6290680946536,133408762.29058838,45873890.45761399
485,52920.029420518455,2628.5080770263908,93076643.11324199,45873890.45761399
486,52768.60935424883,2434.052971128076,79717672.96725115,45873890.45761399
487,52764.96401338682,2409.147600672689,71099133.48125108,45873890.45761399
488,52970.38754779706,2598.648674854231,85484138.31340285,45873890.45761399
489,52889.60923226527,2363.956957358588,68691957.53657822,45873890.45761399
490,52709.89940414908,2387.5416057125644,72638518.81954977,45873890.45761399
491,52834.88044518739,2390.1987383144433,75246558.6641043,45873890.45761399
492,54015.456657518225,3470.9870369929895,145701492.95848784,45873890.45761399
493,52839.1154631476,2352.2755512909653,61995622.880505644,45873890.45761399
494,52903.01686363163,2739.2886196939016,106617206.52593808,45873890.45761399
495,52936.12879541602,2609.5733053412932,85082565.48903224,45873890.45761399
496,52780.95140420281,2408.621040758807,73946030.93008319,45873890.45761399
497,52777.30338791725,2383.319942498473,70710070.27123907,45873890.45761399
498,55003.744886312146,4483.038323995179,217004762.9693573,45873890.45761399
499,53893.971183384165,3429.062133993238,145004990.46392238,45873890.45761399
500,52622.15530255293,2551.614569124294,83221070.84102826,45131117.88903417
501,51958.60731538573,2516.1001985666667,87710006.58717547,45131117.88903417
502,52940.15847515736,3347.4128929669655,134461851.90927023,45131117.88903417
503,52977.78288797883,3550.109650459786,150209730.42842543,45131117.88903417
504,53073.36478194936,3488.1447903664166,142440750.47711077,45131117.88903416
505,51959.06151046064,2362.931238817665,64064496.53679055,45131117.88903416
506,51869.195986197374,2231.8401369656503,59750711.518267885,45131117.88903416
507,53122.02109188893,3397.207872228385,139744503.02408388,45131117.88903416
508,53888.44429970327,4298.643548407378,193257950.78066808,45131117.88903416
509,52076.70544497733,2515.5412626688885,82041555.22799678,45131117.88903416
510,51854.077546999426,2226.9254290522654,60443144.552589975,45131117.88903416
511,51880.865483443864,2329.489989593627,67343490.65103193,45131117.88903416
512,51944.82777229798,2297.287234850175,67869930.58698139,45131117.88903416
513,52162.04988372061,2634.922145633557,90638923.45378014,45131117.88903416
514,51900.90618926562,2437.4273120713874,73950795.3862926,45131117.88903416
515,52208.97119649455,2537.5571636357845,84581985.12186518,44946999.23980491
516,52038.986317122224,2375.868761636532,69281291.32714733,44946999.2398049
517,51873.173919707435,2238.6904955412792,56371000.74790853,44946999.2398049
518,52024.53634736293,2616.7207436211165,88556844.42320436,44946999.2398049
519,51919.69538837999,2170.5219581372157,49715126.544968724,44946999.2398049
520,51902.09215778167,2403.0450017344447,72357599.9958226,44946999.2398049
521,51882.70601546976,2471.315261333104,79506056.87949093,44946999.2398049
522,52913.03334647937,3341.702458845265,132150455.00679484,44946999.2398049
523,53184.69034364148,3516.0048020063746,139617056.66236624,44946999.2398049
524,51927.0627222687,2441.233619779198,73391727.03381212,44946999.2398049
525,51854.077546999426,2173.2676172703545,49588431.21296181,44946999.2398049
526,52050.089429870015,2471.6972264811184,77361046.39384656,44946999.2398049
527,51935.46291503512,2463.903050752594,78782572.7233521,44946999.2398049
528,52021.38673524928,2558.127355037632,85060247.19590868,44946999.2398049
529,51863.67859496966,2553.468862036365,90967956.98192586,44946999.2398049
530,53065.251430507386,3608.8818360829473,148100170.41044265,44946999.2398049
531,51839.00328434094,2393.67996779676,73777747.36253402,44946999.2398049
532,51869.70787473859,2286.913506231272,64986805.4817842,44946999.2398049
533,51889.60128051574,2293.64121664676,69326523.03630455,44946999.2398049
534,52921.03787047389,3383.447871434796,133410037.15828125,44946999.2398049
535,51981.13673199771,2490.046592104541,78213092.97368996,44809163.457404524
536,51670.946783656545,2371.0790143805666,71246150.62209463,44809163.457404524
537,51721.249260884055,2260.062486574233,63244246.93687481,44705024.79543435
538,51635.25497951334,2479.568596314976,84453688.1518116,44705024.79543435
539,52736.5728265016,3318.1071307813413,136702018.8199386,44705024.79543435
540,52578.79433053486,3304.8845801484204,131690110.53547063,44705024.79543435
541,51671.17116136709,2288.44865508083,60615403.44606583,44705024.79543435
542,51663.394447875835,2498.0289213063234,87376919.65485421,44705024.79543435
543,52794.397415938634,3369.8635012654327,137545782.0060565,44705024.79543435
544,51687.54718048676,2463.148850720595,82879770.66314831,44705024.79543435
545,51603.56261659914,2235.617316746366,58116830.077422045,44705024.79543435
546,51663.016127170624,2487.0304109323215,87974299.15314952,44705024.79543435
547,52765.26850649138,3317.7308947773868,131747830.98232183,44705024.79543435
548,51667.31327350931,2402.952316600572,76395614.59191231,44705024.79543435
549,51651.631084662,2744.8241993145575,97232981.5610821,44705024.79543435
550,51706.84750172165,2417.252586169431,68857354.36002266,44705024.79543435
551,51632.91145652042,2389.427283209313,79385217.8317339,44705024.79543435
552,51617.39284214903,2502.8094137229778,79546870.09411693,44705024.79543435
553,51574.918497118495,2250.1311589547736,56619113.70570807,44705024.79543435
554,51621.651665476806,2261.8341029483618,61219762.106532075,44705024.79543435
555,51548.44107946216,2231.3286140518276,63319294.44053839,44705024.79543435
556,52709.54068088626,3391.1553013203093,141445167.21323496,44705024.79543435
557,51699.88867521959,2572.543822237452,92348752.50358078,44705024.79543435
558,51674.27697029398,2431.719061869163,78914727.09093884,44705024.79543435
559,52627.572023252666,3558.53863820007,147470784.38690042,44705024.79543435
560,52851.10559461052,3441.915340584669,140694152.8806397,44705024.79543435
561,51719.80617474856,2270.001577372001,57416791.901012644,44705024.79543435
562,51636.241555705055,2536.7364908978543,89071871.43539098,44705024.79543435
563,51927.12871675886,2760.5907478940107,103140330.96642834,44705024.79543435
564,51707.15865264593,2316.27523776372,62902841.369188845,44705024.79543435
565,51589.5618438549,2356.8954701236285,65973664.9072479,44705024.79543435
566,51673.86788223672,2373.7955003512534,72189939.91203031,44705024.79543435
567,51539.8610400626,2329.2100331828174,67546827.68002906,44705024.79543435
568,51738.75971591727,2488.8101687120507,76458884.20455128,44705024.79543435
569,51727.46982220853,2428.0205553709866,82507769.83792928,44705024.79543435
570,51682.16547184588,2253.8239397196558,67628605.34915258,44705024.79543435
571,52677.46947517081,3420.9617494889526,149366882.549543,44705024.79543435
572,52650.51581615668,3411.308246511767,144176755.56854403,44705024.79543435
573,51730.84375063654,2326.2911550503973,70913581.24097236,44705024.79543435
574,51773.27987485725,2539.3029654111715,89936600.89017262,44705024.79543435
575,51689.779720000566,2526.4945742979808,82745602.77860782,44705024.79543435
576,51777.03278526736,2496.396589035407,75971197.1348844,44705024.79543435
577,51601.82876375176,2591.277898422811,88175258.56686026,44705024.79543435
578,52671.05236219547,3430.1095333966587,143718685.06700605,44705024.79543435
579,53000.216923475986,3407.18378908242,138613444.3477176,44705024.79543435
580,51607.28312985221,2315.767312530795,68328853.54977855,44705024.79543435
581,52881.34115674558,3315.7334798852557,135913329.95002943,44705024.79543435
582,51605.681603603174,2281.223318096116,62680208.54918237,44705024.79543435
583,51652.12679063595,2449.1530933039203,80360915.53238364,44705024.79543435
584,51637.13921211603,2415.3558867854517,77779997.36568281,44705024.79543435
585,51671.96513695797,2429.9564609387608,75692575.26071909,44705024.79543435
586,51681.48891902271,2476.213637463957,79753066.02588427,44705024.79543435
587,51601.82876375176,2414.62938384733,81648476.30697212,44705024.79543435
588,51577.35454574309,2318.124640281226,69929581.11089174,44705024.79543435
589,51684.59912439606,2535.1501665305213,79158286.21996382,44705024.79543435
590,51605.89799229479,2552.629103052587,89462803.20650235,44705024.79543435
591,51610.57554628653,2345.804008823286,72608699.33309905,44705024.79543435
592,51691.477139042996,2302.284106058158,71100373.29104061,44705024.79543435
593,51556.55820632061,2652.959800932287,89843374.87635845,44705024.79543435
594,51814.39963062467,2499.046684402335,87544812.1649271,44705024.79543435
595,51599.947460393494,2302.588017450655,72342953.0597312,44705024.79543435
596,51634.03132096244,2455.5556209170927,79622633.7369983,44705024.79543435
597,52738.170494870385,3267.183578198481,126561438.5032238,44705024.79543435
598,52848.7821948277,3267.161062769831,120934327.25256439,44705024.79543435
599,51596.590591065054,2445.5542065757427,81845955.16017485,44705024.79543435
600,53792.667317775835,4340.636911170901,199977045.20420492,44705024.79543435
601,53688.90443177705,3489.0509281615437,154096800.44467205,44705024.79543435
602,51658.89187449706,2433.0056466151664,72985713.27909788,44705024.79543435
603,51640.541791817406,2231.790751932056,58599152.14064729,44705024.79543435
604,51621.64503707849,2316.4495175137467,68631859.51490846,44705024.79543435
605,51732.220508686536,2457.5815707190586,77665247.96214506,44705024.79543435
606,52836.18483694227,3553.793875911489,149725067.607951,44705024.79543435
607,51744.57657818905,2476.8532200994605,90088995.17679332,44705024.79543435
608,51848.524734859624,2577.4182625097374,91120896.85484286,44705024.79543435
609,51617.68454519954,2553.998332588568,83452701.78652894,44705024.79543435
610,51621.2011896574,2286.214938128168,56896245.82936679,44705024.79543435
611,53036.79560176799,3571.9128182495488,145728815.3306451,44705024.79543435
612,51698.62423058859,2317.951391104038,65328128.003568694,44705024.79543435
613,52627.7835528516,3485.6566616565738,144497892.14225253,44705024.79543435
614,51580.07417795298,2471.3083194212822,85035268.06190068,44705024.79543435
615,51674.46483393307,2446.9212822246423,75717138.3737216,44705024.79543435
616,52701.96054655952,3273.9302283626716,129046835.69847763,44705024.79543435
617,51552.16703686005,2322.4881274126046,67466877.20907371,44705024.79543435
618,51779.6710711932,2293.0649760431143,60067850.81828874,44705024.79543435
619,52516.95308272102,3410.8643778876985,142074378.13601252,44705024.79543435
620,51724.04545898615,2457.124390605833,74951809.12343746,44705024.79543435
621,51711.81631875069,2452.311033975896,74425816.01594123,44705024.79543435
622,52732.92283979398,3365.1219770527123,130889296.52790403,44705024.79543435
623,51574.918497118495,2436.301825455324,76864081.18364154,44705024.79543435
624,51707.364431962764,2553.437057138961,86333161.849587,44705024.79543435
625,51547.52457768023,2543.815197006897,89859233.33705263,43071697.72910791
626,51490.94838638577,2361.6856829459202,67670886.1697329,43071697.72910791
627,51569.35442061015,2408.326075809131,66584239.07591538,43071697.72910791
628,53708.88290741093,4534.714097631247,217172031.75855273,43071697.72910791
629,52588.99700188908,3322.7288387717817,126920548.61930704,43071697.72910791
630,51387.51801628027,2504.8927615611037,78870248.912321,43071697.72910791
631,52411.574111299284,3507.675199006706,141254786.7396817,43071697.72910791
632,51349.1004997625,2335.5057140014283,62768781.471227705,43071697.72910791
633,51438.1791116432,2419.2145345718454,71286691.45531726,42597000.56296355
634,52465.62313093564,3350.3803872445037,130655699.63129592,42597000.56296355
635,52427.493248056235,3404.647015561739,139011972.89651877,42597000.56296355
636,51305.02168615607,2387.8228461713293,68416414.45489971,42597000.56296355
637,51399.95573766281,2409.3859891912953,76938735.57095684,42597000.56296355
638,51393.67753910684,2335.738588785661,71391222.1722454,42597000.56296355
639,51444.23537689936,2541.137524282738,83747866.97317061,42597000.56296355
640,51453.02178193168,2566.591291803522,91351188.12269083,42597000.56296355
641,51403.18213539338,2516.885783058394,90377579.16130975,42597000.56296355
642,51339.44498779251,2326.2190816670873,72782933.24469635,39399479.187482506
643,51294.204312563255,2280.676234200966,68774755.82200809,39278008.30227503
644,51208.45812945296,2341.169166300994,65642233.966844395,39278008.30227503
645,51199.37746400961,2402.825773732284,74601596.26084936,39278008.30227503
646,51188.54105093995,2480.2004166339816,79839920.7462785,39278008.30227503
647,51104.5484644045,2280.6649847617346,63617456.328486525,39278008.30227503
648,51408.13742913007,2569.561856599434,88524700.67045586,39278008.30227503
649,51264.96393056344,2412.6792130177773,72412138.09470308,39278008.30227503
650,51161.873407041305,2536.1846800464436,90680689.61603704,39278008.30227503
651,51228.49117702637,2373.819638418344,73057546.97317573,39278008.302275024
652,51103.58917770842,2372.2601506135,71596065.62396489,39162216.451249115
653,51020.238213059274,2270.9843108438436,66501957.6415846,39162216.451249115
654,51021.19820298231,2411.088694677847,79424943.07886331,39162216.451249115
655,51174.52183073485,2401.5587254320426,70999381.70249346,39162216.451249115
656,51038.999253375936,2252.2757941549216,64016459.65786362,39162216.451249115
657,51103.47696792985,2546.344829403977,84202326.08641008,37741300.90738925
658,51624.97617751332,2369.2357961491466,74951903.5780458,37741300.90738925
659,52555.953071841854,3360.2343515045877,133820346.13892265,37741300.90738925
660,51550.440626514326,2461.2840867344516,77880189.80367972,37741300.90738925
661,51515.18282629368,2459.681997621231,82907110.11383255,37741300.90738925
662,51515.18282629368,2303.5644995490043,64047748.7655795,37741300.90738925
663,51564.32976396287,2183.1843480003618,54910097.000379786,37741300.90738925
664,52591.347801095646,3129.259059191991,119520521.22325286,37741300.90738925
665,51694.498853634075,2388.0726744867784,67129015.31316586,36913810.72678855
666,51704.844504400644,2428.9448131072804,80166804.54012337,36913810.72678855
667,52757.35558460102,3414.15399950787,140175076.10682487,36913810.72678854
668,51689.50505984396,2191.6237748412364,50250222.87256715,36913810.72678854
669,51755.1692409206,2601.5866866904817,86717591.00865166,36568010.27833673
670,51213.11154289359,2385.647538993083,76634822.77974507,36568010.27833673
671,52380.28802524994,3492.1641422922085,143067210.16764766,36568010.27833673
672,51143.418321000245,2498.1708751262695,80619508.541023,36568010.27833673
673,51286.34534180311,2497.541524682766,85313210.52343777,36568010.278336726
674,51038.77285122536,2338.8665998781753,70463679.53357156,36568010.278336726
675,51124.29751579597,2387.445249490181,74103174.56557404,36568010.278336726
676,51046.264210179164,2405.9452392640897,74276156.19899622,36568010.278336726
677,51171.163055959565,2337.1022469142645,64096447.239945866,36568010.278336726
678,51209.73631417984,2467.7500024422297,82415485.96015772,36568010.278336726
679,52191.7010878506,3513.422275334694,153195048.8150401,36568010.278336726
680,51235.11095614183,2516.3981348886377,81843383.87444907,36568010.278336726
681,52255.278098084804,3657.1801449758254,159616189.04509008,36568010.278336726
682,51142.65996192767,2448.6064737565966,78890675.69029768,36568010.278336726
683,53329.06045311721,4304.376766995524,199060089.0122393,36568010.278336726
684,51112.02751478441,2171.4884486714404,53041947.01687052,36568010.278336726
685,52362.68919085776,3342.068734320288,135885786.14835495,36568010.278336726
686,52480.36071207297,3357.8524610480263,134826020.86580223,36568010.278336726
687,50970.75869221928,2250.1952145228097,58811077.52576067,36568010.278336726
688,52063.85633297423,3271.345677322023,127124036.58728454,36568010.278336726
689,51032.59994003312,2286.876050053896,71847214.47454993,36568010.278336726
690,51143.58609907322,2363.589402066556,70375176.6833336,36568010.278336726
691,51100.559704602085,2406.2976271661837,79573775.44581719,36568010.278336726
692,51032.59994003312,2168.7480061007172,53180686.950767405,36568010.278336726
693,51065.611155857754,2143.893868708982,50938152.56275739,36568010.278336726
694,51032.59994003312,2192.1848769794824,54676604.251338206,36568010.278336726
695,52254.09317956942,3340.669487944683,133732189.71046405,36568010.278336726
696,51032.59994003312,2309.7142487235515,64739066.41780444,36568010.278336726
697,51043.475173994644,2400.918757991909,71146126.17946202,36568010.278336726
698,51026.31767666365,2187.562635729709,49355201.04409045,36568010.278336726
699,51302.17174266956,2403.6966875631542,68580777.2371063,36568010.278336726
700,51070.567600265174,2288.819880220378,65040580.02865157,36568010.278336726
701,51148.73573414281,2471.8233593107666,82172944.53123063,36568010.278336726
702,52200.80163423688,3278.4617610298437,124616826.81868152,36568010.278336726
703,51096.29152493071,2168.3236884788375,53129988.62305373,36568010.278336726
704,51260.213976154744,2364.130201641558,71363246.70648077,36568010.278336726
705,51032.59994003312,2118.6258838650365,51807465.588397905,36568010.278336726
706,51242.84452510065,2128.459671869474,50838550.365940504,36568010.278336726
707,51195.64609581868,2472.3551718825174,84532202.88917927,36568010.278336726
708,52177.54644677024,3482.3475594546044,149229372.05311245,36568010.278336726
709,52247.23245476412,3334.3662593620843,132076411.12173972,36568010.278336726
710,52176.15702364027,3492.51973508839,143977638.90449795,36568010.278336726
711,51283.81051186827,2422.881084590689,75201365.57323785,36568010.278336726
712,51053.05420005281,2363.46936254515,75751935.78765097,36568010.278336726
713,51139.10982862799,2388.023816801425,76148564.01970786,36568010.278336726
714,51136.14082364057,2516.3188142531144,83624102.09563613,36568010.278336726
715,51119.19860064493,2489.682998725932,83223440.11419252,36568010.278336726
716,52195.11620448963,3339.4081513719443,138774542.19185513,36568010.278336726
717,52146.16378756134,3268.7689397405293,125773546.37559977,36568010.278336726
718,52282.94565111752,3515.562408000683,146529134.7316212,36568010.278336726
719,51032.59994003312,2476.114046488112,79703360.29800166,36568010.278336726
720,51137.741837453126,2452.3667296852245,80450937.97159728,36568010.278336726
721,51105.80582164332,2191.9499388968334,63039982.41778574,36513223.07380192
722,51021.42182351629,2357.203273556566,71897893.30006227,36513223.07380191
723,51105.66454342943,2374.053378816051,71868505.6693947,36513223.07380191
724,52154.30690281873,3311.87905727021,128387436.10978632,36513223.07380191
725,50991.49655343537,2216.935983263211,60995331.76435445,36513223.07380191
726,50941.38254425769,2409.950228996506,70071743.53251195,36513223.07380191
727,52058.31076777472,3252.4533161357263,118692128.20104584,36513223.07380191
728,51106.846642851524,2321.1262184703005,66209564.83602555,36513223.07380191
729,51106.40005490887,2358.5732053718593,74164265.3386197,36513223.07380191
730,51143.04961935511,2348.490099321323,75470522.2495105,36513223.07380191
731,51018.01357590743,2208.4774089445295,57137590.714469954,36513223.07380191
732,51188.06819100156,2366.9750305779535,69947420.61266486,36513223.07380191
733,51159.92487865854,2320.924027716391,65653028.06594582,36513223.07380191
734,51058.99295165289,2299.4746641461234,61627274.1656066,36513223.07380191
735,51068.24774159585,2362.1785372691184,72978740.8498107,36513223.07380191
736,51036.317371095785,2435.2988576818225,80033968.43309256,36513223.07380191
737,51292.14545330407,2446.1194124829544,80220475.94825926,36513223.07380191
738,50978.941566989,2434.525039432817,75094143.05955468,36513223.07380191
739,50995.63516003266,2421.1817564423945,79164707.18175267,36513223.07380191
740,50994.795805506874,2277.312543209472,64013949.482173964,36513223.07380191
741,50973.93901088771,2222.2442571536076,56714294.872130595,36513223.07380191
742,51114.755644684315,2363.7677428283955,75571851.93292773,36513223.07380191
743,51237.55651206021,2696.863056220052,95785020.9747773,36513223.07380191
744,52311.33746599604,3552.6389135829727,149008140.99215555,36513223.07380191
745,50956.141487151035,2301.656967983101,66367283.64747546,36513223.07380191
746,50956.141487151035,2381.2500400808567,77516008.82620049,36513223.07380191
747,51017.83515415255,2438.544907716881,82980607.87333806,36513223.07380191
748,51148.703503174474,2338.181404962596,67058581.25957588,36513223.07380191
749,52129.95593810194,3362.6399548756644,139386278.24369344,36513223.07380191
750,51052.15705026685,2263.423756205723,60879269.93314884,36513223.07380191
751,51173.67356385786,2589.7963706709297,85775538.10588226,36513223.07380191
752,51028.22873494167,2368.647457143707,70895068.99298698,36513223.07380191
753,51068.338549569315,2447.312239430853,72030457.42538758,36513223.07380191
754,52144.273837385874,3499.3762503793487,143281195.08246768,36513223.07380191
755,51096.30664699819,2420.106073719163,77399623.22027457,36513223.07380191
756,51044.262168344125,2237.3090495850042,60385594.188463196,36513223.07380191
757,52057.67754057313,3351.5090685231107,134899814.72378296,36513223.07380191
758,50947.454202858076,2365.6844347368014,71311830.70468786,36513223.07380191
759,52044.631688369824,3453.4822024555565,146654390.7401833,36513223.07380191
760,51066.43185691154,2272.1612448607266,68726832.22932532,36513223.07380191
761,52095.112481300996,3167.3699117110514,119263767.83536439,36513223.07380191
762,51108.74125574771,2453.314317731764,82940602.32479428,36513223.07380191
763,50956.141487151035,2392.412644334404,76815203.37580167,36513223.07380191
764,52074.108762648524,3212.327106939331,122805841.10327995,36513223.07380191
765,51243.69695662154,2459.349725444219,83180017.35788898,36513223.07380191
766,51994.7377968933,3417.3915460561598,147178235.81098893,36513223.07380191
767,51011.968757528055,2450.97391639779,79162495.74086039,36513223.07380191
768,51005.28842482023,2447.8433473729156,80582578.0089877,36513223.07380191
769,51041.44850224417,2199.2596394683337,55124524.90435819,36513223.07380191
770,52084.031307630576,3351.3524732168225,137290084.24738955,36513223.07380191
771,51049.911803841205,2365.29263899896,64393788.78000395,36513223.07380191
772,51231.01361939414,2413.009000599157,73577211.86738053,36513223.07380191
773,51141.45254437947,2408.9215208287765,70578320.97358191,36513223.07380191
774,51133.23759883059,2380.571673981025,70856379.27080587,36513223.07380191
775,51035.6874659328,2472.2604260789353,79046983.71742603,36513223.07380191
776,50956.141487151035,2264.7231988114813,61241084.85290469,36513223.07380191
777,51006.91691243305,2329.433353753136,70163594.1168554,36513223.07380191
778,52102.66405830203,3299.830068643053,130165581.9238365,36513223.07380191
779,51075.75017189731,2204.17436448651,57485313.417944685,36513223.07380191
780,52229.35726797853,3337.81405852842,135495640.84075972,36513223.07380191
781,50956.141487151035,2335.3408284599464,68661180.25439893,36513223.07380191
782,51347.350555521094,2421.917625047828,73466110.35444197,36513223.07380191
783,54367.217575871735,4484.136188044829,219228023.75485644,36513223.07380191
784,50975.13270489739,2475.929109023284,83895029.4753401,36513223.07380191
785,51042.67654977855,2609.6353735181488,93929571.82775411,36513223.07380191
786,50941.99203900706,2344.631302242222,66698618.11993454,36513223.07380191
787,52142.93638543591,3266.5847928961707,125155667.58448121,36513223.07380191
788,50992.133041596804,2357.3523474417248,76920017.45970847,36513223.07380191
789,51047.63681151514,2388.473528078198,70697725.70206909,36513223.07380191
790,50992.09410088186,2447.1362447785564,79603752.59375887,36513223.07380191
791,51035.86773596419,2338.724263469898,69410851.6535077,36513223.07380191
792,50982.60571415578,2469.9955099194744,86514829.24103028,36513223.07380191
793,51216.14873929908,2391.4637573189098,76150062.15116128,36513223.07380191
794,52085.91066149455,3409.6385419841035,137317130.4499564,36513223.07380191
795,50983.82608224983,2172.2095977279687,55129272.97192086,36359432.13141727
796,51792.796740379665,3305.2766568168054,131123713.8257118,36359432.13141727
797,51937.57666299374,3449.095214281653,147680084.38485202,36359432.13141727
798,51819.8057051442,3248.4441057642516,126529895.29091994,36346621.06777725
799,50763.287138480846,2274.4589452606065,65068406.79213138,36346621.06777725
800,50752.31793519172,2324.2037766835833,68621572.38314545,36346621.06777725
801,50955.0378144755,2311.415884323018,62814346.38165633,36346621.06777725
802,50792.57811396288,2368.2614619726883,75461288.16265376,36346621.06777725
803,51055.26865473717,2511.2306211641503,81227833.27321656,36346621.06777725
804,50767.75611272621,2502.962552898648,81530878.1338068,36346621.06777725
805,50865.331645687984,2457.3994076701165,85765221.68098886,36346621.06777725
806,50753.5109599569,2392.1417392618014,73126480.83602333,36346621.06777725
807,51829.84095721874,3320.366506396736,127116604.89346668,36346621.06777725
808,50787.90497335505,2176.913535867019,55543535.6545132,36346621.06777725
809,50798.089932338335,2431.5639958592155,86352235.3674837,36346621.06777725
810,51988.472996332326,3233.6003651200303,123470859.98353629,36346621.06777725
811,51952.37506460123,3224.0980397959233,125499672.76252036,36346621.067777246
812,50921.35213827854,2334.025802065011,64907138.17167296,36346621.067777246
813,50665.10204775118,2312.5680635424214,67577082.08345422,36346621.067777246
814,52272.03830892763,3569.658035065296,141493596.2056268,36346621.067777246
815,50866.14786751369,2339.0162475266625,67066088.33089447,36346621.067777246
816,50782.50136175663,2274.5411426567125,61575603.11550306,36346621.067777246
817,50788.257552173665,2286.56760366692,71282820.40440956,36346621.067777246
818,51144.12439239512,2525.900972717347,83106443.71477859,36346621.067777246
819,50771.0782456364,2370.4617263437294,72700197.315284,36346621.067777246
820,50750.549808560856,2257.0764995539676,68824546.03329241,36346621.067777246
821,50761.841634736265,2268.038241841975,61556125.446281075,36346621.06777724
822,50920.327162609225,2330.8755930011584,73092306.38019559,36346621.06777724
823,50901.88391944475,2459.5769773822185,70418378.8249367,36346621.06777724
824,51838.89028868671,3450.9896477439484,142326027.56380194,36346621.06777724
825,51965.54905213353,3383.3475700181198,137705132.7953908,36346621.06777724
826,52053.53331802446,3351.908329156138,131894994.27866825,36346621.06777724
827,50723.639541927594,2248.892673035329,62257969.5335291,36346621.06777724
828,51790.2007441219,3502.967482645962,146448817.17983985,36346621.06777724
829,50769.72808113099,2470.259521555544,80242253.90784344,36346621.06777724
830,51844.22721224306,3423.3451528326214,143346500.71729797,36346621.06777724
831,50766.005775900965,2223.213009972168,60614129.46037197,36346621.06777724
832,50804.94444945726,2458.5986063689793,84741668.3468248,36346621.06777724
833,50778.1223809792,2438.3802040322366,82588261.01357439,36346621.06777724
834,51978.97683866428,3242.889897976243,129782095.03310783,36346621.06777724
835,50907.69836196982,2426.585026445105,74728811.00946835,36346621.06777724
836,51035.14700721652,2297.389867399208,65211871.35131593,36346621.06777724
837,50723.639541927594,2351.1982992661156,68146139.56867206,36346621.06777724
838,50762.02025431385,2369.0783383269672,68716495.8331874,36346621.06777724
839,50873.54487516449,2384.1892916766656,72203006.04176304,36346621.06777724
840,50744.76443241933,2261.789999699873,66179386.23041531,36346621.06777724
841,50767.75611272621,2222.436519855467,57600867.65472512,36346621.06777724
842,50723.639541927594,2325.6000370117285,69607340.68989593,36346621.06777724
843,51763.859840156685,3384.3780800356312,136228385.77640375,36346621.06777724
844,50735.06247570725,2443.8908837382414,76824924.09134406,36346621.06777724
845,50784.41420442041,2339.0736454356784,67523885.85075282,36346621.06777724
846,50750.54358580033,2418.845098521839,81937537.47923896,36346621.06777724
847,51935.59126121174,3276.7532170036234,122141163.22233164,36346621.06777724
848,50794.2207324998,2332.362682687795,64127922.2039253,36346621.06777724
849,50896.401269216425,2233.85474870276,59558556.00084196,36346621.06777724
850,51009.87038769136,2641.470265238046,90277717.1987678,36346621.06777724
851,51037.31419481359,2536.6605420002425,82611712.78815426,36346621.06777724
852,50791.37416532771,2390.355348133863,71092580.08005102,36346621.06777724
853,50825.12838629469,2409.581119776877,80025435.781356,36346621.06777724
854,50855.96469623862,2451.7740418114245,77366141.4268675,36346621.06777724
855,50723.639541927594,2205.8843753922392,52873845.29431845,36346621.06777724
856,51895.287659351095,3398.868000219514,138435062.78875035,36346621.06777724
857,50773.01722092093,2484.165145255048,85658054.65918544,36346621.06777724
858,50770.93086599272,2316.736880609728,66000067.50035974,36346621.06777724
859,50916.22171053616,2486.0790610160902,79568549.15503308,36346621.06777724
860,50771.40166405129,2428.532341566397,75808182.42351887,36346621.06777724
861,50836.517519546345,2274.743667020867,64062114.776371256,36346621.06777724
862,51917.268971180085,3287.0780166914715,128248869.7941777,36346621.06777724
863,50783.976024322445,2215.8137117978195,54233801.82876911,36346621.06777724
864,51799.236860965786,3324.085550337023,133134745.28496607,36346621.06777724
865,51779.221896775336,3294.5486774517913,126156423.69251236,36346621.06777724
866,50967.43312071551,2527.7411011647287,84631897.8431057,36346621.06777724
867,52844.12362159139,4564.0270500938195,214140058.66924322,36346621.06777724
868,51799.236860965786,3335.773510002136,137975897.78240734,36346621.06777724
869,50995.554440676395,2304.910192196559,72738722.12617987,36346621.06777724
870,51823.97286635146,3291.0087591544825,128561899.10962227,36346621.06777724
871,50876.85021225809,2422.3228195095617,70357434.42658667,36346621.06777724
872,50870.394362223786,2192.323635094504,51365892.449874625,36346621.06777724
873,51829.08957083915,3137.5664127529867,116096104.50879669,36346621.06777724
874,51121.06234390098,2449.389689130682,75446464.23274745,36346621.06777724
875,50862.91035009084,2418.424140348904,75411146.47476189,36346621.06777724
876,50723.639541927594,2258.3682643250704,65961336.84728269,36346621.06777724
877,50853.514885343226,2501.4114874749507,78616172.84313159,36346621.06777724
878,50782.752365771536,2154.6227090150246,53439005.62312081,36346621.06777724
879,50852.09793958879,2411.8291953728863,70104727.93582101,36346621.06777724
880,50791.333911520036,2404.0455931044457,75038753.05672656,36346621.06777724
881,51848.56713992548,3339.8164796793935,128450573.16302624,36346621.06777724
882,51047.774803984794,2558.4403634661167,86130823.7815316,36346621.06777724
883,51127.476559134775,2482.5775584697494,81350985.47046642,36346621.06777724
884,50784.15510659026,2361.4694623259393,74057503.34074545,36346621.06777724
885,50698.42769539248,2405.7322120863337,75449179.2142336,36346621.06777724
886,50699.7420822067,2350.1103429458212,64121674.218958005,36346621.06777724
887,50779.46654469559,2518.5283625680254,81811170.11252134,36346621.06777724
888,51737.39561315194,3240.629914480399,119647114.54270144,36346621.06777724
889,50807.7398770659,2414.3786289247023,69403090.48346165,36346621.06777724
890,50806.35962765553,2546.142139949635,86111596.02116935,36346621.06777724
891,50762.736699793546,2365.421270101181,68861634.22755787,36346621.06777724
892,50998.62682352749,2343.339455031768,69105480.24945278,36346621.06777724
893,50809.474549215825,2505.336138860437,88985804.80212572,36346621.06777724
894,50723.639541927594,2364.745583134286,67534995.26000442,36346621.06777724
895,50811.62325780008,2374.4206191008598,71859918.82756607,36346621.06777724
896,50796.67992618259,2152.9338182002743,52028834.54753919,36346621.06777724
897,50866.33938232292,2493.994653750784,81798928.12730129,36346621.06777724
898,51995.08881702099,3492.557150114826,148329446.06539422,36346621.06777724
899,50840.37480653405,2320.295895039316,70212959.49908033,36346621.06777724
900,51815.760555142224,3272.43185560652,125088968.6768982,36346621.06777724
901,50684.13769205144,2253.034480723468,63307480.45906881,36346621.06777724
902,50887.25088850929,2244.7138631028747,56590454.67555921,36346621.06777724
903,50863.83391748282,2430.613106892821,81859472.92086467,36346621.06777724
904,50880.938977431644,2488.2759183958774,83331715.32958531,36346621.06777724
905,50913.027539764575,2248.96771344761,59072673.89018188,36346621.06777724
906,51884.48119035796,3229.2333946144827,120656217.0387121,36346621.06777724
907,50800.267514907515,2399.19675500778,71277775.80164981,36346621.06777724
908,50903.48804848669,2519.7784426810795,80672392.23227203,36346621.06777724
909,50890.969319134994,2438.746290637077,74935663.74933995,36346621.06777724
910,50800.01582247931,2535.829141915872,86919420.12208904,36346621.06777724
911,51992.069736843885,3309.3606034353907,131178615.02282803,36346621.06777724
912,50854.47085407467,2389.66477196089,73464767.4939861,36346621.06777724
913,50880.87807723383,2630.5872823551713,96573213.9392965,36346621.06777724
914,51780.137110672054,3175.874917177386,126662948.22135203,36346621.06777724
915,51928.63181333943,3427.045611358637,137483980.64885038,36346621.06777724
916,50872.254198005554,2483.109561200706,80413894.92416696,36346621.06777724
917,50714.644850120734,2261.5031483245534,65255927.36635586,36282168.54471742
918,50671.9230517533,2425.9483625255816,80370652.91952571,36282168.54471742
919,50633.69262385898,2391.984478940265,75644356.56792685,36282168.54471742
920,50571.85137604513,2395.3309191451467,80550404.73071043,36282168.544717416
921,51888.608536065345,3355.380084704503,130124228.18371484,36282168.544717416
922,50759.543831758216,2474.3036908924355,88553381.62701198,36282168.544717416
923,50906.554136528786,2481.2866085330447,72799726.73844838,36282168.544717416
924,50639.701746914,2178.0292268623384,60111426.81627443,36282168.544717416
925,51000.71084355122,2438.463347594251,74621697.5215167,36282168.544717416
926,51731.24517401962,3373.3847203894716,133186030.77836159,36282168.544717416
927,50899.68323044886,2263.4140073956687,59081091.533592954,36282168.544717416
928,51782.814671785614,3260.07455750822,120518568.40256242,36282168.544717416
929,50900.71170701208,2512.4737274430568,86456945.90165219,36282168.544717416
930,50812.58147968011,2571.974935545357,89442931.69983582,36282168.544717416
931,50684.24536973601,2303.2703209744845,71731211.95207772,36282168.544717416
932,50633.69262385898,2255.283848172784,59490135.87797059,36282168.544717416
933,50612.04631561866,2412.511973521303,76950341.97778429,36282168.544717416
934,50633.69262385898,2544.872034846107,92551876.32183933,36282168.544717416
935,50706.8116024212,2403.063844815747,77573905.84850675,36282168.544717416
936,50852.90615583498,2296.806786060676,67025237.48038179,36282168.544717416
937,51690.84259690149,3380.8863177656617,133856342.08504072,36282168.544717416
938,51676.138489783756,3214.531155865218,122694850.62697423,33028886.283211224
939,50645.08013834835,2248.880399096082,66261194.49091846,33028886.283211224
940,50656.65534352994,2224.4818595336656,61568169.57352358,33028886.283211224
941,50644.19077966815,2362.532404585364,70964526.49269216,33028886.283211224
942,50689.73759883301,2254.541399031086,65340605.60290001,33028886.283211224
943,50649.68709475421,2188.953872540055,55865749.21496747,33028886.283211224
944,51675.26286868553,3428.9917437606855,139529690.3896136,33028886.283211224
945,51682.603195646174,3127.8088577422086,111990450.52104905,33028886.283211224
946,51808.6402780452,3267.01143226797,123537940.6264168,33028886.283211224
947,50686.83870045838,2241.098922662331,63876485.09847053,33028886.283211224
948,50617.95967234537,2283.2785980884005,65480056.8616066,33028886.283211224
949,50674.00076965072,2308.352036245625,70663552.27120289,33028886.283211224
950,50711.02085070156,2333.964059167002,69517428.14462969,33028886.283211224
951,52885.93945547137,4473.198524453187,207161186.16545573,33028886.283211224
952,50753.08736987089,2429.8610445096556,78852518.443409,33028886.283211224
953,50795.9533034489,2366.012067445532,77837419.89898597,33028886.283211224
954,53803.92154227143,5294.772979317388,253518828.69930083,33028886.283211224
955,50691.828379145605,2552.7482587713985,86531901.65135488,33028886.283211224
956,51706.676799781315,3175.17886883606,119225229.31014988,33028886.283211224
957,50582.39528541443,2300.735612638252,68084721.51683901,33028886.283211224
958,50694.58566666309,2474.7657470242484,74430602.72735272,33028886.283211224
959,50681.33075522819,2387.5844319272137,73268748.23608525,33028886.283211224
960,50697.28459896262,2287.307443445531,66285629.838100374,33028886.283211224
961,51645.856839041124,3453.253047731384,147522921.7701219,33028886.283211224
962,51703.52973822943,3168.587500957894,116887546.52567227,33028886.283211224
963,50673.40947010853,2257.8182377992666,64949469.146864094,33028886.283211224
964,50666.729884474844,2292.510878470204,63753324.82292569,33028886.283211224
965,50801.977170035374,2225.7294494747393,56458642.61998638,33028886.283211224
966,50684.165860350324,2204.978750593796,59576258.53882629,33028886.283211224
967,51636.039846312444,3377.7510423171307,144305611.96267754,33028886.283211224
968,50620.60830787904,2315.2887394273976,72214622.46655564,33028886.283211224
969,50591.72186257334,2413.126366124684,78871113.76871575,33028886.283211224
970,50598.14157702887,2222.398178439347,62147701.427963674,33028886.283211224
971,51938.3232928706,3248.549072856373,121930062.63734066,33028886.283211224
972,50588.49320705356,2242.888747712074,61664757.69368011,33028886.283211224
973,50708.86049943615,2253.4587203559754,58721619.16703502,33028886.283211224
974,50638.2192845719,2133.4015875829145,49149735.73084518,33028886.283211224
975,50570.7152270758,2246.4036436945767,65271584.19119173,33028886.283211224
976,50635.899280987156,2416.965999538556,76679784.01894706,33028886.283211224
977,51663.67795779188,3292.332835807364,130764085.93850014,33028886.283211224
978,50658.78420632842,2412.0169370649396,73424738.96397898,33028886.283211224
979,50617.17348555333,2255.1871044419668,69834208.75420645,33028886.283211224
980,50674.50449129305,2257.260599005679,64956126.308297135,33028886.283211224
981,50631.06107602631,2294.5987635267434,65211822.61876726,33028886.283211224
982,50622.36884081212,2094.6628586766087,46445270.48156202,33028886.283211224
983,51785.61867451287,3249.993042830757,125169841.11242747,33028886.283211224
984,50900.36042716972,2393.186812377039,72385559.12419824,33028886.283211224
985,50649.20414010041,2109.9953607784555,51026235.24344067,33028886.283211224
986,51633.72236829779,3166.702799779792,116706641.68287706,32863423.706429787
987,50498.366523736026,2302.8098821205836,61938848.92025051,32863423.706429787
988,51646.29485582295,3471.4353772028435,148438657.76553172,32863423.706429787
989,51419.748937483484,3168.4493786638222,121640795.96466485,32863423.706429787
990,51529.083109883606,3202.371852171314,124257047.84456761,32863423.706429787
991,52496.21362545858,4334.092886020747,194838912.38242024,32863423.706429787
992,50509.560808743365,2268.3849577045435,62661739.42932006,32863423.706429787
993,51337.78416496782,3430.6826851974756,147351298.27439153,32863423.706429787
994,50599.542570913545,2360.701608713466,66683432.61704483,32863423.706429787
995,50316.92111261803,2191.7114189857675,57393385.777890444,32863423.706429787
996,50478.783877173424,2285.929534671509,66299286.103142455,32863423.706429787
997,50301.93645456945,2183.6681673581948,57473393.463682726,32863423.706429787
998,51485.4469728466,3239.297963640819,128477217.11034057,32834687.89252172
999,51538.54765886736,3235.593513936253,120035289.62266994,32834687.89252172
1000,50280.43812667056,2275.1726344790036,65015082.12847221,32834687.89252172
1001,50396.86865286993,2394.12970529747,70438472.72398838,32834687.89252172
1002,50272.92394134229,2177.8812783282165,57667283.84875288,32834687.89252172
1003,50412.25475475839,2146.185281513939,49707474.35173954,32834687.89252172
1004,50388.03797843527,2211.074637692652,59164367.58514096,32834687.89252172
1005,50442.0124566837,2445.8481442202037,76733874.62363341,32834687.89252172
1006,50487.98493571965,2376.8939362546303,76620436.02333954,32834687.89252172
1007,50365.916514052224,2186.0047410288644,57985273.87991972,32834687.89252172
1008,50369.26241369375,2231.055024974431,60505772.77934053,32834687.89252172
1009,50584.71642565248,2379.236203224475,71522691.4977312,32834687.89252172
1010,50485.90045400367,2313.7639300388005,69013405.73272273,32834687.89252172
1011,50352.35151609357,2226.787730912918,58833666.89336798,32834687.89252172
1012,50399.94902030198,2304.1195758101176,67354880.7856485,32834687.89252172
1013,50303.50428256322,2096.258205698653,48462146.07684119,32834687.89252172
1014,50319.66065836857,2287.592950506457,67896099.52138752,32834687.89252172
1015,50304.55581804492,2438.53968560084,73306557.93083498,32834687.89252172
1016,51386.5238067501,3279.437978420494,122600453.42890397,32834687.89252172
1017,51481.735143240294,3199.5714489482916,128393032.61445734,32834687.89252172
1018,50340.11991132145,2329.9772315044247,70356084.12963963,32834687.89252172
1019,50310.73795929232,2216.110599667284,62006554.11760914,32834687.89252172
1020,51408.00072455041,3010.8260546257516,110577147.54085076,32761672.82661057
1021,52453.47877969907,4302.133919791896,195764897.29025742,32761672.82661057
1022,51242.29900397046,3354.544607678684,135060154.89027685,32761672.82661057
1023,50346.272774709956,2348.2226432037623,69864116.4760091,32761672.82661057
1024,50513.94442325076,2377.258635591835,78287655.65107891,32761672.82661057
1025,50354.901039479024,2414.3214508016226,75699219.00181435,32761672.82661057
1026,51314.36257719631,3191.8909269562655,123271233.49640855,32761672.82661056
1027,50271.870784310726,2187.0526694848095,54383092.47009754,32761672.82661056
1028,50380.06788327887,2265.5987227629166,61183286.29479704,32761672.82661056
1029,51244.79314932754,3335.359410470907,132646175.93624797,32761672.82661056
1030,50332.431715574596,2349.9006058006903,68808771.41166395,32761672.82661056
1031,51254.79143309366,3018.4719994626053,100305291.88220434,32761672.82661056
1032,51470.58887717621,3304.3493281761425,129776488.71138605,32761672.82661056
1033,50179.99779354679,2399.9701422805756,75617753.07099174,32761672.82661056
1034,50251.72118348975,2373.9152161521247,77684032.7999354,32761672.82661056
1035,51329.36034239399,3379.716865510471,132608381.95190963,32761672.82661056
1036,50273.21437476495,2365.78672384226,77181061.21896657,32761672.82661056
1037,50262.13893823873,2401.7731909212625,73506185.02204387,32761672.82661056
1038,50475.41136021148,2352.8823262443575,74456939.7983919,32761672.82661056
1039,50333.337544733775,2211.21186031573,56511038.70095618,32761672.82661056
1040,51275.603847136525,3257.1170167877876,128395138.2454534,32761672.82661056
1041,50312.87853399019,2388.6929975466182,73071286.2511031,32761672.82661056
1042,51287.61114912189,3124.079392164872,116239492.41370308,32761672.82661056
1043,50281.92828118479,2488.696677893278,86395420.88922426,32761672.82661056
1044,50397.947856596205,2336.85528309233,74568196.73041886,32761672.82661056
1045,51273.93680290289,3426.4639459734813,138343611.6936521,32761672.82661056
1046,50161.131166970896,2285.681924875666,68356232.73032393,32761672.82661056
1047,50240.85741578405,2246.6575924854874,62159059.865769826,32761672.82661056
1048,50281.11500828583,2443.9354406513935,82392861.76541623,32761672.82661056
1049,50295.65137868401,2281.299541390986,66148565.23702862,32761672.82661056
1050,50323.43371332751,2378.005553152142,72405413.00160885,32761672.82661056
1051,50233.71089861895,2400.9178672552644,76614057.98147026,32761672.82661056
1052,50272.333213064194,2339.122909986397,72450038.63536312,32761672.82661056
1053,51443.92852427934,3570.0351638696275,149069579.30667236,32761672.82661056
1054,51360.00183631247,3458.3031128573484,144534466.80179942,32761672.82661056
1055,50391.24616736457,2328.850595066709,74734072.63369647,32761672.82661056
1056,51217.62873571535,3192.341379388036,127133968.92535467,32761672.82661056
1057,52472.233360076425,3236.9724792818733,130772095.10615861,32761672.82661056
1058,50222.36374338898,2126.848185755852,54901126.496859826,32761672.82661056
1059,51306.96909953631,3448.5787283131126,147185539.327878,32761672.82661056
1060,50161.131166970896,2433.941306387079,80428196.14310035,32761672.82661056
1061,50221.12929500765,2288.4917513058836,70649799.28221668,32761672.82661056
1062,51402.03237424548,3382.0522367401486,140552185.6512803,32761672.82661056
1063,50293.83183649833,2359.121438325104,67770982.12282227,32761672.82661056
1064,50311.88937108117,2412.588584572675,77791706.79785407,32761672.82661056
1065,50211.479954847004,2250.450673481476,62437012.684170865,32761672.82661056
1066,50231.7123575431,2379.089622086061,72064881.08406907,32761672.82661056
1067,51573.34884151303,3287.6535556386384,128364348.742105,32761672.82661056
1068,50332.542684688044,2191.075368537707,59234563.99059925,32761672.82661056
1069,50257.129381053295,2341.749432197116,73247572.03839637,32761672.82661056
1070,50136.82521292924,2260.446954551485,68163903.8864753,32761672.82661056
1071,50234.65410293344,2243.90699678518,63125079.15138011,32761672.82661056
1072,50252.1715300565,2459.579602771676,80666644.2624583,32761672.82661056
1073,51216.78721716972,3312.564000125153,134971412.6532158,32761672.82661056
1074,50323.2226895328,2410.562250026551,74333835.52889375,32761672.82661056
1075,50281.86210248456,2280.1139836708307,69719374.7143703,32761672.82661056
1076,51210.90038026238,3351.586043771019,140531905.16180184,32761672.82661056
1077,51359.233646756256,3493.1898031056744,147902856.70558643,32761672.82661056
1078,51264.044482970385,3093.943856452116,111332532.19463713,32761672.82661056
1079,50520.35297620159,2312.6644236324005,62075803.3841842,32761672.82661056
1080,51307.37729215277,3242.2845346994286,123306772.87145591,32761672.82661056
1081,50161.131166970896,2388.212942118605,81414000.35587218,32761672.82661056
1082,50264.942178335354,2287.712012922842,71812424.4216784,32761672.82661056
1083,50208.65891675182,2560.5986609202005,97006726.3976773,32761672.82661056
1084,50228.17584875227,2393.6902315850666,78563401.57670313,32761672.82661056
1085,50333.94105402,2257.9851409742505,71078164.97868836,32761672.82661056
1086,50264.942178335354,2342.087221336855,77932864.0323281,32761672.82661056
1087,50244.97802674831,2318.3104372574603,67986273.82695967,32761672.82661056
1088,50280.01685924343,2460.9610015628623,85654242.67664023,32761672.82661056
1089,50254.61197759956,2306.5350075952297,74486531.92143725,32761672.82661056
1090,50249.65585329638,2348.8013707200075,71583986.27223249,32761672.82661056
1091,50161.131166970896,2115.114992710793,49783914.32889639,32761672.82661056
1092,50286.71090765576,2252.054854084679,61849513.16520822,32761672.82661056
1093,52247.95118796268,4110.657796986799,169052272.48980424,32761672.82661056
1094,50240.558741722176,2450.573107517413,86200609.93329392,32761672.82661056
1095,51443.210010937946,3583.8590713395024,156656610.54812902,32761672.82661056
1096,50194.123214847335,2297.7260295450474,75114551.98376289,32761672.82661056
1097,50401.71085812137,2223.6857276865785,56422455.83988309,32761672.82661056
1098,50262.91936762438,2182.4042233757878,61362237.5492308,32761672.82661056
1099,50161.131166970896,2166.879449181444,55223131.395342454,32761672.82661056
1100,50268.62940690962,2426.589512871024,82395724.13586648,32761672.82661056
1101,50201.063483078906,2150.6069314959636,55337607.39781447,32761672.82661056
1102,52436.44044097069,4233.037597751123,193407119.60090634,32761672.82661056
1103,50254.04226788362,2328.3004807344473,76475104.62272927,32761672.82661056
1104,50161.131166970896,2189.033286791095,56264954.85701933,32761672.82661056
1105,50374.30654486859,2144.3256540256016,52890072.428472355,32761672.82661056
1106,50233.15015590519,2267.8627468774735,59706347.74491495,32761672.82661056
1107,51190.768701644025,3352.14981782651,133786136.25086991,32761672.82661056
1108,50247.93363476585,2250.5334821788683,64314478.5545492,32761672.82661056
1109,50179.41050701982,2547.139730122197,92775497.00666249,32761672.82661056
1110,50473.69444830696,2341.9764500531282,67373572.59103952,32761672.82661056
1111,50250.47314462772,2223.4018262956265,57563598.76895295,32761672.82661056
1112,50218.87195608734,2236.455845307031,62037944.45963792,32761672.82661056
1113,50296.11589094241,2268.7272861254555,64154941.21382626,32761672.82661056
1114,50161.131166970896,2461.819729819247,87696043.54990847,32761672.82661056
1115,51227.43905487949,3441.8990409451717,140672888.0841083,32761672.82661056
1116,51210.41099274135,3497.0057816652284,149014274.1413826,32761672.82661056
1117,50341.27743273968,2387.7886457224195,69683624.31599852,32761672.82661056
1118,50221.12929500766,2418.830001485493,73936256.6706575,32761672.82661056
1119,50359.92218976165,2229.612914615357,62891330.473884866,32761672.82661056
1120,50161.131166970896,2236.494154996076,64415040.628049456,32761672.82661056
1121,50217.694598559814,2415.708060935604,75906995.86200258,32761672.82661056
1122,50236.407310990326,2303.402882586688,70406845.36283317,32761672.82661056
1123,50248.8381550093,2218.567691452584,58536471.15818749,32761672.82661056
1124,50244.05891971906,2132.1523279749554,52049022.57361384,32761672.82661056
1125,50387.552796957614,2359.175764122753,73525326.95500156,32761672.82661056
1126,50242.75589645075,2352.086391257064,75049783.87688562,32761672.82661056
1127,50259.607073938336,2260.224897926305,62747443.35977054,32761672.82661056
1128,50274.62295517971,2316.4056844306347,66294079.53961635,32761672.82661056
1129,51291.71160967428,3315.0960357231693,134117044.167994,32761672.82661056
1130,50248.022450311095,2250.7278233340094,65893576.69677083,32761672.82661056
1131,50267.570686830106,2338.155526202644,69291722.64361376,32761672.82661056
1132,50180.12238471725,2265.049631200487,66041270.586000405,32761672.82661056
1133,50188.94987249961,2218.3335325352755,61028614.80590236,32761672.82661056
1134,50341.333561094914,2389.343686195697,73207362.6201833,32761672.82661056
1135,50203.041024443475,2221.884961205054,58836410.86758226,32761672.82661056
1136,50405.693162997886,2233.1811108770517,54867644.482231334,32761672.82661056
1137,50165.53088409847,2281.8597161494604,70211659.93661031,32761672.82661056
1138,50161.131166970896,2209.795564958273,57554820.5460097,32761672.82661056
1139,50161.131166970896,2198.334745360008,58033531.293454185,32761672.82661056
1140,50208.0374970405,2198.61226602499,57905763.13568169,32761672.82661056
1141,50127.522077741,2363.216084963588,71608838.78489566,32761672.82661056
1142,51386.861027117906,3278.2407433992566,127714223.88495453,32761672.82661056
1143,50271.7633848355,2271.5574837741015,60527397.175235346,32699867.581116963
1144,50198.160134727324,2252.9824028415815,62672470.04870727,32699867.581116963
1145,51417.05661444844,3187.8533968221136,129176990.4591661,32699867.581116963
1146,50071.19570304471,2275.385709922166,64378977.246826336,32688551.252656154
1147,50150.37127738772,2283.748635242058,70823797.3476316,32688551.252656154
1148,50303.99029030888,2310.6915129272193,66760450.67620007,32688551.252656154
1149,52386.067268393854,4193.128965570018,184407178.66967577,32688551.252656154
1150,51138.52007620682,3300.0089026202645,129957588.83752592,32688551.252656154
1151,50220.84263376488,2116.4610307520184,52294373.704068,32688551.252656154
1152,50103.74927017947,2110.4969359007705,46644395.98820842,32688551.252656154
1153,50153.0349608042,2213.864306644732,61588186.4776178,32688551.252656154
1154,50066.50165759209,2327.067620160012,72180222.67933883,32688551.252656154
1155,50100.18915871951,2332.9084995935864,72083416.18931249,32688551.252656154
1156,50199.29685166673,2357.8345529373523,66449717.51519791,32688551.252656154
1157,50249.726017164954,2464.910650791654,89348761.11082563,32688551.252656154
1158,50386.198631353785,2243.2239810900987,62498894.65013702,32688551.252656154
1159,50163.32883697726,2447.29799269432,78679613.84323587,32688551.252656154
1160,50152.13558082599,2441.247223591286,76762548.39328167,32688551.252656154
1161,50174.877238344925,2467.3778790893784,85060443.38719873,32688551.25265615
1162,50125.59592776734,2342.521337172094,73991905.01462777,32688551.25265615
1163,50112.73982613489,2211.075033170585,61049073.2442535,32382298.583947483
1164,51039.19030829595,3083.6653801342995,114054682.70658982,32382298.583947476
1165,49742.81572217653,2293.8881503333128,69401093.85134551,32382298.583947476
1166,50778.229627028064,3231.3077603104603,118066505.77263264,32382298.583947476
1167,49683.72042623094,2395.2209552192917,75289985.75477864,32382298.583947476
1168,49769.921085938346,2352.851657181485,66227284.3196905,32382298.583947476
1169,50873.727118843904,3565.4346398977336,149330942.26408595,32382298.583947476
1170,49597.438356895975,2432.642503721596,81451954.16875681,32382298.583947476
1171,49671.019504180025,2389.270821244273,78554645.96649125,32370112.733338367
1172,50633.21561906563,3198.892733434609,117681869.43339746,32370112.733338367
1173,49568.576220104995,2537.8739118945678,86994352.31483504,32370112.733338367
1174,49676.393290294815,2254.6607287974975,63160979.27325332,32370112.733338363
1175,49860.71183345957,2205.681318571934,59988829.509858176,32370112.733338363
1176,50859.06368087666,3263.723873731687,125997915.74771361,32370112.733338363
1177,50787.95710140243,3215.84560287691,121490062.10275964,32370112.733338363
1178,50859.249439890686,3401.912297951011,135735242.46489382,32370112.733338363
1179,52945.9191688134,5119.58734417322,244755632.51794067,32370112.733338363
1180,49724.49018806775,2464.591136722985,87914369.28910312,32370112.733338363
1181,49640.28044763567,2242.719831281381,61171434.15540407,32370112.733338363
1182,50797.83121084411,3498.4476491666856,154332800.3286633,32370112.733338363
1183,50777.620649578006,3290.791110029836,129033065.53361292,32370112.733338363
1184,49625.31438574232,2242.578791428506,59042594.60619725,32370112.733338363
1185,49775.39456999002,2411.6501887961194,75781688.98053631,32370112.733338363
1186,49602.8989693327,2445.6997595802422,81591264.68856037,32370112.733338363
1187,49643.61613977041,2242.4055243632492,66792828.1839966,32370112.733338363
1188,49982.59737597254,2372.8542163047227,71583368.76515976,32370112.733338363
1189,49665.67536085931,2142.8883943893447,53028639.19928058,32370112.733338363
1190,49762.0666676733,2410.3095452938933,79112810.71432538,32370112.733338363
1191,49630.49190960912,2255.1952884412,59074489.712766685,32329095.669765644
1192,49566.941732041276,2265.4458934829177,66337526.69441666,32329095.669765644
1193,49635.391606397614,2164.400747821962,51215920.837275416,32329095.669765644
1194,50695.23397969071,3180.237667532999,123487833.45046656,32329095.669765644
1195,49555.007553644304,2337.350446937729,75626352.29532045,32329095.66976564
1196,49555.64114642651,2216.121111870572,60228390.2302971,32329095.66976564
1197,50722.97029705306,3152.8860830499375,119080316.98274866,32329095.66976564
1198,50611.2059180448,3357.926659079664,135146937.7351183,32329095.66976564
1199,50824.28960044159,3285.8991587276505,126392407.90364566,32329095.66976564
1200,49623.938225319915,2289.1547723052004,70974811.06913981,32329095.66976564
1201,49668.092705087794,2108.4525543072427,48051955.14355204,32329095.66976564
1202,49566.92025746215,2284.277729205772,68903544.9278641,32329095.66976564
1203,50654.95015659664,3138.7127571480078,111235173.82821146,32329095.66976564
1204,49631.83202931238,2331.8437594830757,68552858.70490596,32329095.66976564
1205,50782.57924881634,3231.812384349066,118743854.64910643,32329095.66976564
1206,49839.389692459816,2283.0555702311794,60065332.34248732,32329095.66976564
1207,49898.69104273509,2434.308143102638,77332368.77733386,32329095.66976564
1208,49517.364076785816,2219.9796076658495,64446494.1953706,32329095.66976564
1209,50632.52872256182,3300.583094755232,128422637.15456724,32329095.66976564
1210,50658.51488954533,3226.1301184421227,123894387.21118872,32329095.66976564
1211,49649.33531364509,2264.9122622500054,63761897.76610978,32329095.66976564
1212,49681.07925355089,2287.341626243501,62378763.947745815,32329095.66976564
1213,49636.46844255009,2268.0098784816805,62803596.052161515,32329095.66976564
1214,49656.52790484991,2403.3697430302695,69157092.73382661,32329095.66976564
1215,49636.09399526342,2298.6124038288353,69549916.68780567,32329095.66976564
1216,49672.078425997766,2376.593691725349,70156402.37531744,32329095.66976564
1217,50779.27116710153,3341.803037408623,131792419.96193175,32329095.66976564
1218,50591.54892632309,3271.142604977922,133418219.90940884,32329095.66976564
1219,50841.64740018516,3302.494913567556,125254474.42149666,32329095.66976564
1220,50642.229906360735,3148.7030962588206,115881612.78005323,32329095.66976564
1221,49739.01665377359,2530.6394407056023,86192872.3775641,32329095.66976564
1222,49667.49597956161,2108.8319165939947,52171401.48723717,32329095.66976564
1223,50610.59100225623,3203.087306472532,124757022.56500308,32329095.66976564
1224,49908.82785922623,2422.342920138418,73621701.022928,32329095.66976564
1225,49612.379461336976,2342.7859071919347,72012016.78399101,32329095.66976564
1226,50758.45547186729,3323.838642686901,127452526.89705928,32329095.66976564
1227,50593.765154662324,3115.71933059364,112699428.91408482,32329095.66976564
1228,49836.714424108,2284.5312912580016,65603484.18736432,32329095.66976564
1229,49869.923862168216,2203.245226860067,55250176.48292706,32329095.66976564
1230,49515.95160728491,2148.0663632398064,52684116.13058996,32329095.66976564
1231,49897.004298371474,2275.676696396606,62045414.43434212,32329095.66976564
1232,50594.727524179616,3198.214772626824,119931514.29302223,32329095.66976564
1233,49549.25486469322,2463.2643745911537,83403552.68981132,32329095.66976564
1234,49542.415834289655,2546.6093948623015,78879387.5616067,32329095.66976564
1235,49609.299305504384,2129.3659679989905,50099697.03634412,32329095.66976564
1236,49568.410410381905,2330.6444257103126,71821693.79832996,32329095.66976564
1237,50615.19902909447,3178.683538713491,120626475.7980791,32329095.66976564
1238,49717.31182727539,2386.298420661827,78920426.40394613,32329095.66976564
1239,49658.26205836011,2327.986902581176,63059291.14351177,32329095.66976564
1240,49568.28727996223,2215.5261082259867,60769833.82114184,32329095.66976564
1241,51892.49170889128,4216.630669575854,178913910.0661507,32329095.66976564
1242,49740.848654143156,2523.2448859681017,84284239.65832536,32329095.66976564
1243,49801.70665085847,2271.1855096710906,63040074.97432518,32329095.66976564
1244,49636.164507912574,2217.8434427426496,59867697.68702469,32329095.66976564
1245,50620.001106843294,3160.9966772516755,121015902.88499303,32329095.66976564
1246,49560.552397708474,2419.5867285167324,83826091.00716063,32329095.66976564
1247,49636.280720961804,2251.1496152149834,59484838.20495933,32329095.66976564
1248,51711.344233007294,4182.718481534865,185590862.5844441,32329095.66976564
1249,50728.27052822207,3312.315150549571,129029781.5168211,32329095.66976564
1250,51745.16953080239,4191.2510542520395,183000536.046381,32329095.66976564
1251,49859.04713547909,2380.4178772373657,65934941.376804985,32329095.66976564
1252,49515.95160728491,2230.047507379384,62791020.78840794,32329095.66976564
1253,49816.54389883199,2536.1679757129527,92931821.32289797,32329095.66976564
1254,49651.27405060014,2417.8859617846592,79102312.1661054,32329095.66976564
1255,49515.95160728491,2324.732231832363,69365986.76903932,32329095.66976564
1256,49629.79218358473,2381.8683980080455,72917597.72442105,32329095.66976564
1257,49515.95160728491,2412.7367902056876,78746977.92838898,32329095.66976564
1258,49506.76098079999,2254.9949820375705,66598113.143001236,32156784.02416337
1259,49417.69386303417,2225.2240996734295,60102133.29513719,32156784.02416337
1260,49395.194632742576,2284.0033711575006,62794216.81822424,32156784.02416337
1261,49315.72689856983,2278.810369860061,61674092.34483795,32156784.02416337
1262,49477.36717761234,2361.9328602856162,67114669.26613528,32084447.217629887
1263,49335.297879325386,2323.397392914581,68372988.48742399,32084447.217629887
1264,50339.19925901787,3133.094307871489,114199763.90079272,32084447.217629887
1265,49217.652790551096,2325.5698903747575,69677302.63755676,32084447.217629887
1266,49141.24267510527,2144.997759377142,49066615.30480441,32084447.217629887
1267,50193.784255239334,3376.3222955987176,142264966.83495876,32084447.217629887
1268,49241.379545467746,2440.500001114856,79420522.42073503,32084447.217629887
1269,50442.87809087068,3265.130025902408,116989213.97014043,32084447.217629887
1270,49200.35549894921,2277.4684917234026,65761001.99198214,32084447.217629887
1271,49200.0345748161,2386.684267324293,80025004.67580046,32084447.217629887
1272,50443.89393591554,3295.8478553224063,135924076.7060921,32084447.217629887
1273,49188.2690914002,2377.0307473309417,73974063.05398852,32084447.217629887
1274,49278.34353224697,2178.096595883699,54460865.3127176,32084447.217629887
1275,50163.62121915815,3308.0007600480626,132203605.07122275,32084447.217629887
1276,49256.212354257375,2301.395211321051,67906089.7065623,32084447.217629887
1277,49198.162424822534,2247.6347067212982,59398535.02301506,32084447.217629887
1278,51227.43806973774,4082.530958076381,171308836.19051054,32084447.217629887
1279,49519.707439247126,2337.397024127664,66748101.47700991,32084447.217629887
1280,49300.174814463455,2377.0066260566664,70813874.39616975,32084447.217629887
1281,49141.24267510527,2047.2358153205466,43714415.826615945,32084447.217629887
1282,49168.2846133648,2176.532141129459,55952970.012990415,32084447.217629887
1283,49359.28510416122,2376.720812093663,72777806.86365083,32084447.217629887
1284,49529.86702517356,2385.4515278366116,82047534.69948404,32084447.217629887
1285,49432.75777433473,2509.229324666634,82830903.41551045,32084447.217629887
1286,49141.24267510527,2232.260951199755,59434465.57395668,32084447.217629887
1287,49183.32829437487,2244.6406106385684,65976143.68324878,32084447.217629887
1288,49219.29440377896,2164.9299477751265,59245664.72950983,32084447.217629887
1289,49134.943897334815,2347.328489155595,76192779.0745161,32084447.217629887
1290,51322.408435763835,4262.824827139955,194474738.08278862,32084447.217629887
1291,50176.44401743387,3238.7801936088385,128431059.01275615,32084447.217629887
1292,49236.70249688008,2067.035286270189,40187124.44137342,32084447.217629887
1293,49340.0728139255,2274.6290931307517,59797429.54517158,32084447.217629887
1294,49417.21573973836,2309.442944534133,68128476.4805337,32084447.217629887
1295,49204.55159338763,2427.796594969531,79252843.4375574,32084447.217629887
1296,50419.143454841935,3327.2971132525063,134648994.61595732,32084447.217629887
1297,49177.89994738986,2396.3044259711123,77967307.25533907,32084447.217629887
1298,49156.31693776375,2224.766632739237,61120670.84474057,32084447.217629887
1299,49175.15591992158,2150.587093536414,52878018.81148339,32084447.217629887
1300,50308.6601346174,3362.1961110648945,130265041.34490526,32084447.217629887
1301,49157.800289149425,2045.4121132970654,44088960.86691414,32084447.217629887
1302,49521.5090023051,2304.977020731522,62130344.308913305,32084447.217629887
1303,49250.50393983493,2281.0167521283593,63104253.894721724,32084447.217629887
1304,50235.83121188982,3074.163384519507,106825951.94210383,32084447.217629887
1305,49316.24103233711,2318.477927325116,65149506.834113196,32084447.217629887
1306,49141.24267510527,2211.770023472091,58613515.9634393,32084447.217629887
1307,50311.00423751356,3420.136795372268,142519016.2928378,32084447.217629887
1308,49177.20654496057,2174.5075180250606,52758434.1888755,32084447.217629887
1309,51436.39195395386,4196.739408710981,182021404.1790976,32084447.217629887
1310,49253.739217795584,2411.8895124763644,85663150.10529588,32084447.217629887
1311,49394.49753651816,2291.5676317413927,69438479.08537027,32084447.217629887
1312,49180.67143974207,2294.0339175557697,69103061.22040418,32084447.217629887
1313,49282.568124992096,2399.8864934279495,72381661.27944617,32084447.217629887
1314,49141.24267510527,2151.1750245099333,56713039.75480703,32084447.217629887
1315,50231.60701121285,3407.4542067912216,142711999.7409494,32084447.217629887
1316,49187.48186884807,2183.652750507664,53393384.22257139,32084447.217629887
1317,49328.97930382413,2034.833333878914,41843607.54769539,32084447.217629887
1318,49554.168013015034,2491.402279967125,83239323.84297559,32084447.217629887
1319,49221.912536844946,2382.7223037651024,76478411.05769989,32084447.217629887
1320,49193.835092380046,2421.288811745956,79826468.16289079,32084447.217629887
1321,49333.676094824674,2351.2167396065106,72778280.49624304,32084447.217629887
1322,49141.24267510527,2081.0694697959852,45144728.888349205,32084447.217629887
1323,49169.92106836939,2051.91964184518,45281960.98761614,32084447.217629887
1324,49276.21179994937,2354.5064245329077,82062073.08337641,32084447.217629887
1325,49285.14698216015,2267.52697839735,63795327.63544991,32084447.217629887
1326,49227.77773773279,2240.059495505189,56403450.70880505,32084447.217629883
1327,49150.05716438295,2239.908310389585,66834828.84981495,32084447.217629883
1328,51405.44372066767,4336.460091686896,201683449.69471613,32084447.217629883
1329,50339.82190877611,3387.1865648318408,137428215.96840686,32084447.217629883
1330,49231.836981555294,2312.299653978829,68439550.37352143,32084447.217629883
1331,49239.38139804811,2302.2004291263693,70615691.04069193,32084447.217629883
1332,50274.50878950457,3245.0809158272777,132244482.03462732,32084447.217629883
1333,49159.71008772435,2135.9061422107143,54246226.72157959,32084447.217629883
1334,49300.66001800234,2490.662154590037,90819691.00489543,32084447.217629883
1335,49264.770426922856,2195.4409848472415,58488405.54467897,32084447.217629883
1336,49167.63430446654,2264.3848708339874,67808358.79716149,32084447.217629883
1337,49335.01409203115,2417.455639046449,77069975.6373809,32084447.217629883
1338,49365.21604673226,2259.119158025763,60074654.56985017,32084447.217629883
1339,50230.20999954401,3246.2716563495455,128959682.34373268,32084447.217629883
1340,49141.24267510527,2306.8149888727644,67245982.7109535,32084447.217629883
1341,49156.31693776375,2331.611091707807,74937935.56194058,32084447.217629883
1342,51288.442077581494,4416.393749799038,192427733.33555448,32084447.217629883
1343,50357.3958320924,3467.9722799220717,145074887.35775548,32084447.217629883
1344,49188.79764310052,2293.135407020728,72980654.11314662,32084447.217629883
1345,49167.70690211002,2463.587778278995,85472974.44128999,32084447.217629883
1346,50265.87954479522,3300.325982897495,122450662.12581751,32084447.217629883
1347,49435.87503484264,2315.846344679905,64575486.931187786,32084447.217629883
1348,49238.636858420025,2284.4575062017025,66563902.59801509,32084447.217629883
1349,49333.147232328716,2587.8949028888082,93248706.41365689,32084447.217629883
1350,49141.24267510527,2249.1469275999652,66046190.50598495,32084447.217629883
1351,49112.72874615094,2417.8982082623947,81808841.33543679,32084447.217629883
1352,49253.74153623769,2374.8628286036364,77704790.2990854,32084447.217629883
1353,49213.05796266608,2160.761096322485,55736155.79300549,32084447.217629883
1354,49232.10155314831,2258.646613929044,65114078.152003504,32084447.217629883
1355,49141.24267510527,2253.5158069420604,67173532.84988119,32084447.217629883
1356,49141.24267510527,2358.9278446116855,78923534.26432838,32084447.217629883
1357,49178.78107519048,2415.9557499802686,79983813.6620166,32084447.217629883
1358,49162.201692466406,2338.9119079240577,67932523.74927959,32084447.217629883
1359,49472.308988853816,2343.5500175235325,62218643.35079676,32084447.217629883
1360,49300.50209618467,2407.43567987456,76590837.28174931,32084447.217629883
1361,49190.6203540986,2107.2583277028875,50229856.85635076,32084447.217629883
1362,50291.10649197381,3282.0403813751955,131857684.2297055,32084447.217629883
1363,49268.53350805037,2198.800149016313,55590834.36054176,32084447.217629883
1364,51423.7161979442,4193.202442856365,175194131.40907365,32041759.768404532
1365,49289.86359461823,2409.741836798352,73537266.54610874,32041759.768404532
1366,49280.721836309334,2453.712448863228,77721113.20423749,32041759.768404532
1367,50451.77645594557,3304.702185448693,133050547.97809625,32041759.768404532
1368,50210.07689721386,3285.3928513774677,127452174.44247635,32041759.768404532
1369,49187.695689766915,2253.874600390664,61280757.333101414,32041759.768404532
1370,49277.432402899285,2242.9527617515037,61542996.73384696,32041759.768404525
1371,49282.92517685885,2072.4014583624667,47525501.19962667,32041759.768404525
1372,49122.182869118806,2249.683510997461,65178146.634550095,32041759.768404525
1373,49160.67905925996,2537.2505779186513,87639968.70650974,32041759.768404525
1374,49155.88440277682,2428.8903430111254,81802821.85586755,32041759.768404525
1375,49258.76805127118,2184.2270986426456,53323350.87350692,32041759.768404525
1376,50286.682917367594,3286.9728594303742,125632586.19480455,32041759.768404525
1377,49177.69960059933,2392.1192904119775,76651036.82506713,32041759.768404525
1378,49177.9239562672,2300.209291205246,66964378.09508737,32041759.768404525
1379,49263.57847976273,2572.4405396313205,90875855.23881043,32041759.768404525
1380,51288.41024317441,4173.944389320026,179788272.12708884,32041759.768404525
1381,49059.287489197195,2131.9676900536497,50329891.80001266,31933546.685876332
1382,48978.96737854401,2294.4508354891746,65591368.43608038,31933546.685876332
1383,50024.415631724274,3138.131971314889,115086571.53744832,31933546.685876332
1384,50303.416918968745,3372.599949553364,133672770.7039812,31933546.685876332
1385,48910.12011281193,2161.629004157869,56408193.025678374,31933546.685876332
1386,49979.981357710334,3304.455676238513,129421180.22138326,31933546.685876332
1387,48997.30945626809,2509.933592047034,93217598.9386238,31933546.685876332
1388,48973.131275578686,2128.3037233075097,49847729.17278238,31933546.68587633
1389,48925.98356433659,2338.344112117263,78674387.09058312,31933546.68587633
1390,49068.865048869,2274.7478152771796,66698616.22911768,31933546.68587633
1391,50012.664412027676,3450.9282860445296,143591493.68482795,31933546.68587633
1392,49008.97661878025,2328.2118576153644,76395874.53603566,31933546.68587633
1393,48896.59113198923,2285.7974063305173,69913775.12189354,30971022.677878007
1394,48886.462066213404,2243.827150200261,62052538.14416301,30971022.677878007
1395,48928.49273726081,2174.1687735811947,56362032.53933535,30791556.496361896
1396,48696.61154181617,2356.123142868053,73091312.70947129,30791556.496361893
1397,49778.56062023827,3356.5749115512103,126829079.29902156,30791556.496361893
1398,48494.91989428063,2219.502169974677,62443965.15327938,30791556.496361893
1399,48663.88554974091,2131.6841960215697,53158971.53748708,30791556.496361893
1400,48540.21193162942,2241.6781014279927,62770598.64204695,30791556.496361893
1401,48492.197320847175,2176.912688568304,59773997.8663641,30791556.496361893
1402,48556.40997400568,2387.5403344276556,79291187.1821815,30791556.496361893
1403,49629.52858340632,3151.610473086415,116978227.37934382,30791556.496361893
1404,48828.1986762551,2358.90020029298,69603776.75362845,30791556.496361893
1405,48771.059696265685,2186.6550043270445,52648791.584497645,30791556.496361893
1406,48571.78429276118,2189.1589546517343,61440820.41275456,30791556.496361893
1407,48542.380124687246,2122.0264942092435,50452281.31689655,30777886.21823592
1408,48470.70255234234,2163.3487543720157,56496142.637330376,30777886.218235914
1409,48482.84071380374,2012.7374367024338,43569358.280921325,30777886.218235914
1410,49585.955490654436,3240.15070877366,126416020.18890409,30777886.21823591
1411,48665.76109668474,2158.5860721021813,50379894.231589936,30777886.21823591
1412,48489.10761562124,2347.9173680376166,76969218.8836439,30777886.21823591
1413,48586.99741766229,2359.517279846653,71065705.40595053,30777886.21823591
1414,48470.702552342336,2020.9146781776374,42055846.894535825,30777886.21823591
1415,48455.206304960455,2206.4362669092097,57655398.05686847,30679703.591437645
1416,48333.76681182611,2333.365496448499,72840349.05437422,30679703.591437645
1417,48633.69530336432,2585.4005369766946,95648844.86458349,30679703.591437645
1418,48369.892476940804,2098.1712819827535,50187722.5573923,30679703.591437645
1419,48393.100741111906,2108.4614719837236,49651577.29154355,30679703.591437645
1420,48611.328449523615,2286.210665689451,60572532.16478255,30679703.591437645
1421,48466.31159771069,2141.1942574763075,55142777.54634519,30679703.591437645
1422,48459.924507335934,2295.1251371538956,66930827.02499107,30679703.591437645
1423,49462.78264876588,3172.108770945152,120511436.51955393,30679703.591437645
1424,48391.4090145573,2061.4523979924934,46336202.57011962,30679703.591437645
1425,48446.366004392745,2254.714566147856,65275684.19681573,30679703.591437645
1426,49487.62470780869,3239.4121808728673,123846836.8027981,30679703.591437645
1427,48467.660166105234,2249.836151377032,64341938.14177978,30679703.591437645
1428,48362.67745784162,2236.2313542089064,62669980.34913971,30679703.591437645
1429,48589.98674584351,2116.471201826167,45841667.70370234,30679703.591437645
1430,48540.23943583488,2199.9954333245523,54143619.9946927,30679703.591437645
1431,48552.01551907821,2387.1947360601584,74579165.29030022,30679703.591437645
1432,48952.116234249355,2394.7630144766235,69293633.82688202,30679703.59143764
1433,48379.73694223044,2202.958504733393,61775048.09814386,30679703.59143764
1434,48343.85907562285,2174.4992870452825,58573633.415411755,30679703.59143764
1435,48430.38910175017,2305.1813239321054,70245217.2622683,30679703.59143764
1436,49446.434135834636,3391.435099580197,131232089.83679721,30679703.59143764
1437,48723.272651854975,2456.0174491775615,72301581.4640173,30679703.59143764
1438,48316.04535733285,2222.0831716957,56949608.62207834,30679703.59143764
1439,50517.65637908445,4147.211037043928,174797989.2393198,30679703.59143764
1440,48316.04535733284,2145.340246336497,52053165.59725237,30679703.59143764
1441,49427.163730181855,3360.136445156236,135572190.2745074,30679703.59143764
1442,48328.74715190638,2229.8448787629973,65266951.58958147,30679703.59143764
1443,48363.35931121338,2334.8677495569623,64252882.02923067,30679703.59143764
1444,48378.50837624073,2144.535819624777,51915791.521646455,30679703.591437638
1445,48345.67217825309,2306.2624732434842,73261331.63811663,30679703.591437638
1446,49557.34274847134,3174.8930365239626,112305860.96341069,30679703.591437638
1447,48324.93619661243,2305.850089226287,64276719.168467,30679703.591437638
1448,49669.17926880809,3209.0759316758404,114540805.51320986,30679703.591437638
1449,49424.1537109881,3423.41947149598,137411409.08749056,30679703.591437638
1450,49503.64379271056,3087.2228394317267,109743453.06114122,30679703.591437638
1451,48316.04535733284,2352.980755068047,72870845.95629859,30679703.591437638
1452,48287.53142837852,2374.535734656238,74175014.53501856,30679703.591437638
1453,49532.864028531316,3232.240701109613,121211889.91417022,30679703.591437638
1454,48376.38183972769,2326.0960867757776,72903076.93618792,30679703.591437638
1455,49407.0538795871,3243.721163089239,127050060.71677509,30679703.591437638
1456,48582.12919189558,2394.0486025189234,69569542.39591065,30679703.591437638
1457,48327.35194943401,2386.7139999549236,73388577.89087519,30679703.591437638
1458,48387.379048225586,2370.178289069809,74700543.3971382,30679703.591437638
1459,49325.068019347986,3190.3502944240454,120418757.21670344,30679703.591437638
1460,48438.947774681954,2291.8355394394093,67223322.68168896,30679703.591437638
1461,48380.465152539495,2315.0949868288385,67842989.31502876,30679703.591437638
1462,48532.56533678479,2220.3361007156077,65421205.825451314,30679703.591437638
1463,49396.75602468599,3346.0636738520843,134888402.51268393,30679703.591437638
1464,49607.74985296368,3180.8803706484114,120136002.65505297,30679703.591437638
1465,48631.48853972413,2243.0960930925426,59137240.09494422,30679703.591437638
1466,48480.08788587243,2540.6450327618863,88098362.62702289,30679703.591437638
1467,48415.05528329162,2061.028157043086,44168376.64521993,30679703.591437638
1468,49499.99625282322,3273.924119246097,125456584.8491339,30679703.591437638
1469,48468.96983715617,2103.6985506254878,46612012.47900847,30679703.591437638
1470,48487.86518678168,2406.0467361783735,77461144.61803709,30679703.591437638
1471,48403.727039548496,2395.9408933447194,73582270.5663396,30679703.591437638
1472,49366.231381096964,3053.0914259406104,107929389.55860505,30679703.591437638
1473,48628.78440069256,2339.1377653926256,65750197.52229772,30679703.591437638
1474,48590.30842523195,2500.5189172677774,88374032.6476678,30679703.591437638
1475,48466.01503487502,2085.2508709678996,45251724.303951055,30679703.591437638
1476,49324.27445324175,3139.6678852461614,117103217.9997282,30679703.591437638
1477,48585.27858910441,2231.734653488814,55916258.1234085,30679703.591437638
1478,48370.31782596886,2362.5199384587427,75545306.07521537,30679703.591437638
1479,48316.04535733284,2154.120051104195,53243254.86867045,30679703.591437638
1480,49434.576204907506,3091.1413039333092,106233250.5838103,30679703.591437638
1481,48353.7532841419,2421.011920564622,77844456.35259442,30679703.591437638
1482,48301.895909188876,2255.7436506803797,66979824.9052488,30679703.591437638
1483,48431.57805033047,2163.2190977524842,51571546.18588892,30679703.591437638
1484,49516.08144885975,3256.922805977227,129130583.11342056,30679703.591437638
1485,49974.384268603135,3326.2772046990053,135004484.59019434,30679703.591437638
1486,48381.2796103123,2357.4312851485497,71097602.78830412,30679703.591437638
1487,49593.58544161315,3395.382138162214,140348283.60557038,30679703.591437638
1488,49358.42445992849,3223.163147148088,126579039.49069996,30679703.591437638
1489,48665.709458844496,2347.0147416669824,67394263.51717475,30679703.591437638
1490,49647.510123051594,3472.795380000819,133491953.0016268,30679703.591437638
1491,48414.05894270761,2188.8077231552716,53375033.5442364,30679703.591437638
1492,48401.80960773052,2116.616877654945,47936694.37872244,30672484.702044792
1493,48466.203821027724,2292.6835125701896,70535982.31603415,30672484.702044792
1494,48482.959898317386,2423.070205730418,85312056.1581003,30672484.702044792
1495,48441.66620684015,2238.1995569906258,63158955.55547311,30672484.702044785
1496,48388.24113979141,2208.8635026613465,57841740.468242034,30672484.702044785
1497,50467.74043190802,4020.960530175703,165213587.39964953,30672484.702044785
1498,48596.49003364965,2315.471378545906,68431282.17022255,30672484.702044785
1499,48408.321256642485,2279.3811306709276,69302306.12547918,30672484.702044785
