,per_it_avg_total_length,per_it_avg_max_path_length,per_it_avg_fitness,per_it_best_fitness
0,59970.75258604373,7048.242180762574,422822745.29024583,357757934.232464
1,60780.600843721026,8203.7708648101,516767135.24322736,357059244.21871674
2,57139.06223042119,6986.326113577457,405163386.22664595,351301086.6852653
3,57563.59737405986,7577.02030677821,446129321.48532456,343025535.4757427
4,58157.86153565091,7934.901924402446,473966974.7135866,343025535.4757427
5,55968.80470409438,6899.551099928178,392317714.45666754,342347336.72627926
6,56987.818487522614,7348.572026640785,430019875.5212062,263667123.54643542
7,59814.58362460071,7757.1666585859,486564059.9106878,259607527.96375278
8,55243.42613525776,5533.540758158802,312145452.71528286,234788153.28023732
9,59929.964604456014,7497.978808645462,470858342.5603827,233379289.55498523
10,58178.995694917314,6701.5144520425765,409269360.88893926,223697991.93878204
11,60792.16089571903,7578.22462633272,491097334.3974724,220567991.69710806
12,55475.12915475323,5037.096796989569,287187228.7476951,217230509.66520694
13,59800.4793779044,7361.291238152136,469037839.42105067,217230509.66520694
14,59659.295449729485,8091.104309636148,510116785.27770996,217230509.66520694
15,54261.85346058723,4964.780795185286,277490507.43821454,217019594.7395446
16,54185.77732437219,4914.161540180587,275110406.61697173,200703322.9705131
17,53278.48387536126,3877.7242144764846,206655169.48063287,200703322.9705131
18,55536.544332277335,5732.822253875261,334151657.4262854,200703322.9705131
19,61784.845487578365,9441.961479255882,603718573.8721683,200703322.9705131
20,57296.20147867565,7383.603662864969,441022766.7007507,200703322.9705131
21,54714.52679394228,5620.996025794681,322366019.5566748,197447619.6765767
22,58281.786530884136,7118.507237426709,446279508.2215268,197447619.6765767
23,55900.41942036868,6330.055744615145,374201368.7013395,189515534.37289536
24,55718.85815476488,6491.01503927558,385905839.17004323,189515534.37289536
25,54785.51283572294,6449.969730800604,370538420.5276033,189515534.37289536
26,53943.877022615554,6194.643980551956,350742755.2433299,188119414.04483995
27,54820.26973589727,6212.688647416123,361324896.77009046,187729984.54443827
28,54972.03118689475,5792.731264650318,340591781.1312376,187729984.54443827
29,56333.7141990344,6363.019943331661,384809022.6675869,187729984.54443827
30,52162.27510416032,4537.541984394248,244181358.36997777,185224283.93208092
31,54713.88423237284,6372.417895547232,368958785.5096621,185224283.93208092
32,54256.4531854974,6279.9061496432105,358697588.08905566,185224283.93208092
33,56140.62575343825,7157.23649989669,425944037.11706054,185224283.93208092
34,50763.483503572184,3689.5908499187526,187309574.42824537,169912822.77431384
35,58507.86336803391,8001.06099345317,502760307.697772,168698905.35141936
36,53017.26977941722,4473.791266681028,244434258.12168583,168698905.35141936
37,52922.33732438077,5117.239099641252,285291141.8264762,167412578.9774251
38,50943.71232281384,3769.08067461191,192291288.89902905,166621845.58198056
39,56949.49098600927,8622.095517969068,511845109.8925473,166621845.58198056
40,50972.81376471256,4452.036222432718,235149720.543516,164958636.83115363
41,53590.574403602106,6157.130551577915,351104223.911415,164958636.83115363
42,49757.827553799805,3490.9238314571894,173905917.90451047,163241095.23538166
43,55058.42613876349,7812.20030452346,451809530.50664014,163241095.23538166
44,52455.363885900784,5144.368124842952,290873605.84040135,163241095.23538166
45,51439.029726025154,5238.17880945497,285302707.73955023,163241095.23538166
46,50253.10139233318,4465.223446030277,232727597.50625467,159781714.02742743
47,52532.55368920782,6070.801118894682,347014793.27476406,159781714.02742743
48,52415.200857940035,5901.247708802263,333061542.5072089,159781714.02742743
49,53705.15457674285,7026.075050938093,402623437.2862452,159781714.02742743
50,48718.14731159244,3640.9872776184275,177523392.23870468,159781714.02742743
51,54880.301447513106,6812.919924014057,406991687.6745945,159781714.02742743
52,52831.99899273333,7144.261496870832,417035346.162922,159781714.02742743
53,51705.34808987698,5867.152520207646,323031114.95585227,159781714.02742743
54,50670.41931159912,5409.144911388867,287359449.8828205,159573604.45278502
55,56785.534622753694,6891.122302217782,436019260.92940617,159573604.45278502
56,51925.90235261437,5397.5386455347525,301017679.234251,159573604.45278502
57,52061.61326235991,5778.555373383788,324641742.24980426,157451482.19568002
58,50726.528531352305,6067.029574722369,346368629.4899758,157451482.19568002
59,50875.02784483395,5416.713094617368,297141555.1061493,157451482.19568002
60,54405.35943622034,7888.776776387615,475736311.7202708,157451482.19568002
61,52045.707417080994,6104.8705866966,341574072.92173386,157451482.19568002
62,51818.86682845532,6976.325275900197,402517764.9151567,155570875.73341647
63,56722.752894578385,9424.658169392364,558546556.4006946,155570875.73341647
64,48235.1896049172,4440.591900560897,221166736.45517898,155570875.73341647
65,51159.52928974021,6882.261004307232,376030267.825235,155570875.73341647
66,55952.517900054736,8413.840936850658,500606389.25844324,155570875.73341647
67,51114.16977169328,6164.519697750688,361863609.75502646,155117958.60517585
68,50149.670584832646,5898.333756568099,313437349.3593942,155117958.60517585
69,51991.419342813475,7786.406836293956,447117894.60234785,155117958.60517585
70,52347.822868895826,7448.179747999471,409366787.31650674,155117958.60517585
71,50780.04654536089,6944.951136472031,393815385.19291216,155117958.60517585
72,53946.57882509477,7810.7111639450795,477025253.363733,155117958.60517585
73,51271.083074770286,6772.067444584614,367661717.3864213,155117958.60517585
74,52444.34613982545,6662.303535122334,373882818.9442158,155117958.60517585
75,49613.24532754831,5106.427283227754,266475961.34526157,155117958.60517585
76,51040.18592996364,6831.065007224827,369206307.4171982,155117958.60517585
77,51667.57845076989,6663.262520113191,368725489.05948794,155117958.60517585
78,47717.66291846504,4271.317507971272,212585254.04519647,155117958.60517585
79,51253.754668128466,5283.034305100688,299812620.2526706,153821957.51142853
80,49857.81684097188,6044.260720654193,316248199.9928379,153821957.51142853
81,52288.409949055414,6846.14405044133,382906883.0811507,153821957.51142853
82,48723.22868175436,5102.333760811184,262284472.77286586,153821957.51142853
83,52071.187732703125,7687.650754859524,422954648.444831,153821957.51142853
84,54122.68009987471,6187.620317674136,379636420.0628797,153642032.4734271
85,52252.031244047874,7540.048924119066,416464915.2035223,153642032.4734271
86,50829.95343957624,6805.739954546472,368773102.37857664,146782097.4474319
87,49223.531487815744,5339.8720167207,275346500.6152342,146782097.4474319
88,49350.57601763185,4944.424995773178,257510392.36586156,146782097.44743186
89,52195.14837044945,5910.057350436155,343422801.2260904,146078789.510219
90,51620.28597539969,6828.552817759866,373672157.42056954,146078789.510219
91,52800.35527221094,6760.815315498653,420292718.64884645,146078789.510219
92,51987.044626382696,7760.974295471494,444868788.8770648,146078789.510219
93,52299.44211166513,6839.673595742989,408070437.8500964,146078789.510219
94,48453.397464986076,4122.189754700042,216484485.2599575,146078789.510219
95,50931.83475247786,6953.150590086324,399390521.0631485,145756220.78548288
96,55094.90383459168,6870.960738001859,477143657.80690706,145756220.78548288
97,55483.77433021528,8393.903488190426,495210902.55741054,145756220.78548288
98,48296.17075242675,4553.795866259418,227662594.5510567,145756220.78548288
99,48724.26926798838,5097.268776234966,263415721.46561867,144808613.84722078
100,54774.31202109377,10286.285581592147,599992741.4905038,144808613.84722078
101,52639.11360736457,7450.475628106729,419644690.7652718,144675180.83270553
102,50837.9736850171,6866.10360695978,368308161.3590798,144675180.83270553
103,53703.20968481201,7495.873385636747,437091415.5703455,144675180.83270553
104,50127.70387241661,5306.357167563956,286854214.9923422,144675180.83270553
105,51731.08552403162,7915.236299463689,474945205.48174495,136974280.56410706
106,53178.518373889674,7806.514502784312,477345466.3754244,136528536.99299338
107,52949.08639191466,7603.273751137618,435870679.4152523,136528536.99299338
108,52783.68170468946,8238.300545452856,476839476.5284645,136528536.99299338
109,51180.285230422516,7446.674427516671,403573028.1697776,136528536.99299338
110,54136.35817460714,8355.11355288946,481665723.2414144,136528536.99299338
111,54116.21865715812,9218.605260672919,569049283.8482158,136528536.99299338
112,48966.7961290173,4892.816957223534,262689343.90523735,136528536.99299338
113,50257.22846867889,6647.979956537628,355919065.7920716,136528536.99299338
114,50665.97154467985,5984.008291263365,326903574.7080006,136528536.99299338
115,47905.272877940864,5004.41131388428,251926954.2189261,135203703.0679045
116,49709.35929769576,5891.860686583977,340606931.1815609,135203703.0679045
117,46978.58461734871,4236.763277767812,208176751.24690166,135203703.0679045
118,47078.45224136068,4039.7062815125855,198057893.2692324,135203703.0679045
119,48682.5540745487,5645.472982364127,292795473.18210524,135203703.06790447
120,50307.06045800906,6988.0104618588575,390121699.3903503,135203703.06790447
121,49516.37851262878,5720.021188179746,306740663.66125643,135203703.06790447
122,50171.88707375356,6554.727523336396,350631547.5848186,135203703.06790447
123,49193.01555220697,5917.188294410922,329424597.12198126,135203703.06790447
124,49581.681087942285,5590.719147503153,301842674.1195773,135203703.06790447
125,51217.69427948714,5885.815753510277,335676769.082507,135203703.06790447
126,52271.40942503987,8184.926885389129,447825775.1148071,135203703.06790447
127,51791.80444096423,8781.83397282538,496005132.0515641,135203703.06790447
128,49831.87865912903,6896.007338177058,381850379.36626524,135203703.06790447
129,49389.20126046657,5796.168855302522,305279811.1834717,135203703.06790447
130,53200.74422092662,8325.210890641949,469380351.7206249,135203703.06790447
131,52452.763777533706,6801.555883659542,388597892.2421683,135203703.06790447
132,46297.94907763107,3793.6200994256315,183567331.49964213,135203703.06790447
133,48648.737775750786,5771.4644205370405,298263993.5706029,131583474.10366775
134,49976.11566349279,5902.607112387533,323181618.53827304,131583474.10366775
135,51092.930822935974,6909.2311632496585,401351963.5840968,131583474.10366775
136,47690.68574087885,5031.573557009437,254520105.69780535,131583474.10366775
137,50089.27810911025,6727.713318760635,381163792.1164844,131583474.10366775
138,49082.32342238551,5855.359807303215,310621113.84930843,131583474.10366775
139,47599.18236699425,4766.939019940381,240768619.53813404,131583474.10366775
140,50555.71223363279,6638.924791199204,397029655.5382096,131514229.86724941
141,49557.084825344085,5574.595666701761,304952336.2677098,129037467.80701831
142,51508.28111294443,8789.37310638728,491401945.3263572,129037467.80701831
143,48034.39549836667,4834.990206206748,254752174.8715047,127347587.70175214
144,46497.89330791934,4825.169846556657,241248591.34251866,127347587.70175214
145,46752.78792751705,5119.070740586995,254437077.24801904,127347587.70175214
146,55154.40168939593,9193.537778301317,537592520.2050729,127347587.70175214
147,51352.74683570378,8710.266597214191,505003978.66028243,127347587.70175214
148,49105.8657566567,6135.351428210218,327178279.80942935,127347587.70175214
149,51340.49092694094,8360.107263470341,506088115.37471044,127171417.66964193
150,49531.45079231916,6697.666335652388,362136913.8792022,127171417.66964193
151,52839.99121093075,9278.935610030714,550209029.5055261,127171417.66964193
152,48349.916610101645,6654.515221271887,361584788.86146295,127171417.66964193
153,48606.24100970091,5798.023199686723,305116287.1043647,127171417.66964193
154,50446.09522585054,8601.107116008518,472595106.98239356,127171417.66964193
155,49156.22796035207,7702.777294508551,443008681.3475717,127171417.66964193
156,50284.27517918897,8468.739543032747,468212392.0715151,127171417.66964193
157,46852.18599636845,5200.743736196593,258757887.16124725,127171417.66964193
158,49373.52317987245,6926.703377810268,398874509.8513733,127171417.66964193
159,51948.29671558757,9198.36082596843,518707111.6957253,127171417.66964193
160,48082.330445938205,6469.32089945931,335199774.74576056,127171417.66964193
161,50293.27422164462,7862.3164486772785,414452353.91546476,127171417.66964193
162,49836.199169827414,6732.106518722247,362292412.85934854,126896206.34885396
163,48333.02738272246,4962.587665922863,268285647.0570725,126896206.34885396
164,47882.20846984784,4107.686697616153,222921544.33146325,126896206.34885396
165,50375.16181682332,8452.07749755821,467122770.2318326,126896206.34885396
166,55484.95271841955,9211.965656928505,534718377.6020905,126896206.34885396
167,51936.57273656181,7661.936823086716,453307514.7560541,126896206.34885396
168,47359.51198274286,5184.291791724026,258946387.03409654,126896206.34885396
169,45546.885320235415,4357.147057841561,206955394.68985704,126896206.34885396
170,50670.59180463241,6899.032114676532,382118446.76715875,126896206.34885396
171,48960.0803022436,5823.450349958186,312500888.6346901,126896206.34885396
172,50590.398919341125,8236.721215503158,459788290.44889814,126896206.34885396
173,50646.508362114495,7585.450887990017,415344159.27712214,126896206.34885396
174,49288.54823608804,7787.0161854245325,425737329.7361108,126896206.34885396
175,46596.36613180118,4827.070439157728,238878466.61608797,126896206.34885396
176,48372.13698447014,6762.523107891204,368109095.55569446,126896206.34885396
177,47729.29497429753,5942.51259887224,321792357.7443372,126896206.34885396
178,48768.56243389584,5115.84487578333,280126497.9808798,126896206.34885396
179,52790.29384695507,10150.29330324556,591252651.8823723,126896206.34885396
180,45241.94384927723,4051.1514010902492,192402032.05660546,126896206.34885396
181,50676.045201251916,6645.970827594753,400000093.7680017,126896206.34885396
182,47887.271668990856,5794.560670954534,298838045.1459083,126896206.34885396
183,50111.934339650186,7375.138673759904,393261131.3546208,126896206.34885396
184,51807.120341879614,8591.692172642888,489404601.8413085,126896206.34885396
185,48200.9562626729,6608.22223073922,340293330.3863516,126896206.34885396
186,46742.66481326488,4885.994896289041,244286155.20944396,126896206.34885396
187,48441.402278892594,6775.427063185425,368800450.1682189,126896206.34885396
188,51549.99455745148,8534.666484152893,513199017.5583396,126896206.34885396
189,49788.759497829364,6934.064772432199,399112815.1718365,126896206.34885396
190,50748.72929865866,6793.383191073694,379628945.8481679,126896206.34885396
191,51426.250579396255,8391.164875026287,476486067.3515092,126896206.34885396
192,48558.093024237256,6681.578604422492,344953565.45687467,126884250.11792473
193,49214.618125492394,6502.577423367767,347631830.0361387,126884250.11792473
194,51755.51256583707,6812.520728876826,393203575.3409799,126884250.11792473
195,48355.59315651604,6556.779107265266,358057871.40689737,126884250.11792473
196,49253.05248930112,6522.210600404196,369029660.6983617,126884250.11792473
197,46719.82596395175,5033.146463023009,247610018.29818088,126630420.28270335
198,49362.520451942866,6816.329847554919,384559866.97224176,125289767.72180197
199,46916.36961656182,5625.515276749579,283778197.30013406,125289767.72180197
200,49478.41393912402,6335.715621159963,347961853.5791171,125289767.72180197
201,44616.36773277728,4083.9544448552488,190749245.04144016,125289767.72180197
202,47061.885890362944,5886.27292287073,315288501.6372673,125289767.72180197
203,44516.76541439373,4115.739234849473,193648058.42182624,125289767.72180197
204,44587.30482096957,4262.7808126686305,198523021.1879882,125289767.72180197
205,46720.41350313977,5823.90000096092,314466283.179015,125004469.62794736
206,49895.83751994177,8451.752252047318,445007780.0137984,125004469.62794736
207,43562.671310584454,3158.6465360340226,137788766.81798092,125004469.62794736
208,47779.27482631379,6607.791956728104,358641771.3396702,125004469.62794736
209,47756.27586268446,6450.331397498497,332075270.02670395,125004469.62794736
210,49220.071276917304,6785.947693465304,361881627.50200874,125004469.62794736
211,47783.88620843903,6427.489234917791,328269796.07529014,125004469.62794736
212,47990.347789338775,6677.901401143764,344184657.7521516,125004469.62794736
213,44894.32595579572,4094.4813516760187,193155082.69453993,125004469.62794732
214,49281.94267516585,6952.664819428164,419696369.3269657,125004469.62794732
215,46805.2541729704,4858.564862921259,253700861.7524612,124269586.1844741
216,45970.1039812916,4922.112674662132,278680838.23897845,124269586.1844741
217,45458.25714545573,4953.03729180598,240380487.36909884,124269586.1844741
218,46894.117854769,5716.316585629402,289420529.38267344,124269586.1844741
219,51237.607112723716,5843.96876557858,343663874.9389536,124269586.1844741
220,50366.0576248624,7612.085647798665,413232775.8472922,124269586.1844741
221,47466.679611032,6629.171174924445,359949901.71001834,124269586.1844741
222,44967.7466650351,4214.941201397794,196987342.8810885,124269586.1844741
223,51990.323091010905,8569.746685887483,510395437.9832327,124269586.1844741
224,44451.99812828168,3907.6907196760994,181963935.33728653,124269586.1844741
225,46569.37522095803,4132.175585438882,220082028.92974955,124269586.1844741
226,47158.40002415968,5707.811954899638,290002663.65550506,124269586.1844741
227,47454.85235211082,6916.905117488781,349081419.0042502,124269586.1844741
228,50475.797442545874,7698.24923848645,434048408.1070961,124269586.1844741
229,46609.420514133606,5075.275867575779,293482543.20452094,124269586.1844741
230,44065.91826065566,3879.477763890848,181382471.93240863,124269586.1844741
231,47350.145190733754,5643.293933037885,295972303.4171469,124269586.1844741
232,47110.390316795885,5958.386599114934,298436198.442188,124269586.1844741
233,49060.5179148405,7535.387113890206,393728763.65850353,124269586.1844741
234,50770.53373772644,8501.600813111785,480650459.02472436,124269586.1844741
235,48252.17044837437,7756.013274994036,435373455.23802453,124269586.1844741
236,48298.45376162701,4995.922182334712,271885471.5678002,124269586.1844741
237,47383.038225333694,6471.645606319999,332385667.3314594,123714484.72797376
238,57189.296692922384,12089.47573515323,793833104.7388067,123714484.72797376
239,47220.23817109711,6457.8261985452755,326595606.989321,123714484.72797376
240,50270.660186593064,7554.58827294777,410911186.24699426,123714484.72797376
241,43699.39705956035,3946.393155493909,180568898.528371,123714484.72797376
242,56779.40715538336,10953.993922883114,688858315.9589201,123714484.72797376
243,47486.823493045915,6932.243657773344,368626572.89075136,123714484.72797376
244,47815.86474005246,7563.932730359348,424789261.6762229,123714484.72797376
245,48010.298663382615,6534.345262798196,336829695.5312439,123714484.72797376
246,45285.27655491409,4990.51720014871,242752563.04196128,123714484.72797376
247,52868.328941434025,9487.009746710177,579520767.403964,123714484.72797376
248,46423.63544765886,5586.7766999859305,278987692.85205275,123714484.72797376
249,51970.95670030541,9121.143644300026,516088422.61428565,123714484.72797376
250,46950.66878565112,5837.44671870924,292001137.87022483,123714484.72797376
251,49254.70076279186,8400.924794640669,471615515.83188707,122336067.87140918
252,46428.22426018379,5641.873003419472,281003679.5829806,122336067.87140918
253,45185.58671418705,4754.263105632001,229151671.94767222,122336067.87140918
254,48426.549312342155,6719.133647031011,382960531.63664234,122336067.87140918
255,48644.86955880682,7439.245665353514,384780718.394343,122336067.87140918
256,46349.70222081348,4855.268646197961,250619842.01904163,122336067.87140918
257,48493.87021643537,7563.785057053572,427096418.74717176,122336067.87140918
258,47768.89579414655,6490.9913687912895,333962185.0514329,122336067.87140918
259,46509.809698052275,4962.4599949229305,252777150.08179754,122336067.87140918
260,48462.07211329603,5663.281121768542,307978035.21402067,122336067.87140918
261,44582.05391862074,4044.9297800274735,187179153.0103631,122336067.87140918
262,49073.276716034,6672.097970397246,384066552.6436969,122336067.87140918
263,49549.23273178372,7675.411082162728,430351904.3185542,122336067.87140918
264,46007.95148113217,4852.150249411274,238358408.4292614,121474118.31595528
265,47823.70329825597,5636.023511267908,287233998.82508457,121474118.31595528
266,47752.07677239385,5582.897030640917,286525568.2812846,121474118.31595528
267,56522.71843619032,11181.36994915877,679072535.4104774,121474118.31595528
268,49004.10797093717,5742.264622310989,306326298.53824294,121474118.31595528
269,45623.0666233341,3789.790709618701,181258782.32539406,121474118.31595528
270,47939.93734461817,5662.790119223911,292275578.374465,120574124.96796195
271,49477.71152806566,5966.293603648654,342015860.2420448,120574124.96796195
272,51188.18730804724,7807.415024312564,445736557.0226766,120574124.96796195
273,53418.51314227867,8643.563994270948,567029703.929987,120574124.96796195
274,55473.98420203729,8361.32348997306,527458266.7559368,119345112.51917124
275,47046.7731422529,5613.439075438493,283570399.81426895,119345112.51917124
276,47538.573255625975,5149.936452900916,268670178.4994041,119345112.51917124
277,47303.076711804504,5484.540279653928,279917905.39880365,119345112.51917124
278,49671.81143458622,6826.3765270048725,384226268.4848107,119345112.51917124
279,46193.60813981861,4930.19665352709,265230013.90050602,119345112.51917124
280,49612.534423151716,5038.696217086414,289031812.8034557,119345112.51917124
281,54156.992531150034,9266.055361321332,588767518.7122607,119345112.51917124
282,48407.168476763654,6451.603654339719,333157054.5505947,119345112.51917124
283,55304.83838636191,8379.797101780823,505400096.1786238,119345112.51917124
284,52572.52990905764,8584.328484475815,498457109.33097756,119345112.51917124
285,53852.904973968536,9173.944670303277,569514666.494846,119345112.51917124
286,56544.32305772787,10459.707402038533,669691389.4246522,119345112.51917124
287,50768.32252517888,7708.641082213226,468156421.9861001,119345112.51917124
288,52392.49122705931,9348.951737558911,555318167.7126414,119345112.51917124
289,47619.09633624197,5743.911922457332,293326274.30625105,119345112.51917124
290,49420.764890327395,7351.296716970838,407984823.1283375,119345112.51917124
291,51437.97872397443,8354.120599648977,473292043.17766094,119345112.51917124
292,47610.612010458324,5750.889883101571,294576544.4638134,119345112.51917124
293,50938.9857573931,6556.8275972781075,367257077.19280463,119345112.51917124
294,49604.078793286186,6457.165812851023,349642296.6487352,119345112.51917124
295,45057.24415130935,3832.560429965998,181664053.41210654,119345112.51917124
296,48465.18704759365,6550.032476036147,362137971.65320456,119345112.51917124
297,50514.338006178165,6619.086197555274,391484280.8622847,118346907.55600883
298,51717.571039109884,10044.063603576951,575038327.4601781,118346907.55600883
299,51030.6377678827,8074.4821692352825,439136838.5770706,118346907.55600883
300,46515.128184025605,4890.6892004089,251724557.80775708,118346907.55600883
301,52123.132027810476,9424.972091121132,580977281.4023074,118346907.55600883
302,46567.29804424703,5739.161816750171,290112988.6110077,118346907.55600883
303,48155.729023315835,6718.550379342511,386155808.24014914,118346907.55600883
304,47873.279979720224,6622.961937012391,337511274.46377075,118346907.55600883
305,50618.245668758274,7571.385640078066,413447543.81924313,118346907.55600883
306,47498.52811437317,5898.268473479217,302610849.18393946,118346907.55600883
307,46924.112175551716,5638.775010252548,302391125.90195197,118346907.55600883
308,49369.54796927653,7574.833187358519,421359062.68563086,118346907.55600883
309,53083.78367742952,8250.883852889283,474789775.06022376,118346907.55600883
310,50912.09230199817,7438.8312637842555,442830370.56742656,118346907.55600883
311,51706.435114918175,8572.182624263394,493260345.0779147,118346907.55600883
312,48334.86751998873,6572.806954369208,337579357.2398619,118346907.55600883
313,48079.04140983401,6524.606217919626,363048685.4148285,118346907.55600883
314,55367.559692084185,11114.808637026144,678749733.7274673,118346907.55600883
315,54620.732354840125,9416.227813630516,603638489.7487996,118346907.55600883
316,53144.74334995868,10236.527512351651,578439248.5182402,118346907.55600883
317,50118.09127452983,7464.9070045287135,401209989.3758972,118346907.55600883
318,47240.154632292775,5865.821052104786,298158223.16702616,118346907.55600883
319,50771.06806777418,6840.937661191953,414769449.5844342,118346907.55600883
320,47273.474592007195,5955.307235930746,322137174.4026388,118346907.55600883
321,52512.621828075746,8441.853832748464,507744700.98041934,118346907.55600883
322,54441.330946680115,10078.365244937126,601290299.2669115,118102073.10590427
323,48238.83289075581,5909.44207004274,340358429.71645933,117663609.04628879
324,52402.35382658044,8472.278480194347,523489404.7654645,117663609.04628879
325,49039.30089367369,7467.518160912254,412528877.4423679,117663609.04628879
326,48581.92789227962,7539.915649829311,408873303.13634574,117663609.04628879
327,47660.34887318175,6553.424755038912,355355961.9371091,117663609.04628877
328,50071.25437382659,8323.775268431995,460809557.6853179,117663609.04628877
329,50881.77989568237,9367.270313781044,551164920.9378068,117663609.04628877
330,55194.94243066985,8282.696255790364,561125227.64985,117663609.04628877
331,52459.18348208514,8220.552553010635,493578013.5935191,117663609.04628877
332,52543.44932846513,8204.25353593531,494051534.84329796,117663609.04628877
333,48795.95426192837,7268.606077365241,376754468.8462254,117663609.04628877
334,56737.97519561711,10063.762910215519,679470220.3912585,117663609.04628877
335,54275.060843183346,11141.050774467687,652647808.843743,117663609.04628877
336,53905.78583276811,8305.500160575417,530009014.9578193,117663609.04628877
337,48929.77893320118,7509.974493734568,415108814.7820626,117663609.04628877
338,53239.997604345925,8481.0606028342,526916552.6057291,117663609.04628877
339,51147.36115312721,6671.214415945971,410164803.0564438,117663609.04628877
340,52784.178610272975,10192.037922489963,605960125.009465,117663609.04628877
341,49537.86393335553,6590.757263791989,353375711.9590072,117663609.04628877
342,53402.84295401051,8596.89113269506,494938492.60597104,117663609.04628877
343,49405.09759150367,6632.465922454273,357394965.23956907,117663609.04628877
344,52696.7119943718,7375.8533318116915,426196444.43327177,117663609.04628877
345,50520.74281198776,7512.204218396216,406744318.39611095,117663609.04628877
346,51203.597943834335,9403.277549441935,537067372.5090303,117663609.04628877
347,47317.65915977932,5795.349723555761,309613929.85778224,117663609.04628877
348,48557.35866275935,6400.405889877282,358401899.70696247,117663609.04628877
349,54523.4279326978,9380.901934559082,603004655.4839938,117663609.04628877
350,48860.34401335284,6524.930796561539,344677998.48026764,117663609.04628877
351,47923.57466904835,5583.1943303541175,294675570.2999718,117663609.04628877
352,50694.61389072217,6690.164757899879,421244219.5197902,117663609.04628877
353,52364.411516805056,8126.18968956145,458145699.1016302,117663609.04628877
354,50768.19528920737,6818.212730115932,386861534.6050235,117663609.04628877
355,50390.204753929705,8352.392159129628,464252511.0851515,117663609.04628877
356,50403.55195222083,8295.33103069828,462965025.97887164,117663609.04628877
357,49966.56473154108,6836.939327511874,404912329.6269919,117663609.04628877
358,61008.63020769835,11168.84927896042,752093633.5602139,117663609.04628877
359,48273.89582293799,6508.787494989783,340789612.16839266,117663609.04628877
360,44651.670613373135,4023.074504610253,188738724.7836464,117663609.04628877
361,53288.91008498444,9504.194647246539,578658049.5430386,117663609.04628877
362,49741.79215813052,7281.817998313959,421695925.6196114,117663609.04628877
363,53024.19374668122,9149.927357364411,559707082.1998045,117663609.04628877
364,48851.48804747169,5586.712506556845,308240155.05384344,117663609.04628877
365,53023.199249812504,9336.272982194469,580867288.1752328,117663609.04628877
366,51976.63268777507,7555.812582611453,470118372.12759084,117663609.04628877
367,53208.0067043292,8344.423531679906,517325023.2267936,117663609.04628877
368,51463.359329543964,8758.524264675158,524713525.6418562,117663609.04628877
369,53371.00758539685,9321.092211992825,562170722.4031987,117663609.04628877
370,55450.73645523652,9116.377961870592,565509764.049895,117663609.04628877
371,50678.412818556484,8547.95398086532,462267486.90672445,113974029.23864263
372,54093.706396858805,7552.487534163588,485222357.29862577,113974029.23864263
373,58295.184256046625,9259.82227504785,647292924.258134,113974029.23864263
374,45257.35837541106,4680.485765004449,225527502.36054754,113974029.23864263
375,48602.95988431876,6398.639016230731,370801690.2483761,113974029.23864263
376,51971.72549325197,9250.143993965607,523999680.57594395,113974029.23864263
377,48726.16937260538,6609.601903475852,348686174.07663447,112937166.638052
378,55019.141321337185,10526.610188625431,685915962.503332,112937166.638052
379,54703.529093817364,10952.011145675144,681049552.5460169,112937166.638052
380,50074.30679877,7472.964743542985,429455615.54327,112937166.638052
381,47719.76631375016,5737.370597312636,330249894.3365872,112937166.638052
382,48200.241353011086,7218.769959195083,372802754.67818296,112937166.638052
383,49363.63932624472,6597.349184869794,380257181.39424884,112937166.638052
384,50567.64612779201,7411.901040165741,407271772.1533697,112937166.638052
385,54456.39283289609,10253.925712277713,633250991.000792,112937166.638052
386,49987.453572275444,7467.673972341184,420503429.77283627,112937166.638052
387,56159.347854823296,12065.658580068939,776188129.0725046,112937166.638052
388,50375.71567406954,8065.074656262435,467232097.91743135,112937166.638052
389,47789.35845349113,5811.375708717233,303423864.6069542,112937166.638052
390,47463.340866120976,6587.598522400355,338030260.1385071,112937166.638052
391,49813.63663004458,7754.5500104406765,433399749.3918697,112937166.638052
392,54494.025086092435,10757.286763880593,614698006.2451175,112937166.638052
393,49426.37064128164,7389.56580859014,428445873.74061143,112937166.638052
394,46059.63487588775,5669.292492016022,281655711.4743861,112937166.638052
395,54832.861639005074,11856.077431720361,709272379.7529404,112937166.638052
396,49203.35624532198,6982.611582322641,373238926.62754446,112937166.638052
397,50105.51097016774,8493.324556718831,500095634.2551633,112937166.638052
398,52778.52382058607,9271.269169844094,555079268.576381,112937166.638052
399,51726.35518427231,7473.922173636362,472995878.6040428,112937166.638052
400,50638.46400647996,8178.432181678295,440738972.7877561,112937166.638052
401,47803.80005606927,5933.57683037107,310130553.2403276,112937166.638052
402,49285.472011531136,6482.19860920905,373334540.5904397,112937166.638052
403,46784.322977120086,6469.2119185650245,344025455.2075338,112937166.638052
404,57361.38053122886,10981.40142893149,701324301.2726517,112937166.638052
405,54510.58673787575,12215.848886701922,751158939.6094201,112937166.638052
406,50725.42105433633,8467.483589690357,505069252.61955565,112937166.638052
407,49254.2073176626,8245.148971029483,451922372.47406435,112937166.638052
408,50836.131909590295,6570.784207686472,374279612.2425383,112937166.638052
409,56103.1247918942,9294.854228924534,615029847.337321,112937166.638052
410,50826.35115206626,7324.485475146021,409708514.34013426,112937166.638052
411,50332.160170131385,6820.907408892102,377711278.00485444,112937166.638052
412,52650.295541466934,8359.867752646831,476069810.7968686,112937166.638052
413,47466.59757914057,5533.219099006061,288989064.11094725,112937166.638052
414,54774.43651851162,11708.884776407329,693967816.3558824,112937166.638052
415,53452.52142423948,8447.422692199307,513639266.475927,112937166.638052
416,44987.721443666196,4131.160540835193,195298810.96020454,112937166.638052
417,49506.13346829759,7309.977786371828,417331836.4342137,112937166.638052
418,48742.495900634356,7418.216723243289,403776153.2513852,112937166.638052
419,52277.74857221017,10014.265990880784,589950111.769671,112937166.638052
420,49206.08464150863,6636.761119030944,354114762.1247531,112937166.638052
421,56414.72359042063,10988.471229025905,660212422.3541231,112937166.638052
422,50749.59147463596,8555.617631521083,494023836.2264929,112449773.4929788
423,46224.02963186928,4072.076956391017,207368639.96566215,112449773.4929788
424,53238.95690573587,8549.332735753873,509905912.9340976,112449773.4929788
425,51591.89776587296,8337.535178593998,479177536.75474626,112449773.4929788
426,51905.22559211781,9129.133005563608,548015706.8159903,112449773.4929788
427,48816.57397809639,7322.871344815945,382619072.2947052,112449773.4929788
428,47065.998236744104,4975.0430665477925,255846761.20350033,112449773.4929788
429,52591.9294259633,10262.817307459512,615221100.7545106,112449773.4929788
430,50256.62901579093,8168.846172917883,456088058.59708005,112449773.4929788
431,47436.65553335523,5815.1976066218485,294679631.6826816,112449773.4929788
432,48524.82429218726,5798.239275156595,309814027.0940398,112449773.4929788
433,54282.925806757085,8300.973203344342,519437563.3746707,112449773.4929788
434,52520.72934723787,8287.935592931788,466610151.8369807,112449773.4929788
435,46632.490181907255,5715.921516101874,289232426.30118674,112449773.4929788
436,55547.74380030589,10948.559081206537,666681002.421554,112449773.4929788
437,54188.744137836715,9505.408214941115,600401612.1093967,112449773.4929788
438,50154.86306033076,7313.527802851359,394582400.8049451,112449773.4929788
439,55079.7343530494,9949.389357616388,630103854.2835656,112449773.4929788
440,44828.514440814506,3594.5455515744716,170407410.21939266,112449773.4929788
441,52412.24481054516,8378.061915008608,487372206.73435223,112449773.4929788
442,48055.36707679432,6510.5800181628165,333939142.936794,112449773.4929788
443,50371.426331305505,6807.288206774772,404300853.76778454,112449773.4929788
444,49975.56437748056,7681.108976883753,431827679.19652593,111979136.55291726
445,58967.474702642205,11910.711414495234,759795901.1380537,111979136.55291726
446,46431.154067178846,5608.837034312614,301383330.6408694,111979136.55291726
447,46584.90580442053,5679.586439952097,284201577.92610425,111979136.55291726
448,55206.14378400626,10081.9359025846,631146290.8911358,111979136.55291726
449,51884.521173439636,8287.71291196975,482961971.8213822,111979136.55291726
450,52653.318157908216,7799.347802071405,488947353.7673232,111979136.55291726
451,48474.809429074325,6688.197374689218,364053094.2355133,111979136.55291726
452,51721.92450433005,7496.708067817705,450689069.3229254,111979136.55291726
453,50847.87570484546,8432.363408010413,505144297.74234116,111979136.55291726
454,49429.6877700257,6664.3855690848595,356134373.43157655,111979136.55291726
455,48150.753800338905,5784.497902596115,324417239.9149198,111979136.55291726
456,54684.35043969886,9396.117826894893,588743277.1511548,111979136.55291726
457,49796.34493081398,7465.706755810241,426929043.01688385,111979136.55291726
458,49703.966554947365,7112.043241748805,380368074.8235385,111979136.55291726
459,49709.8593142974,6771.671654893427,390396162.11207443,111979136.55291726
460,48294.851374622325,6535.809281806769,357911587.8384092,111979136.55291726
461,55725.19535736459,9347.582530777563,618968722.3540931,111979136.55291726
462,52317.19996082909,9277.46160765704,526149903.69309217,111979136.55291726
463,48764.59491816112,7291.111281179042,381328952.9130484,111979136.55291726
464,57132.177160649175,13963.817215702653,860926076.7707592,111979136.55291726
465,51102.91349417949,9263.795981581814,511624358.31094325,111979136.55291726
466,48702.17639935446,5846.109566280165,320396975.67636585,111979136.55291726
467,51094.39890512894,8498.517835441273,506856093.17142916,111979136.55291726
468,45631.666860798854,4571.9508390381525,225055957.21671137,111979136.55291726
469,49573.46700006684,7414.752369218232,399384618.5771837,111979136.55291726
470,47720.08427863503,6543.983190270063,355864630.18256915,111979136.55291726
471,50031.60626961704,7250.714615943856,391406617.1506958,111979136.55291726
472,48234.72852069094,7561.384236286516,429334952.3704653,111979136.55291726
473,46991.90743882374,5654.679519419925,282872062.8264156,111979136.55291726
474,47512.503124001196,4802.428609756624,255340019.67004895,111979136.55291726
475,47483.76760561481,5567.466985316959,292507869.22564495,111979136.55291726
476,51399.08795246288,9303.226942978543,535225746.5017112,111979136.55291726
477,47774.52928879125,5648.93638589217,296458877.56900287,111979136.55291726
478,47678.45149576396,5357.804622971975,285283311.038298,111979136.55291726
479,48994.8080878165,5803.340765417966,317865736.9309607,111979136.55291726
480,53562.122934234736,7524.407084232989,487592862.8955549,111979136.55291726
481,49667.85097226927,6720.333629831599,405354956.76958436,111979136.55291726
482,52547.35740583848,7575.070024421385,432869098.30015534,111979136.55291726
483,49100.625819636625,6261.766313646753,334837526.460482,111979136.55291726
484,50178.294282016504,7595.77310134483,439173102.3470694,111979136.55291726
485,54348.934487735074,11178.843499537363,705146426.0730733,111979136.55291726
486,51710.02155359849,8350.17184797586,483415894.6075443,111979136.55291726
487,47730.925427259805,5566.0956898859895,293388319.65599936,111979136.55291726
488,48061.222353138306,6441.8282740839595,329790097.8665716,111979136.55291726
489,46673.35823071882,5803.6467570555105,308415398.1840192,111979136.55291726
490,52288.0734029292,9234.626269833698,555254732.7576725,111979136.55291726
491,49960.83963331203,7558.426231850714,430310523.424969,111979136.55291726
492,54602.94544843079,10222.439860775059,627198211.8738042,111979136.55291726
493,53909.14743169118,10888.603247104988,645991628.1955826,111979136.55291726
494,55534.184079083454,11055.48198002145,702607210.4950228,111979136.55291726
495,48954.88443240676,6586.295666792024,374494920.8673266,111979136.55291726
496,52591.01403842265,8407.59491724223,490616445.00174683,111979136.55291726
497,48689.67883728347,6038.407187281919,319512643.8038002,111979136.55291726
498,50063.397200119216,7427.3927630939625,421043317.01253164,111979136.55291726
499,52789.48253580852,9164.453133974806,513072080.465284,111979136.55291726
500,51071.08288620831,8467.57769364095,479645511.6089161,111512333.36057527
501,56039.2748283377,9381.043478066586,651050156.7100836,111512333.36057527
502,49125.844160115375,6868.6691525239685,385728249.0339412,111512333.36057527
503,52092.8182354866,8257.672923658996,502295887.9818314,111512333.36057527
504,49701.021857857675,6247.6275568758865,345679630.94791996,111512333.36057527
505,57566.16068963667,11996.321247393273,764776499.1612484,111512333.36057527
506,51988.38316000065,8285.595738708394,492563452.27219504,111512333.36057527
507,54308.54207373267,10258.678319598508,625437949.1896274,111512333.36057527
508,49577.71263720513,8060.469451693929,442198363.64779186,111512333.36057527
509,48774.40974812717,6509.288439696325,350521602.59474146,111512333.36057527
510,49844.60238027314,8349.340777464648,476433871.08603495,111512333.36057527
511,44915.28686186984,4532.296951532747,218947920.0915239,111269240.56352296
512,51395.678822640555,9328.072887423443,538546120.3666842,111269240.56352296
513,47452.1713132538,6527.818991217531,331184146.8486651,111269240.56352296
514,48158.35569219605,6628.687543152172,349923800.301254,111269240.56352296
515,53303.167497482835,9286.683970775495,587033497.0382364,111269240.56352296
516,49709.63941433368,7552.595688602623,453189541.9788305,111269240.56352296
517,53936.6765080214,8440.468626426209,544994544.6186099,111269240.56352296
518,48316.92109817591,6322.201946585281,335007597.3625876,111269240.56352296
519,53167.08348319916,10349.683094779479,661788525.4742552,111269240.56352296
520,52145.82796969685,8393.925499147514,485261189.8700814,111269240.56352296
521,53554.76176208927,12030.684871705624,703173766.5362122,111269240.56352296
522,46742.309770000546,5480.109561823714,275900815.57927185,111269240.56352296
523,49028.58795249963,8299.557965523827,449957066.03917253,111269240.56352296
524,53130.12212343725,9445.28442534371,589470246.022026,111269240.56352296
525,47013.676587801856,5503.09607440297,278456848.72600424,111269240.56352296
526,54703.77911739105,10120.59792268184,667316625.9423957,111269240.56352296
527,47483.225679367235,5690.0261133013255,296131317.5788984,111269240.56352296
528,52717.802598732036,10215.16966369295,613862323.6589975,111269240.56352296
529,48554.75847697302,6371.650104638613,362699715.83728534,111269240.56352296
530,50834.44592936624,6496.43500395489,413873351.32040906,111269240.56352296
531,51723.62794830402,10021.278904980445,553741194.8421215,111269240.56352296
532,49763.6944240404,8188.88004959495,431226911.0156797,111269240.56352296
533,48987.264664678936,6280.761842479172,337658304.9631041,111269240.56352296
534,46887.196093102444,5733.252297273313,306129420.79831445,111269240.56352296
535,51470.765652047485,7389.70241282076,447466869.7614603,111269240.56352296
536,52124.19880942721,8179.022163871365,485639670.7973814,111269240.56352296
537,48712.75629338958,7286.473642735416,381707153.3728212,111269240.56352296
538,51364.653744783165,8261.36006190252,515681871.1963986,111269240.56352296
539,45548.85957055037,5276.25255469329,254248911.6616296,111269240.56352296
540,50953.606257363885,7540.047005333817,476256996.3550995,111269240.56352296
541,51821.82465129364,10139.281518218466,584155199.0174955,111269240.56352296
542,48643.74992050983,5623.595232522489,310544562.33172226,111269240.56352296
543,51552.28355778148,7318.677899479275,448478502.77566415,111269240.56352296
544,50310.186562969306,8416.230061500451,494861002.61643964,111269240.56352296
545,57023.4626695939,11264.30814387168,704067706.6355518,111269240.56352296
546,44862.71125167383,4613.218638955918,223180467.05184048,111269240.56352296
547,50896.621484637086,7277.533783998964,446271939.1013831,111269240.56352296
548,54434.54721240918,9475.824628037142,605234952.8171133,111269240.56352296
549,49950.973164727744,6308.888545964081,352868521.54845417,111269240.56352296
550,50688.58761172827,8156.824552421664,440841037.12636983,111269240.56352296
551,54317.244724213706,7326.999903582722,449020922.0341395,111269240.56352296
552,51337.97907110837,9168.19174111378,536965737.8781555,110524123.77911918
553,52312.576793817265,10055.072716298733,595877992.2625061,110524123.77911918
554,52312.18872801152,10236.516397099316,624625324.0893795,110524123.77911918
555,50360.846918432304,7565.49417306897,418882113.29430443,110524123.77911918
556,50540.35556611062,7477.610492852451,414202231.7505526,110524123.77911918
557,53656.1231647219,8561.315073009115,518829150.5848379,110524123.77911918
558,47862.683666330704,6515.488480393169,335062125.7267144,110524123.77911918
559,47445.251323997945,6677.4638744793265,339611165.36530316,110524123.77911918
560,51830.56787862272,8470.489209798612,500158811.7974969,110524123.77911918
561,51083.73672335829,8337.966856099763,475095988.2413581,110524123.77911918
562,49578.70861119145,6878.279969988424,431639024.65759724,110524123.77911918
563,46623.02992076295,5731.059899139927,283977507.1279782,110524123.77911918
564,47873.98248704757,6276.243614344914,329801656.14855874,110524123.77911918
565,49631.64111302492,6281.578162790465,346487813.7205034,110524123.77911918
566,56801.15281551031,11173.7217905445,737277158.4599682,110524123.77911918
567,49491.23497555828,7398.94135622768,400062054.1858586,110524123.77911918
568,52561.29863669917,8277.002494327642,536889726.1089447,110524123.77911918
569,47962.74473163873,6664.679998175097,350553406.4711056,110524123.77911918
570,46412.83225324011,5694.588593255946,300943803.7253505,110524123.77911918
571,52694.06375310649,9111.596379935798,527200711.03689355,110524123.77911918
572,52434.82028795588,10063.764596108418,588416590.7359425,110524123.77911918
573,47052.215094996725,6474.420377745531,345484902.56006294,110524123.77911918
574,49272.44584856936,8366.733615070745,452687476.08531106,110524123.77911918
575,53293.56591244067,10353.21844105457,620271931.7800151,110524123.77911918
576,52358.87361297968,10163.876260549312,593694926.6305118,110524123.77911918
577,50221.6945262446,9046.274459438822,494045349.7351009,110524123.77911918
578,51440.8687910645,8433.492602615932,489488856.49748933,109959267.74729058
579,48123.120219075485,6370.23683854358,335705938.3645507,109959267.74729058
580,51961.79197549117,8605.937177490487,497513771.21950656,109959267.74729058
581,46828.76956452195,4521.362915062111,247080991.38624507,109959267.74729058
582,50416.12539380866,8405.751098853525,489903118.50060904,109959267.74729058
583,49429.36926389401,7210.401095413315,382443997.03123045,109959267.74729058
584,50045.54687734823,7549.241950785903,472990553.38549626,109959267.74729058
585,49539.39951645834,7719.320361297822,450066019.4201397,109959267.74729058
586,45130.24934446234,4760.6154969502595,232973188.0133976,109959267.74729058
587,47783.91032956513,7307.610074371942,391707284.82466996,109959267.74729058
588,52799.447587823575,10132.359614183004,571358375.10324,109959267.74729058
589,50682.966808955025,6626.64525160632,374924798.40893507,109959267.74729058
590,51839.162022624645,7547.937825858024,429486132.13607496,109959267.74729058
591,53809.6501305061,11306.777049312446,674178567.4327663,109959267.74729058
592,48094.426549072916,5728.167960783219,348175694.0195302,109959267.74729058
593,50819.471617577205,8599.348622577618,485374992.33274907,109959267.74729058
594,50037.09736408612,8404.930070944729,478078591.0087166,109959267.74729058
595,49320.341026365786,8470.48428173388,479216133.9699167,109959267.74729058
596,54097.607291910914,9498.606345536047,591780133.7972515,109959267.74729058
597,50364.90952385702,6419.65435395807,366247841.2551315,109959267.74729058
598,44400.69491019186,4675.755250169895,244541921.7954936,107314300.8125079
599,46587.42090682399,5761.846458629759,308398205.4367205,107314300.8125079
600,49226.624352040235,6705.473278623713,377787083.81631273,107314300.8125079
601,51110.3219773421,9517.379668576788,547311809.4806731,107314300.8125079
602,56755.532181021,11986.470555830501,754149929.1740978,107314300.8125079
603,47385.89672600532,6380.236651268536,349572264.77691513,107314300.8125079
604,50143.35972623495,7325.641838745071,415500104.2580519,107314300.8125079
605,51521.96745219527,9111.650383167309,514453112.7086752,107314300.8125079
606,42930.219120090005,2775.4237036574655,119229667.17495687,107314300.8125079
607,48400.34755127275,7505.694280553679,404222640.44284445,106396188.71901025
608,48312.44930218697,7213.210008627089,372644067.31742686,106396188.71901025
609,56678.88880915956,11079.027909146147,741600116.9933826,106396188.71901025
610,52225.40671997519,10230.082695721332,591301800.9303337,106396188.71901025
611,52399.88018254489,9171.813137078749,560678031.0150635,106396188.71901025
612,46307.309796873364,5609.470625177281,296847753.5089038,106396188.71901025
613,47789.64153253132,6616.901370650799,367183794.51766056,106396188.71901025
614,49116.0318989769,6404.783985326394,351886947.2975678,106396188.71901025
615,53508.71282397381,11153.29153400052,645698447.7934209,106396188.71901025
616,47597.435417580986,6571.645907968862,357250446.2518028,106396188.71901025
617,48054.449455589864,6394.398528974667,357493238.20817536,106396188.71901025
618,45771.57261213809,5397.918482320689,266098744.78175658,106396188.71901025
619,51129.835490830985,9962.820559425982,567340376.680649,106396188.71901025
620,46018.701476528455,5623.957705333627,278199616.9402188,106396188.71901025
621,44925.01512736549,4898.810651649726,235572914.49393648,106396188.71901025
622,51700.6096250866,9232.657143341661,545943147.9710081,106396188.71901025
623,51678.77248221859,10117.358194507728,579357592.7079374,106396188.71901025
624,45840.6262542646,5504.625677428572,295527429.2970909,106299195.48518592
625,48169.09378440298,7488.333172375684,402391457.5820375,106299195.48518592
626,53162.82850169119,9243.691848034989,543030248.0460184,106299195.48518592
627,47170.39665623103,5464.0128624717945,287911791.6062083,106299195.48518592
628,48027.82842161766,5579.365799996278,324384014.6973017,106299195.48518592
629,49966.59942271574,8157.275751223261,467940088.3928296,106299195.48518592
630,53181.679121244946,10297.438647995583,626848263.0370932,106299195.48518592
631,46380.64731554724,5768.054138592581,285325764.40998906,106299195.48518592
632,49881.60768532996,7468.489908501475,430825869.39313954,106299195.48518592
633,47560.05770385561,5727.650446984109,307155507.9040867,106299195.48518592
634,49098.832277273774,7447.191667864767,422684927.7168634,106299195.48518592
635,48267.36739980002,7515.693020371786,408469415.469987,106299195.48518592
636,48379.67272209808,5509.058367662945,304842381.7062647,106138723.0487411
637,49624.69113490027,7304.53770441801,437895000.85698473,106138723.0487411
638,48956.607826966414,7410.53698776553,419785072.8856978,106138723.0487411
639,44726.97630671531,4405.812445019347,214251690.28218403,106138723.0487411
640,47810.536714971895,6366.017111610385,333301709.5837885,106138723.0487411
641,45008.28700163076,4646.633073702109,223906524.4466713,106138723.0487411
642,50393.166254583586,8342.78004258065,496931438.44704074,106138723.0487411
643,51901.192931255544,8440.810979467355,532146918.04640484,106138723.0487411
644,48272.700319997784,6658.861910007763,351274960.01888794,106138723.0487411
645,48585.4999454973,7315.958097307086,406105156.71365726,106138723.0487411
646,50747.79421293485,8310.281304850943,474626112.4120792,106138723.0487411
647,51136.29121452672,9269.619939446633,523428006.4734589,106138723.0487411
648,52186.562019261226,9047.918288242638,550965557.9627922,106138723.0487411
649,50503.70979046261,8409.894567176196,498244667.94116414,106138723.0487411
650,50265.42405114678,8430.526835386267,481430098.38099396,106138723.0487411
651,54629.74450027341,12979.048162225705,776220817.3592227,106138723.0487411
652,52096.27599525013,10135.474552057665,574771193.4537917,106138723.0487411
653,51984.3083913486,8297.12926926757,491321895.195308,106138723.0487411
654,55806.630793286604,11998.18642316607,730982012.4372864,106138723.0487411
655,46761.68364818863,5352.321784002071,279790320.12591887,106138723.0487411
656,48697.1780787219,5707.024107046764,313248584.90997875,106138723.04874106
657,51559.66350499812,7436.237533985705,419204729.77162945,106138723.04874106
658,50405.29778926449,6473.353411478803,366243797.9160191,106138723.04874106
659,53977.007282342856,10281.906623811918,633360737.4641696,106138723.04874106
660,51208.14048240484,7546.624870844188,422746783.07810473,105423288.69399565
661,52146.113419343,8031.43840908821,454145646.36158675,105423288.69399565
662,42695.60495675676,2920.2848278007177,125008816.43668859,105423288.69399565
663,49611.19910259028,8237.40381006989,471488487.40757066,105423288.69399565
664,48055.40869193725,6493.5051112960455,369672045.57287717,105423288.69399565
665,50194.14286703874,8301.380557039134,493035897.9734112,105423288.69399565
666,50076.73862255587,9267.697450385585,524678344.73316973,105423288.69399565
667,50776.31340721379,9301.71930424613,515050834.2482033,105423288.69399565
668,48163.58951372787,7419.762303845741,401672798.75596553,105423288.69399565
669,48456.664737570645,8403.810897435811,467276793.6819814,105423288.69399565
670,44382.882244891625,4864.859815009609,251437154.60257047,105423288.69399565
671,47852.42733419968,7451.78539899975,400302973.79257447,105423288.69399565
672,46740.156762473045,5474.370587149051,299484596.7175746,105423288.69399565
673,53755.95146698689,9408.96682888221,574167240.362203,105423288.69399565
674,49452.89233361917,8066.493117993809,423099595.04874456,105423288.69399565
675,48133.00405412569,6421.9687317309945,343773492.29654205,105423288.69399565
676,55383.384994657594,8288.523210930336,558610078.5556078,105423288.69399565
677,49070.91329281438,7508.032932123193,419407320.87196696,105423288.69399565
678,50040.01600200482,7727.724907835052,439336307.62948686,105423288.69399565
679,55286.85415577417,8394.350710327879,608571581.3572206,105423288.69399565
680,46944.09968334022,6671.606390909701,336782402.46836054,105423288.69399565
681,43860.83336206154,3836.5791542342513,177214529.80098468,105423288.69399565
682,50792.16626279564,9382.681523609903,571333053.9378531,105423288.69399565
683,58566.40114940472,11049.042579865873,723931376.3323375,105423288.69399565
684,49932.260825643585,9051.539307972476,515969024.97782004,105423288.69399565
685,50692.43399646146,7478.455085163647,444432693.88970023,105423288.69399565
686,49966.57793931224,7467.304843354619,434922418.0725056,105423288.69399565
687,52298.174957859024,11078.432378469619,624477754.9501696,105423288.69399565
688,46083.37467591349,6529.884337332691,341694322.66506565,105423288.69399565
689,53377.24851187012,9080.90407359819,535897541.7576972,105423288.69399565
690,48187.99132084973,6689.4964960605375,352022614.5136444,105423288.69399565
691,53657.808938625516,9073.847263181779,555659048.2878025,105423288.69399565
692,51370.63587914367,8169.900648209439,516491084.48875636,105423288.69399565
693,58464.751189854964,11143.479532651212,738115880.1441088,105423288.69399565
694,46755.9922496715,5531.182704111736,286933298.08688146,105085025.6797983
695,51663.32451537268,9077.600964458521,524190418.38285816,105085025.6797983
696,47916.97057070125,7536.820809148177,400983994.0568992,105085025.6797983
697,49318.94432927906,7566.572509319434,446746733.25889033,105085025.6797983
698,47653.28407780608,5564.277369392666,298661993.2930864,105085025.6797983
699,48400.2064480012,6307.617897538821,340104245.11091167,105085025.6797983
700,48823.32385418158,7320.729546339697,415855967.84035206,105085025.6797983
701,56992.85033045048,10982.980962918755,710576685.5960252,105085025.6797983
702,46701.494609171605,6364.962747162629,320081865.1274132,105085025.6797983
703,46457.32168702236,6502.226258152519,324615694.8106395,105085025.6797983
704,52628.396116149226,8258.68022471607,502193287.0234896,105085025.6797983
705,45917.681413526516,5744.487989219955,305056902.01197827,105085025.6797983
706,51837.693722043754,8360.433287135844,528056773.263313,105085025.6797983
707,50996.866287422556,7275.105172624646,429335572.43939406,105085025.6797983
708,45294.04089495421,5562.110250785222,270437456.6368345,105085025.6797983
709,48778.50745006818,6600.809521579616,376364084.932669,105085025.6797983
710,53332.60042736054,9131.285752844286,589694526.5750201,105085025.6797983
711,43601.98474207443,3899.326746026135,177964460.7387505,105085025.6797983
712,52628.58967825703,9997.740402619205,609104328.8860943,105085025.6797983
713,45665.30304324655,5757.069836965085,285052710.4034271,104695011.17348917
714,50854.432828734185,9157.89537944448,507440321.2420891,104695011.17348917
715,46337.35332397093,4685.737137917156,241965445.14503914,104695011.17348917
716,45961.0634458519,5591.5476685747635,275995918.48435867,104695011.17348917
717,47094.34434251791,6558.595883151883,358785574.7682806,104695011.17348915
718,50807.86968035535,6231.393933627225,365088281.21678054,104695011.17348915
719,47190.15489788265,6495.814147201946,331130448.3231293,104695011.17348915
720,49747.12480103872,8246.98175811598,456149298.8013015,104695011.17348915
721,49438.839510360136,7569.078551875415,427014711.6460861,104695011.17348915
722,52401.82269782726,11003.43123397449,624271432.712347,104695011.17348915
723,48203.92375449667,6611.333976808999,370889959.6852538,104695011.17348915
724,49351.82817328308,7586.9202245569,426813845.7768736,104695011.17348915
725,48288.915452380585,7465.667924102652,410017179.13902295,104695011.17348915
726,46901.443431784166,7306.585379444883,384174969.1349534,104695011.17348915
727,45465.44140970909,5691.549941218187,277715353.60102147,104695011.17348915
728,45381.80033336573,5584.171903694957,274365682.2624021,104695011.17348915
729,47002.769636995814,5681.304021021485,296650709.15760195,104695011.17348915
730,49724.371928763394,8459.772086432748,470144586.11568034,104695011.17348915
731,46125.902672490236,5584.894378308306,284306345.19348955,104695011.17348915
732,50120.39158270993,7642.972435491739,439790923.4506257,104695011.17348915
733,55300.04666166376,9199.180143125865,573579063.1761405,104695011.17348915
734,47743.79551899097,6630.413789179433,364988766.9023575,104695011.17348915
735,54652.41813572778,10119.969981937542,615503162.3233529,104482150.74597701
736,52460.36417902213,8999.643711169614,537977274.5460545,104482150.74597701
737,47910.368855744266,6318.181421456051,332118499.7543108,104482150.74597701
738,51713.40751582377,6717.111867325223,400864837.88724464,104482150.74597701
739,46803.76358382994,6419.515399031421,344935589.49965495,104482150.74597701
740,52290.325018527474,10923.315660649147,618769095.1330601,104482150.74597701
741,45883.847154914394,6405.187871326333,337917895.6391754,104482150.74597701
742,44376.00318907895,4575.934079744834,217711027.3738297,104482150.74597701
743,55275.41105351002,10102.647504705023,606744151.9648063,104482150.74597701
744,46576.72303390385,6511.611146572815,348984733.93613446,104482150.74597701
745,49372.38091099774,7759.201790778743,425438250.45407283,104482150.74597701
746,51387.32069853503,8358.050840651467,504695654.4481594,104482150.74597701
747,54337.39023075653,12077.918481257613,736604338.031595,104482150.74597701
748,45915.94923306482,6306.233121225331,333777230.32587886,104482150.74597701
749,52159.99527670981,10366.936264009637,622523603.8621819,104482150.74597701
750,57151.12245209565,10924.223884632285,738102786.1362852,104482150.74597701
751,51059.57780739093,8135.607468503901,447761329.17300975,104482150.74597701
752,49038.63240032474,8198.627049777819,481903878.8508598,104482150.74597701
753,46185.78956261701,5438.249022233054,280823987.4788909,104482150.74597701
754,50279.96779285457,7474.901527920118,474214688.15132064,104482150.74597701
755,50637.42909463145,8659.539397810719,484357331.4371532,104482150.74597701
756,45540.72808625769,5514.925078917533,268932012.01686686,104482150.74597701
757,45902.42483004895,5540.99774234382,280015331.4406702,104482150.74597701
758,50244.332246372694,7582.634608697634,446769710.64761335,104482150.74597701
759,46235.08129306075,6691.609746795543,353661376.3671611,104482150.74597701
760,45408.18700054558,5640.941387590754,275135037.3013186,104482150.74597701
761,50831.706500882705,9333.758710510961,535871412.51045096,104482150.74597701
762,52539.23048840213,10078.172709157932,583057211.0384457,104482150.74597701
763,47583.82830576259,5803.751267006626,340745773.15078616,104482150.74597701
764,56162.81812875844,10549.438301537875,641270308.973477,104482150.74597701
765,48011.9549328233,7573.67615403608,430770656.98320407,104482150.74597701
766,47644.483208944774,6579.284741397435,357811916.00872535,104482150.74597701
767,48050.539048592225,5738.583404042937,307654930.1777343,104482150.74597701
768,48546.1777012683,5708.660732971958,322406640.8998569,104482150.74597701
769,44368.46450672181,4489.217683494258,213660553.58487582,104482150.74597701
770,48030.351774763716,7309.038052107362,374798224.9044344,104482150.74597701
771,56593.785131657336,11270.517048545684,703225808.4349335,104482150.74597701
772,49572.5080449235,8447.32883729928,485232261.12720954,104482150.74597701
773,46370.63758825313,5476.072229452028,281652923.9846343,104482150.74597701
774,46138.480942382375,6462.164700475269,320331252.4646289,104482150.74597701
775,50522.37575397567,6663.431989203658,396263699.59180343,104482150.74597701
776,52668.69795805713,11015.874034029675,631937422.8544133,104482150.74597701
777,48423.1398076577,6891.82897152129,367342594.0798747,104482150.74597701
778,54284.31794248811,11825.767053462205,693118288.9881455,104482150.74597701
779,51991.11189332423,7694.493090228675,460104020.6919948,104482150.74597701
780,48683.77700698046,7456.942834558647,391372669.26214933,104482150.74597701
781,42629.17614356192,3582.509374579309,162128381.2391082,104482150.74597701
782,55030.27192422377,11221.134054491093,714867022.2658769,104482150.74597701
783,49160.1882678504,9190.867346076733,533389929.16800416,104482150.74597701
784,49700.00689359763,8398.290858469425,476667218.5815951,104482150.74597701
785,48308.468668205474,7657.215694720449,413504349.7334109,104482150.74597701
786,47381.37376603218,5472.961213736022,297777592.0543128,104203663.00288826
787,49828.0369469092,7618.569587951732,463253405.66308624,104203663.00288826
788,54147.146891950804,10022.69341115542,583870108.6977469,104203663.00288826
789,47009.282628822555,5899.531251615686,334727331.8990754,104203663.00288826
790,47435.196973415936,6664.828455498982,375833356.0043025,104203663.00288826
791,49785.04658488231,6380.263392544196,400943758.3689107,104203663.00288826
792,45916.76513880476,5678.133204788336,280551387.4078182,104203663.00288826
793,49261.651188139105,7409.337921139791,418553473.39723194,104203663.00288826
794,51300.28186766796,7523.157819101003,425763499.53728575,104203663.00288826
795,45595.23761436291,5596.451953091042,274102361.3867017,104203663.00288826
796,48687.72004902439,7334.077493259474,411718598.29028416,104203663.00288826
797,51767.59791569832,9350.92016313764,560225483.8098621,104203663.00288826
798,54082.269270262295,7455.864520058528,518746887.1255643,104203663.00288826
799,50495.16279677266,9198.384598774284,506269249.9791233,104203663.00288826
800,50210.385885174604,8069.933233411296,439972773.39537776,104203663.00288826
801,45293.045871305556,5482.88975611016,273051611.659727,104203663.00288826
802,51826.506369458286,8290.163912471093,536651073.85993326,104203663.00288826
803,43421.07531624111,3921.0491763603845,181759877.57048744,104203663.00288826
804,47319.05244764247,7453.7635415841,375424000.75382644,104203663.00288826
805,47154.18100674458,5681.640784474881,341361021.8852323,104203663.00288826
806,48524.39786790249,6329.24760091682,343284741.57749194,104203663.00288826
807,49298.56737275144,7301.173249262615,386832932.63782245,104203663.00288826
808,50592.755359323884,8480.964347675079,496822261.801077,104203663.00288826
809,47564.26998422564,6599.975971733364,372437617.12505597,104203663.00288826
810,54041.39729178576,10462.3501674999,641685370.6196235,104203663.00288826
811,44171.8443799174,4824.638343687885,247345428.53410554,104203663.00288826
812,44915.34750575573,3914.191650817258,198697452.28498784,104203663.00288826
813,50434.03414491455,8324.936868823612,506949276.3440013,104203663.00288826
814,52400.05063712981,9090.730417130822,526425631.6172261,104203663.00288826
815,44018.77649769278,3665.281986080845,180313839.4745756,104203663.00288826
816,47753.28664839045,7215.74592092282,393421257.54658335,104203663.00288826
817,50482.40909167357,9995.326684821835,540303492.8186527,104203663.00288826
818,47436.237517889145,6468.90692397444,333282628.5333708,104203663.00288826
819,57863.618393308556,13001.599936902265,818881876.7381393,104203663.00288826
820,51183.491476010386,8494.045090522817,489486566.0982543,104203663.00288826
821,48271.293585260035,6475.840230892145,347016067.2499608,104203663.00288826
822,50181.32030809199,7475.91608766225,450031784.12650824,104203663.00288826
823,47620.848697315596,5401.23488790116,336311274.0395293,104203663.00288826
824,50332.27073488986,7338.463327127314,407259967.70684916,104203663.00288826
825,53366.69820843059,8332.156382122579,556939225.3954121,104203663.00288826
826,49742.94529727644,8166.978271670623,434330341.798895,104203663.00288826
827,54196.64067515003,11018.934349184387,680029094.8924255,104203663.00288826
828,49949.344143749724,7184.835848185014,422347591.66756654,104203663.00288826
829,52498.727273052325,9368.16348013187,549224380.0120112,104203663.00288826
830,52311.38744538192,10454.846427384953,601643938.1782486,104203663.00288826
831,45154.08451909989,5503.5518636931965,269134946.5419252,104203663.00288826
832,49781.8945393403,7444.010621448759,405818868.9769533,104203663.00288826
833,50194.857063577896,8138.848511205314,470905461.44112384,102423176.24567264
834,49773.92886888995,6574.9944740712435,436149835.51266813,102423176.2456726
835,53845.607961339396,10448.69150891327,643896083.3026679,102423176.2456726
836,50795.88606542324,9320.021789484827,518439482.2097658,102423176.2456726
837,48958.75926890362,6670.789965958083,365118785.7237926,102423176.2456726
838,50921.24754493375,9236.507466217188,546930488.2912124,102423176.2456726
839,50871.32200893487,8188.592283430468,468113582.7107393,102423176.2456726
840,44302.56751377144,4493.952803585361,215549242.7225654,102423176.2456726
841,52593.41278481971,10004.322148322562,600718745.1386821,102423176.2456726
842,50619.968764255944,8122.630959442021,473575491.55679715,102423176.2456726
843,52703.51175872848,11080.775085539917,646093613.0492676,102423176.2456726
844,52160.85896097015,9249.300794276136,569646608.1264142,102423176.2456726
845,46249.38468911374,6449.148001428489,321659672.27101713,102423176.2456726
846,51852.43148642257,8576.935149118306,477233630.76868916,102423176.2456726
847,49714.91449867135,7295.1899114085245,401472750.0311386,102423176.2456726
848,52729.69474619666,9172.17105167474,515404444.4328367,102423176.2456726
849,54529.91998762265,11989.794330903796,694615400.5445017,102423176.2456726
850,49477.299332992676,9219.453315898178,495483442.12773526,102423176.2456726
851,44033.51228199788,4509.671247284392,215048246.99429083,102423176.2456726
852,46502.99940374062,5589.532004071523,290757651.08394784,100977252.21879235
853,48079.40236375514,7408.874663606478,400376370.52343607,100977252.21879235
854,48719.04588261166,7193.529611676255,381646127.6745944,100730448.01945803
855,51558.532771265636,7084.052517619295,429232421.9710721,100730448.01945798
856,54501.330989203685,10030.159944943243,624784685.792142,100730448.01945798
857,47882.115765661874,6543.380566839706,343688787.0905138,100730448.01945798
858,59346.27252340394,11860.003027001603,806386910.8618243,100730448.01945798
859,47035.979836017075,6112.037028960211,312359279.820603,100730448.01945798
860,50577.035697865394,7192.09524736952,399266498.6835991,100730448.01945798
861,45738.02755462324,4615.437454774471,234783273.89025712,100730448.01945798
862,49420.429900497016,8319.797338342625,436216791.7322265,100730448.01945798
863,53597.21398026991,9661.97277119881,593406489.8479421,100730448.01945798
864,46947.035390302146,5733.959964100711,297344013.0633407,100730448.01945798
865,50213.719386829674,7427.46594593371,438588099.2794728,100730448.01945798
866,45847.85642626318,5424.417197095679,270408429.0922125,100730448.01945798
867,44386.03406878804,4419.40387484104,212526762.52578557,100730448.01945798
868,48358.163570392535,7304.316770489577,380357395.4789208,100730448.01945798
869,52426.43007557335,9787.37890407094,561806541.0215156,100730448.01945798
870,49435.07505814264,6684.026669357258,367763189.88375264,100730448.01945798
871,50169.46259868624,7329.424225200442,433910354.4061281,100730448.01945798
872,46893.11387468175,5484.976675999246,285370188.7579906,100730448.01945798
873,48876.568201681774,6241.51244019744,342683378.68415517,100730448.01945798
874,51991.597301706686,9094.260618025088,501863075.0520352,100730448.01945798
875,48993.279307871184,8115.706218417827,442912491.9106368,100730448.01945798
876,46778.72373113035,4741.617506851114,246281929.8584574,100730448.01945798
877,44858.75414505771,4255.795927271143,207778716.7614202,100730448.01945798
878,49510.575696748405,7888.354661801558,434730792.989643,100730448.01945798
879,46101.30957740464,4808.099915515529,245663807.67060933,100730448.01945798
880,46062.40770907332,5713.09220713741,286129780.1659912,100531843.45949838
881,47034.776629218926,6556.624030992069,353899114.52184594,100531843.45949838
882,52897.36660434515,7583.059093815388,477971922.93151045,100531843.45949838
883,50168.209706440066,8078.587733278679,431737644.1896483,100531843.45949838
884,52213.96408222604,9142.465951162783,532110284.72964746,100531843.45949838
885,45804.520886588565,5307.766732509059,264104245.0244845,100531843.45949838
886,54630.890935083866,9190.29116006949,537008515.4352567,100531843.45949838
887,45808.847036547806,5623.290256075762,276763890.72827816,100531843.45949838
888,51600.55748488549,8311.64940945127,480634956.3483165,100531843.45949838
889,44892.66937751083,4622.94173358832,223280130.34948835,98941896.4123819
890,55253.32816347077,11031.605085899671,688647558.9560027,98941896.4123819
891,45939.99188244933,6094.1612593869995,305780113.22909206,98941896.4123819
892,46660.95319330321,6554.159488273415,330247835.17069924,98941896.4123819
893,48464.62516260042,8072.753970188243,417496832.28741187,98941896.4123819
894,48025.014236235336,6486.606430016174,362338683.214623,98941896.4123819
895,51155.40172816175,8979.660726387021,518206794.66832286,98941896.4123819
896,50456.1766175684,7386.867127076203,443216130.99342746,98941896.4123819
897,51245.378080898125,8345.027753209039,492309869.45249766,98941896.4123819
898,51849.88127383871,8365.227790735424,522496343.197127,98941896.41238189
899,49060.5060403893,7501.723694777776,442308418.5149504,98941896.41238189
900,46306.658246868305,5481.69160412798,285524740.00761163,98941896.41238189
901,46531.05225096222,5506.27427383184,285087627.9536037,98941896.41238189
902,47323.30084875525,7517.696750818917,399560459.4251014,98941896.41238189
903,48117.66080604668,6547.937629312095,344712061.1763092,98941896.41238189
904,45906.60739866892,6263.420831741028,310772891.587825,98941896.41238189
905,43984.64241243963,4424.7038399077455,209420383.94051826,98941896.41238189
906,46916.4344016514,6726.797625614495,356081315.096778,98941896.41238189
907,51117.082035556756,9208.436501908205,546185702.2547455,98941896.41238189
908,47485.321808689354,7172.664125634864,365894756.1486835,98941896.41238189
909,49643.92668639375,8373.303188138942,445042735.256282,98941896.41238189
910,50881.01824427907,8284.567755644664,481437190.27959824,98941896.41238189
911,45533.19114289994,4629.102894312651,235554435.50495395,98941896.41238189
912,49154.807181432676,7193.0454413912175,387860955.99032354,98941896.41238189
913,46385.33739490295,5570.5325431320425,289609685.27451736,98941896.41238189
914,50327.67508722517,7295.952009392064,427652184.5641969,98941896.41238189
915,49650.13022040803,8251.722067825114,437168871.13997763,98941896.41238189
916,47868.66296373849,5698.886290235359,305768695.04104245,98941896.41238189
917,48931.79278166351,6407.172374917653,347945987.08926994,98941896.41238189
918,49201.68017083821,7215.040995673376,390628262.8463413,98941896.41238189
919,45076.981870503245,5321.525954037125,283280576.72376424,98260771.16116166
920,53726.90921794216,11161.943763225521,671360279.6136396,98260771.16116166
921,45610.89226613712,5542.0735029728185,292522945.5016328,98260771.16116166
922,47331.73704746184,7268.29636100543,391205099.5712625,98260771.16116166
923,45528.29577168363,4795.534598795943,274860070.26419,98260771.16116166
924,44611.41178182066,4714.375205352018,227625103.09579745,98260771.16116166
925,49735.512166761924,7473.330502298055,442969752.6353567,98260771.16116166
926,45949.21324055711,5430.803059556655,275613670.9339541,98260771.16116166
927,46907.938113290315,6338.499213149326,322238994.40588015,98260771.16116166
928,46352.22935480087,6602.964028385386,331211115.8472946,98260771.16116166
929,45932.383532336855,4511.209263178234,234257241.9881904,98260771.16116166
930,47682.32530474001,5632.073975154881,302158157.7475031,98260771.16116166
931,49186.39488737852,7222.2092137628115,393551507.1235367,98260771.16116165
932,47212.96780648965,6383.145723696949,353050419.93785375,98260771.16116165
933,51424.1608815273,9523.385656565833,583404295.5160668,98260771.16116165
934,52474.33353143991,9171.792797665626,543124127.3544893,98260771.16116165
935,46071.34461869712,5604.198009376429,289446617.62084126,98260771.16116165
936,49851.2510646959,7404.275429588173,434330905.047252,98260771.16116165
937,46087.33900943033,6291.113146258537,317577854.44397545,98260771.16116165
938,46449.49844519088,6585.311868768475,331090171.3243996,98260771.16116165
939,52119.718966307555,9471.747194149642,598049367.5076102,98260771.16116165
940,46540.87392162694,5729.069625572975,292192385.883198,98260771.16116165
941,46783.84614442886,4581.898055771322,245855993.60714597,98260771.16116165
942,50395.741878385496,7397.947307125168,412697777.70566434,98260771.16116165
943,43214.40146142952,3679.214055332697,167559530.2145141,98260771.16116165
944,45317.76716788612,4536.551988212106,228582914.08397588,98260771.16116165
945,48445.34690820547,6324.996573461646,340950878.16681737,98260771.16116165
946,48437.89634497588,7204.434582630798,375458420.19343376,98260771.16116165
947,45814.45219776682,5378.827808508517,267908678.47848868,98260771.16116165
948,48727.155080293785,6555.68071574539,384127720.8766751,98260771.16116165
949,48097.56717704132,7307.286224706078,379010334.5826811,98260771.16116165
950,48785.42421089681,7467.263109563777,397574028.06582254,98260771.16116165
951,51185.77506058235,5755.155580834692,355249658.9646135,98260771.16116165
952,47347.4720805237,6271.442610687809,327105767.45084023,98260771.16116165
953,55190.39810040024,10988.487598901507,640354657.1132182,98260771.16116165
954,48569.394044424596,6386.530324933637,344529240.0709033,98260771.16116165
955,51089.32296258616,7287.750502490306,417761561.14405555,98260771.16116165
956,51593.23866544895,10210.942740775596,564716973.5320531,98260771.16116165
957,54684.17299122192,11289.165024482452,709509494.6870615,98260771.16116165
958,49485.50072947558,8418.511754284029,445145010.7388465,98260771.16116165
959,51590.23850567123,8483.019902386435,522352524.51646817,98260771.16116165
960,50017.50280997513,7427.968461726739,405908234.06036055,98260771.16116165
961,49665.444506156135,9207.36729299017,495734945.62982893,98260771.16116165
962,50542.00413002031,7309.119591582287,407282787.01066715,98260771.16116165
963,50936.732168200026,10338.59641679007,582827666.5651379,98260771.16116165
964,50538.85113690138,9244.445542468868,492381646.82881486,98260771.16116165
965,45426.71289813319,5256.341638763999,257846389.39624557,98260771.16116165
966,44737.21589290069,5510.839841020645,287259382.89760476,98260771.16116165
967,49548.762516206465,8489.457555904966,497031720.626462,98260771.16116165
968,53269.05272024457,9334.037620918689,569550142.0868587,98260771.16116165
969,53636.53479529496,9890.716338912647,573924186.2388986,98260771.16116165
970,51978.889951750185,6363.369687121823,386465858.01632565,98260771.16116165
971,46215.15053879449,5513.777482327352,283368537.29986525,98260771.16116165
972,45161.1045483726,5355.468948982676,279827462.33983856,98260771.16116165
973,49278.69007864696,7970.14905981542,450793944.3898587,98260771.16116165
974,53470.708413656466,11056.924183257366,684003154.5558144,98260771.16116165
975,53218.783814651506,8628.710313705129,501877690.31964815,98260771.16116165
976,45258.39887343995,5660.4138462353,276780838.44006795,98260771.16116165
977,46216.76002293911,4764.145215673214,240699588.98433083,98260771.16116165
978,49831.09248965745,7370.094773212584,406027206.3897154,98260771.16116165
979,44964.33618542794,4601.425670903705,229832479.62371927,98260771.16116165
980,50596.37634858777,8195.244972195722,445979716.85988694,98260771.16116165
981,51022.93544868255,9237.317402271725,533245217.38216066,98260771.16116165
982,47282.97285353216,7180.519610556093,385164058.0173298,98260771.16116165
983,48153.072685192135,7292.573506324503,380050688.7936485,98260771.16116165
984,55276.53402192501,10033.326003307924,610633744.6333268,98260771.16116165
985,46617.182233902866,6451.391044098108,327070877.5055737,98260771.16116165
986,51897.729240355475,7301.785804280425,466201779.23572624,98260771.16116165
987,43191.53326160482,3744.893683712474,171318631.8368575,98260771.16116165
988,45521.94284105908,5454.567686872143,271371806.54923046,98260771.16116165
989,45294.48825216171,5869.90996146931,300916657.2956618,98260771.16116165
990,49114.28829278371,8217.675823826086,429007855.3016749,98260771.16116165
991,48533.8516298305,8093.32372407629,413783826.46681356,98260771.16116165
992,49306.23356867595,8182.251586086898,482111128.2703622,98260771.16116165
993,54332.56494432533,11078.2774300301,652457867.3007026,98260771.16116165
994,48610.38146759745,6210.4299072857,338066546.235925,98260771.16116165
995,51702.55619668788,10367.452903392314,604402643.6673232,98260771.16116165
996,46331.11562789894,5634.231627892948,292361278.0112124,98260771.16116165
997,47978.11881093933,7216.864838148646,396811100.09370244,98260771.16116165
998,43881.96713542471,4592.403824317384,218803235.81116357,98260771.16116165
999,45910.79937866,4693.1799492016,239045068.38567132,98260771.16116165
1000,48634.27906685628,6517.362986060858,380829313.62602454,98260771.16116165
1001,49412.787966473166,7177.150359134559,414084419.36577094,98260771.16116165
1002,45790.854822489055,6308.204941587416,313597317.4864691,98260771.16116165
1003,46443.28656826173,6325.7828341002605,345970790.8881953,98260771.16116165
1004,48726.16178574253,6397.022963613531,345968131.81055784,98260771.16116165
1005,46338.37614306602,6347.578137875304,319228343.8173124,98260771.16116165
1006,51781.04120640823,9305.810611039262,534329948.70528543,98260771.16116165
1007,45711.39468711208,5633.02427965115,275921782.06736475,98260771.16116165
1008,49629.597361344626,7368.80043012231,403133956.88105077,98260771.16116165
1009,49431.14137407909,7664.226392388776,421722518.7903646,98260771.16116165
1010,44959.53015943973,5284.390563165098,258230124.28997502,98260771.16116165
1011,48680.79399762673,7430.89363600564,392113856.7855977,98260771.16116165
1012,48647.966490037004,7326.940554579263,407900999.89967394,98260771.16116165
1013,53066.024085105164,9986.743828585633,600378375.8238161,98260771.16116165
1014,45759.77396934767,4644.367778215847,233878678.4737653,98260771.16116165
1015,46031.61998663696,4699.573743251616,239980574.43730593,97339003.58283731
1016,44235.99041782387,4604.38552020779,216783961.36878324,97339003.58283731
1017,46335.83048167233,5304.650771824132,275091920.2202879,97339003.58283731
1018,49455.85975085433,8929.124562119272,486570881.2554426,97339003.58283731
1019,43418.95754319855,4205.889315273536,198532634.9316653,97056884.68110098
1020,49433.48587223762,8223.983729928997,436068829.57290375,97056884.68110098
1021,49018.6163942362,7457.048382346674,401084860.99453795,97056884.68110098
1022,46494.57404739187,6556.722314789743,359240926.52476215,97056884.68110098
1023,47551.39897461527,6777.274888851907,352373292.96106666,97056884.68110098
1024,49949.539702058406,9157.922279353063,530073944.2901815,97056884.68110098
1025,45234.61575624246,5547.255856033341,273298356.79548407,97056884.68110098
1026,47806.29980376687,7096.496469566046,368442641.15109414,97056884.68110098
1027,48631.01657276802,8132.471069159437,454638143.71962804,97056884.68110098
1028,44089.964561282075,4641.339938044927,221258284.99767733,97056884.68110098
1029,47070.196493162075,6445.781647557148,354209141.4968512,97056884.68110098
1030,46613.422658648524,7217.097965640494,380954427.5639194,97056884.68110098
1031,47982.13715710479,6404.3550281110365,347921354.67434514,97056884.68110098
1032,47009.34972341171,6208.579174515847,322142170.0609777,97056884.68110098
1033,46575.822930124894,6323.5859912587675,327747068.1325889,97056884.68110098
1034,42860.244147310594,3533.769795101541,159528153.85303488,97056884.68110098
1035,50111.30118998002,7535.483870884297,474861712.55877864,97056884.68110098
1036,47193.94341109496,5564.61962023646,298481219.9109806,97056884.68110098
1037,49369.078349614014,7521.722458111282,449872063.47716445,96994210.58118282
1038,52010.61597253203,9959.389381251527,592329091.9303924,96994210.58118282
1039,45251.49381854489,5266.824250781812,297065057.9451077,96994210.58118282
1040,48195.727106811166,7309.693246625882,383847874.533882,96994210.58118282
1041,43766.35349522831,4487.371377678309,212884797.40120456,96994210.58118282
1042,44731.18456920867,4626.669959977914,228360100.6524225,96994210.58118282
1043,44730.38017932835,4516.71587789981,227615562.92602506,96994210.58118282
1044,47754.27659055418,7106.969461478028,400374467.7123946,96994210.58118282
1045,51832.927570685046,8213.265262608058,497840983.15602875,96994210.58118282
1046,52574.542620889704,11461.990323525324,675683586.3972768,96994210.58118282
1047,52643.08863301176,9727.724938709547,561523264.7614819,96994210.58118282
1048,48461.83167698954,8144.6357345412125,421331032.5985328,96994210.58118282
1049,48968.54501918917,7289.0126794851485,395003812.4959947,96994210.58118282
1050,48127.944196721124,7285.194427600089,384614259.13814914,96994210.58118282
1051,46461.16201119112,6556.692100722702,363595436.557297,96994210.58118282
1052,45922.276282245555,5580.27574477661,282686981.0504672,96994210.58118282
1053,45792.64743462488,6523.861710158377,337355264.79543144,96994210.58118282
1054,45798.825174006415,5607.048461664412,283700033.8952963,96994210.58118282
1055,53361.3688149762,10108.537149563826,584477489.5862949,96994210.58118282
1056,47676.62958829914,6465.209501700725,343331153.52319634,96994210.58118282
1057,45771.05388617793,5566.373828562585,284208183.7459831,96994210.58118282
1058,45540.994352687834,6280.770174468214,310592951.02677536,96994210.58118282
1059,49443.453004403826,8403.777089968178,445291689.6477769,96994210.58118282
1060,48487.56031611207,8008.344816818219,449329500.6689619,96994210.58118282
1061,46794.8558276785,7157.596800646308,383384029.72552526,96994210.58118282
1062,48323.92290473617,7331.709590545535,411097522.4335963,96994210.58118282
1063,51020.41564778635,7425.272409260293,459694536.67487365,96994210.58118282
1064,47200.2605419629,6496.603302386069,340451114.2000418,96994210.58118282
1065,48702.927519386234,8412.678563223097,455896249.1978685,96994210.58118282
1066,44915.81889575852,5513.680738388074,268295571.22150803,96994210.58118282
1067,47484.6494146933,7406.9218072980875,403334254.23140395,96362674.62225933
1068,51435.27996890845,9181.244637697473,538697505.3733686,96362674.62225933
1069,44260.39375556608,5229.3484596959615,254149433.0853238,96362674.62225933
1070,46800.053555350176,6555.300331953587,334272910.4990939,96362674.62225933
1071,50566.12364181453,9321.297426034816,538159521.1887667,96362674.62225933
1072,46659.85287651823,4903.36512726566,258507379.7910946,96362674.62225933
1073,49303.87308398327,8214.08853441801,454073842.5768186,96362674.62225933
1074,46453.87432381009,6567.759308421159,348384426.8780447,96362674.62225933
1075,49481.71210184161,8163.14903283506,458558221.2521273,96362674.62225933
1076,48837.316984316225,7218.868138074569,384027041.39583457,96362674.62225933
1077,50113.5998350107,6538.171210537985,376873793.3477425,96362674.62225933
1078,45056.3069456909,4622.954170984396,235119185.1829837,96362674.62225933
1079,50194.460772238104,8295.223850852366,450858476.3022153,96362674.62225933
1080,46852.365172255864,6483.087569080601,335544068.93496215,96362674.62225933
1081,49073.80807043933,8237.28424188719,476780114.44689214,96362674.62225933
1082,48146.187541090534,7177.028366242654,406466013.22350585,96362674.62225933
1083,50159.988157453314,7198.545495733682,408696413.1491374,96362674.62225933
1084,46845.47634820823,7304.07444432808,386950867.8592786,96362674.62225933
1085,49019.77345013201,8423.617602766122,458148158.817702,96362674.62225933
1086,44161.62527769844,4506.660422455621,212782714.75421882,96362674.62225933
1087,46260.22375857137,6285.631007554663,322677863.5422348,96159829.72392397
1088,51689.008586217125,9426.00339789634,568789302.6485434,96159829.72392397
1089,47554.819720634885,6487.485405958083,364107024.74712574,96159829.72392397
1090,42871.3397759841,3695.387282071891,167008614.7472307,96159829.72392397
1091,50096.506604805414,7255.551800280044,406792114.9911417,96159829.72392397
1092,49873.33793138973,8398.190678198582,449447969.95489055,96159829.72392397
1093,47479.66502549015,7426.405106445751,403727103.21663326,96159829.72392397
1094,45048.514953521975,5707.187264482734,296587592.0871421,96159829.72392397
1095,48561.160918197835,7495.937163912944,424273039.186329,96159829.72392397
1096,44100.279742819184,3880.3013678107045,190001469.19114733,96126025.23024458
1097,50138.27261380355,8084.819758123211,458142228.2074612,96126025.23024458
1098,51121.54257841075,8257.91491771112,458309380.2161335,96126025.23024458
1099,46329.970766054445,6328.05169241987,320343571.2787655,96126025.23024458
1100,50892.55782611564,9155.34859440421,557446194.3341691,96126025.23024458
1101,47177.62470670571,7284.310581035187,389800548.4458598,96126025.23024458
1102,46206.291532278505,5332.541808200577,273635547.3994483,92499825.7703054
1103,45717.94239373431,4435.497484714846,233123556.1895895,89971507.85147962
1104,45370.75886007204,5432.559382608379,284546897.06602,89971507.85147962
1105,47433.09198171468,6113.5935219388775,318282623.03697383,89971507.85147962
1106,50466.35666448609,8196.422667825445,474528168.95295936,89971507.85147962
1107,46504.419403567554,5329.131238787043,276675182.55488145,89481603.38120463
1108,48650.46708603799,7377.944817911567,409536321.3655052,89481603.38120463
1109,49322.78425284082,8409.108332807395,489648740.53413707,89481603.38120463
1110,46472.45546560084,5324.490346768073,275618760.11955035,89481603.38120463
1111,52711.617202198424,10416.155377719497,646705509.774385,89481603.38120463
1112,50437.79087203408,6228.7847976310495,413722786.2764433,89236882.62022953
1113,46364.755459680004,5370.506188064086,276585767.8908659,89236882.62022953
1114,48588.575216152814,8176.54289401456,440499737.34765863,89236882.62022953
1115,43088.70358820711,3691.9985860954744,169012162.38528296,89236882.62022953
1116,48486.94788540785,7359.461562834351,391508462.5165199,89236882.62022953
1117,46708.81571649345,6635.456557398505,349719943.3868394,89236882.62022953
1118,49052.17212954288,7158.979008010533,389270641.0827983,89236882.62022953
1119,47480.61628838489,7455.520912311402,401322753.64284647,89236882.62022953
1120,46662.61945226409,5703.045994129409,296777025.9510013,89236882.62022953
1121,44503.68198114123,3583.742762986676,176824278.84253943,89236882.62022953
1122,46614.80668526115,6234.219427606004,332720926.4025172,89236882.62022953
1123,46648.084565424906,5957.3809889677805,338924841.61426216,88416369.83422545
1124,48830.30899842351,8262.122123108973,450392440.4936803,88416369.83422545
1125,45551.4923176389,5470.223393613633,292766316.4433211,88416369.83422545
1126,45012.12145708925,4750.969578404491,237645543.60267335,88416369.83422545
1127,48813.55274989951,7091.177644678258,412713036.99058354,88416369.83422543
1128,45620.04393660506,5395.244904457044,275882468.48148906,88416369.83422543
1129,46180.603073837134,6222.0554224262205,311761015.9090681,88416369.83422543
1130,46892.69251056856,6440.937408701016,328748460.0858216,88416369.83422543
1131,43686.85972416405,4508.364061919356,212742183.4251837,88416369.83422543
1132,43544.83114936694,3473.1085884688064,172941019.75787026,88416369.83422542
1133,44709.50527562822,4495.556292902178,226624003.9346426,88416369.83422542
1134,48000.48941420411,7160.324923676269,372945902.36390895,88151081.83770375
1135,49206.63652402819,8320.659283664392,440269862.84725124,88151081.83770375
1136,46683.32102597424,5400.636110186293,280235077.1522656,88151081.83770375
1137,47534.005160216315,8013.778241288132,428971327.10037076,83322335.8702231
1138,42179.56322897185,3300.851513333735,148260053.60285595,83322335.8702231
1139,43699.929904847326,3523.0415840846663,172261057.75164014,83322335.8702231
1140,47996.09726711065,7258.846909406832,402271565.2674039,83220634.54897657
1141,44923.14164845497,5397.024532675154,281307482.19047546,83220634.54897657
1142,44928.4495920621,5297.301319202157,262276141.37219268,83220634.54897657
1143,52885.91528663253,8156.456073146573,512543451.6754371,83220634.54897657
1144,44622.0458340874,5402.829490656888,283323729.6894795,83220634.54897657
1145,46429.71334569363,7169.486372984225,358949054.7167304,83122692.94719751
1146,43089.514582111515,3221.8307172742993,158700056.72692147,83122692.94719751
1147,43675.798820651165,4410.157476586104,210098804.60057017,83122692.94719751
1148,45894.29913107927,5203.064373059273,269059964.1342743,83122692.94719751
1149,48698.99109430035,8083.8252269652485,421205158.5289508,83122692.94719751
1150,43839.43914939429,4195.104720202365,199399463.6241245,83122692.94719751
1151,45463.243972839264,4380.657010458978,270379313.3444467,83122692.94719751
1152,46744.1927464863,5529.16185034803,286074738.3910877,83122692.94719751
1153,46893.64775957957,6193.053110153951,325433004.0828287,83122692.94719751
1154,45490.8353603281,6204.152584227706,325676869.80125093,83122692.94719751
1155,42361.15662157922,3199.118964996377,144879980.9740993,83122692.94719751
1156,44468.419847961864,5370.7287743525885,262226435.96239862,83122692.94719751
1157,46801.18915920655,6322.987488840594,327252618.03248125,83122692.94719751
1158,49468.16373410164,8410.97043524235,442714174.8206145,83122692.94719751
1159,48358.52091698762,7232.939008320087,379844830.8314396,83122692.94719751
1160,50038.28290787223,8180.754764290932,482277932.4061853,83122692.94719751
1161,49530.722141801096,7117.767889633089,422287322.33852535,83122692.94719751
1162,49611.0339713843,8037.065901538035,429394445.6927515,83122692.94719751
1163,44498.02479158844,4378.426381920929,217717451.1916582,83060133.08666418
1164,48641.41887830147,7112.041319625119,411403200.74923044,83060133.08666418
1165,43392.016239132456,4325.719092292151,205046680.3344231,83060133.08666418
1166,46698.292773379675,7262.800022760127,386012933.89759356,83060133.08666418
1167,46459.19520999092,6443.200477327684,340592576.93401045,83060133.08666418
1168,46133.397866765044,5959.630198124809,307234068.6479968,83060133.08666418
1169,46816.29512883786,7204.768472646855,363724507.1859296,83060133.08666418
1170,52238.63051501605,9118.508517211472,509196184.59402704,83060133.08666418
1171,44469.13179882724,5223.088600695004,258324814.94369143,83060133.08666418
1172,48063.65348603451,7344.154216298319,383862763.31809944,83060133.08666418
1173,49456.61633632233,8096.941710725137,434397161.44113576,83060133.08666418
1174,46545.97009687943,7240.504378194912,359667188.9574849,83060133.08666418
1175,48880.03985494683,7144.787217081192,384737423.4737276,83060133.08666418
1176,43333.90431417255,4354.325885627495,204045486.6756851,83060133.08666418
1177,45699.778853471216,6269.8024075117455,332493154.91086346,83060133.08666418
1178,49093.525177889016,7266.247887771244,391689483.22779673,83060133.08666418
1179,47966.28698125315,5577.139642825537,314327318.59399635,83060133.08666418
1180,44693.75005301047,4501.913396638918,225593480.71987194,83060133.08666418
1181,46016.80741210538,6523.004982860157,325001937.2452401,83060133.08666418
1182,44258.48957917451,5037.513224215542,244511938.76974708,83060133.08666418
1183,47687.485335676465,7024.887992920418,367256737.43912303,83060133.08666418
1184,44613.7211973167,4350.659330517209,220670342.45134354,83060133.08666418
1185,44677.11249772733,5318.6432999686795,258541702.83357248,83060133.08666418
1186,47018.36686390793,6155.249545730073,319409380.4477242,83060133.08666418
1187,46203.77129278858,5281.961039520354,273696348.21975344,83060133.08666418
1188,48673.72257450753,6175.572024464059,346043874.05818665,83060133.08666418
1189,46752.92307521742,7053.865502928554,375810469.85077846,83060133.08666418
1190,46189.05413531035,6280.880604990996,313303069.82982755,83060133.08666418
1191,46015.402480083736,5245.934701298806,273869372.5535113,83060133.08666418
1192,48950.80563914826,7992.082104085624,440034176.5172809,83060133.08666418
1193,47837.34671304514,8189.208497880963,454238266.10589063,83060133.08666418
1194,46570.46534086669,5167.869212080039,278125972.4744579,83060133.08666418
1195,49764.711294336616,8267.383013443166,463219894.7113959,83060133.08666418
1196,46933.25192867868,7401.546455882509,371516073.2112555,83060133.08666418
1197,47184.16056530546,6191.910368959817,319299901.2668281,83060133.08666418
1198,47581.268486282555,6330.931382206922,334068196.70583,83060133.08666418
1199,47206.88841210409,7431.977915183359,378958938.9405967,83060133.08666418
1200,46873.772017372,6111.328130292039,315343288.5200148,83060133.08666418
1201,48979.91883872053,7237.374542822176,419109788.70781094,80678747.82904719
1202,45328.425752408,6231.6817460012,311318210.14755595,80678747.82904719
1203,41521.500277589264,2587.65160455858,107712592.57077911,80678747.82904719
1204,48224.09977363435,7237.075635332492,378236753.3767041,80678747.82904719
1205,44610.49646998843,5180.83417694643,251432125.80774388,80678747.82904719
1206,51672.184128649336,8186.339545561414,483510261.7851707,80678747.82904719
1207,44995.925179650985,6242.775817818512,326274643.1196912,80678747.82904719
1208,47420.23809080294,7212.845247234116,397280557.7756073,80678747.82904719
1209,44472.86600962097,5482.732925112182,265970919.9381054,80678747.82904719
1210,47570.22800234409,7906.548834183295,423531538.1421833,80678747.82904719
1211,48116.79065496744,8068.338563911799,431357927.52983105,80678747.82904719
1212,43741.394699581826,3551.757714162729,175893423.49079996,80678747.82904719
1213,45680.908747450754,6318.722459845429,313933413.37639135,80678747.82904719
1214,47563.7126347953,5116.17479464011,285768695.8640788,80678747.82904719
1215,44251.131483638135,5248.429927013148,256189563.28493947,80475086.80933468
1216,51674.63619082483,8823.10827995515,513948955.0453142,80475086.80933468
1217,45068.56256449077,5150.743585189867,262549464.49149913,80475086.80933468
1218,48287.39573212393,7079.308111760681,377834414.572982,80475086.80933468
1219,46067.63143885652,6452.867379947088,341606581.1404351,80475086.80933468
1220,41812.67998540748,3267.1783175772225,147341046.63224632,80379759.82006894
1221,46829.71215230567,6212.651582161247,321144676.5460527,80379759.82006894
1222,48766.439395530426,8267.396557621469,449802043.36831045,80379759.82006894
1223,46288.11121818075,7077.836871221941,371953568.5285181,80379759.82006894
1224,44094.20640102122,4392.260351620476,220329358.63032427,79028191.34194842
1225,44396.84986207752,4398.923290637295,221066295.10051885,79028191.34194842
1226,47587.98010429928,7150.628571768828,371514912.63198507,79028191.34194842
1227,53181.19678169902,11118.862471001306,655757188.355784,79028191.34194842
1228,49958.778586341956,9097.058401659056,495433474.0600174,79028191.34194842
1229,50765.361833492396,8213.995317990793,503147338.4604907,79028191.34194842
1230,48661.15900126904,8220.406306700701,448195820.3371638,79028191.34194842
1231,43622.58020024429,3664.820718135446,178222716.49736232,79028191.34194842
1232,45893.6060468651,6221.148451557989,317009545.3162226,79028191.34194842
1233,48484.701130527515,9046.587090582312,481175898.9526083,79028191.34194842
1234,44099.857259772,5247.880854675809,251812194.27794656,79028191.34194842
1235,51316.95931504011,9918.273421121705,546220024.5054777,79028191.34194842
1236,44444.94347736622,4441.607381869622,223187647.58667403,79028191.34194842
1237,47670.17340868718,6327.774165259738,337809837.0648674,79028191.34194842
1238,45725.372819444434,5359.202231472003,274509753.86791,79028191.34194842
1239,43874.50385106505,5461.613144489893,276865729.9149365,79028191.34194842
1240,42336.66587559632,3481.7656982385292,155318699.70102087,79028191.34194842
1241,43528.37487137135,3418.0392798149282,166653875.5783937,79028191.34194842
1242,47984.92804231249,6313.676768280999,333831952.1863642,79028191.34194842
1243,47366.28702855269,7209.146022766292,405489261.58912545,79028191.34194842
1244,50564.38604074628,8214.08301555556,480638484.56596327,79028191.34194842
1245,48331.33617097149,8173.96868100716,444643518.36165285,79028191.34194842
1246,47437.530761772316,8049.545281287797,427160918.48147,77246137.19350685
1247,45452.9188036055,5287.294826965545,270098648.67880315,77246137.19350685
1248,46607.324823295814,6312.728676619007,322586732.84472823,77246137.19350685
1249,45270.73730896578,6141.32812525318,300682695.1618012,77246137.19350685
1250,48548.627748442996,8000.816216180276,437862082.9898515,77246137.19350685
1251,42964.92950112963,4303.033834304271,202099803.36359447,77246137.19350685
1252,51641.12168827613,8214.301933139257,505211282.5423277,77246137.19350685
1253,47551.768052448715,8049.150538952736,410680633.11709225,77246137.19350685
1254,51122.10150111888,8930.305006467976,482113345.7208115,77246137.19350685
1255,47913.08993489155,7229.407095497268,376645544.52067196,77246137.19350685
1256,48953.93259268282,8121.955101353882,429421730.1679765,77246137.19350685
1257,44372.202629225576,5452.663405993544,263640176.4968986,77246137.19350685
1258,49766.16053525124,7870.957606163943,470047626.01082975,77246137.19350685
1259,50843.73548185469,8944.814079980739,510640128.3826884,77246137.19350685
1260,47699.56118543661,7155.697400349236,393311324.02142656,77246137.19350685
1261,42356.83808594976,3357.8263063744043,150902056.4013649,77246137.19350685
1262,45573.66903702261,4593.9060183078545,240630659.91994804,77246137.19350685
1263,43045.67547612682,4158.617106202419,195885242.32242382,77246137.19350685
1264,50471.00965433046,11027.599361889483,626126830.0337484,77246137.19350685
1265,45169.618051543344,6114.895913675375,303492336.7002738,77246137.19350685
1266,53821.348620864665,10218.651140349079,579321114.9969536,77246137.19350685
1267,47630.396154806076,7248.099227121676,379161864.2616595,77246137.19350685
1268,50346.69799879074,9079.645984683291,559683623.4912074,77246137.19350685
1269,46193.56024431854,7084.633160857923,356273596.8437038,77246137.19350685
1270,47614.781054604246,6104.540542824119,331017677.20268345,77246137.19350685
1271,48460.9435356926,8228.20695203364,428701676.7178357,77246137.19350685
1272,48307.16592764525,7805.507629489507,438651888.55837375,77246137.19350685
1273,51740.45210775421,9066.488833789992,527957265.94086456,77246137.19350685
1274,47869.642091382375,6323.684684500225,345617266.7643963,77246137.19350685
1275,47232.126438135696,6281.413645858793,337841898.4574741,77246137.19350685
1276,46208.46316052806,6188.246553679021,318294629.12255746,77246137.19350685
1277,45718.92778821555,5203.017130366778,266972981.58819634,77246137.19350685
1278,45779.23557070281,5415.496467905207,282585864.41672087,77246137.19350685
1279,47076.31161037988,7040.60921192916,381368841.60017526,77246137.19350685
1280,48265.10453325974,7076.445684520865,380516673.30147266,77246137.19350685
1281,46026.15919680674,7312.046181365806,361661163.8465057,77246137.19350685
1282,47395.528059137214,8113.834079060352,425987842.5758068,77246137.19350685
1283,45848.285768519054,4322.844874231485,288258840.9742533,77246137.19350685
1284,46148.42024946591,5920.664426185572,304063389.0129389,77246137.19350685
1285,48844.51431217591,8057.435329924398,458610282.40502864,77246137.19350685
1286,54036.19770475943,8105.790802932026,530603786.72744095,77246137.19350685
1287,44076.92012164967,5088.376735511805,246694130.22402635,77246137.19350685
1288,50906.17468047656,9967.78657070632,558667580.9135592,77246137.19350685
1289,50738.888643333994,7982.023444053282,482610262.9154533,77246137.19350685
1290,41289.55956198983,2449.5463897256845,101572212.62340666,77246137.19350685
1291,48642.6674375068,7285.277557083633,391174618.3061924,77246137.19350685
1292,49704.687437729255,8212.53195689911,440248161.4872077,77246137.19350685
1293,47703.42529348419,7221.371003080807,376861500.65335685,77246137.19350685
1294,46543.17884296495,5175.641261014703,280708531.0473628,77246137.19350685
1295,47254.041071346786,7966.22425992312,421632172.52385247,77246137.19350685
1296,51166.75076713266,9187.073171487164,502130594.48970383,77246137.19350685
1297,49576.70236374315,9056.95497889362,506920298.74142486,77246137.19350685
1298,43802.101256101385,3517.860275942814,173830040.02235672,77246137.19350685
1299,50250.19539683188,8244.583818892444,471627965.6052369,77246137.19350685
1300,45762.25654095331,5309.414602402973,272737116.0414049,77246137.19350685
1301,46216.5126542088,6080.0003047932205,305647797.25182754,77246137.19350685
1302,45400.10329410017,5233.070855028219,268288943.13460097,77246137.19350685
1303,44187.19062703323,4385.676950105394,209057492.05871907,77246137.19350685
1304,48589.61927149857,9202.448571140416,492004329.65481627,77246137.19350685
1305,49583.66154281089,8884.921547702124,499004705.93328667,77246137.19350685
1306,49962.40106473589,7116.5523417207605,399595511.6550043,77246137.19350685
1307,55694.819512124326,10075.944826070807,636056114.00959,77246137.19350685
1308,45564.46712925977,6129.484683476168,306234422.11905384,77246137.19350685
1309,46705.923943942726,7280.56083535987,367310043.45298225,77246137.19350685
1310,42535.74676278656,3616.783346589645,161417642.51691872,77246137.19350685
1311,46930.644479985815,6352.508750887554,328280903.49599564,77246137.19350685
1312,48745.575776887905,8977.353159034665,459677872.11558837,77246137.19350685
1313,42662.98069092657,3424.0965644797716,155697650.90659618,77246137.19350685
1314,46203.73247426334,6141.22997463631,347973138.5960821,77246137.19350685
1315,48051.847864183714,7928.386786341833,408892515.987293,77246137.19350685
1316,40790.213422132656,2350.7965947101034,96117224.06965002,77246137.19350685
1317,50396.47018556362,7548.665198826388,430073022.37150115,77246137.19350685
1318,44979.59749607969,5193.861651074615,264390779.81474996,77246137.19350685
1319,44820.470093877506,5128.734558163647,258644660.90476543,77246137.19350685
1320,45059.337439499635,5242.609778636464,303639060.1736022,77246137.19350685
1321,47069.09120221167,7114.222317805319,368563842.3103979,77246137.19350685
1322,42428.67085285323,3436.091348090749,153017863.95835072,77246137.19350685
1323,48383.80051816914,8118.923434517943,443010746.3938433,77246137.19350685
1324,43022.133853720356,4185.678595835039,197183060.55562,77246137.19350685
1325,43737.759753787876,4180.946233369828,201270264.5037924,77246137.19350685
1326,45662.9053656177,6137.37753076186,331150366.69143796,77246137.19350685
1327,51252.48565888624,9871.473940858048,548141881.5018084,77246137.19350685
1328,43296.45368130627,4275.12219853716,203315478.66483667,77246137.19350685
1329,49569.56444747719,7845.661390349391,465171913.17102325,77246137.19350685
1330,50881.837225241026,8796.410072476458,499638001.1064313,77246137.19350685
1331,42685.896559486246,3363.2375841001185,152378456.45593947,77246137.19350685
1332,48526.06582630395,7299.667582852069,418148782.9020027,77246137.19350685
1333,48160.051718584335,7259.165365025959,408384555.85022444,77246137.19350685
1334,45396.46134659818,5209.377667900926,268120212.91302013,77246137.19350685
1335,48649.51585600909,7037.1897524001415,434485644.7824915,77246137.19350685
1336,43961.17529810309,5174.078509409512,251689205.9107483,77246137.19350685
1337,43530.679245860585,3992.758508149293,198682360.82110387,77246137.19350685
1338,47301.82398380665,6238.517317767664,334703766.3960551,76982294.16167906
1339,49676.2842484783,8184.32541544134,461332237.8919741,76982294.16167906
1340,47945.5007022128,6264.369420690584,345806781.7600669,76982294.16167906
1341,44566.24551541648,5322.283639431607,258173667.237255,76982294.16167906
1342,45748.155704107645,6224.5427791305365,337221698.589292,76982294.16167906
1343,47427.15382699058,8289.6586506058,433701625.7649948,76982294.16167906
1344,51252.06480658384,8083.696000308312,453714017.6100879,76982294.16167906
1345,44958.41075538541,4479.001786938515,239670651.27981997,76982294.16167906
1346,49112.92918289082,10056.904396027769,530343629.3831576,76982294.16167906
1347,44105.3278193416,5241.2860005781085,253420596.9910857,76982294.16167906
1348,43096.41677773894,4402.25285127782,225450883.6959249,76982294.16167906
1349,48958.49016231758,9042.129678131669,482106440.0748571,76982294.16167906
1350,49139.921615774176,7158.525355986599,396008922.87270385,76982294.16167906
1351,47743.919264917015,6419.728243146584,342650781.2235957,76982294.16167906
1352,54138.0300024456,8215.39882220596,496648360.08730936,76982294.16167906
1353,48351.52350851445,7326.264401143229,389246599.1391597,76982294.16167906
1354,45041.49536440868,5274.268229324708,258702816.31903714,76982294.16167906
1355,44626.84680150204,5210.918692990661,292764188.8908712,76982294.16167906
1356,53347.12078312843,9015.928423458556,550361544.502084,76982294.16167906
1357,43237.84262856427,4431.11876453858,207528222.45449835,76982294.16167906
1358,43094.40415574882,4223.212852042792,200427982.9964508,76982294.16167906
1359,49713.20049146629,8266.225006043514,446175968.20682144,76982294.16167906
1360,46250.52831855384,6117.975489536816,316534934.86257064,76982294.16167906
1361,42700.75229396741,4211.471813166127,198756812.187407,76982294.16167906
1362,46469.93127247906,6052.873836235328,312763772.13454694,76982294.16167906
1363,46269.94514552864,7243.09721870757,382235832.89070594,76982294.16167906
1364,45582.04238733073,5233.315133554281,299226793.4357075,76982294.16167906
1365,45185.86600389584,6039.042287632736,332801890.29809815,76982294.16167906
1366,47169.86377332133,6268.952704918953,335616702.9546391,76936323.90978695
1367,46371.202546421744,7316.043375020627,383505621.68160635,76936323.90978695
1368,49020.46944556386,6358.848892126994,359043752.9935948,76936323.90978695
1369,47416.3799638522,7478.535317086025,401544369.4176761,76936323.90978695
1370,45029.5919242644,6169.418525583987,322716104.9892522,76936323.90978695
1371,53347.902896261214,11131.10324346323,635673572.3010446,76936323.90978695
1372,49998.98877039128,8194.13058664382,461551334.0837286,76936323.90978695
1373,47031.150629167365,7391.457627371239,380021310.1117133,76936323.90978695
1374,48227.31216532593,7440.36308203682,414366120.7931096,76936323.90978695
1375,48833.21041869647,6961.980777838932,380383585.5650984,76754649.62978557
1376,45776.0187599716,5441.444090740365,305765653.0034069,76754649.62978557
1377,49708.68964120315,9208.550235011544,503232507.2497981,76754649.62978557
1378,45206.22304499177,5314.060363033841,268275126.227534,76754649.62978557
1379,49175.86662285334,7168.077121582673,417622484.6135479,76754649.62978557
1380,46598.718798616406,5230.911516558536,280786345.21040714,76754649.62978557
1381,49440.03785920295,8148.873388428421,469567193.9702732,76754649.62978557
1382,46108.4266838242,7270.230769161904,363798424.8396424,76754649.62978557
1383,45853.20689603301,7066.208148659169,371580176.9659819,76754649.62978557
1384,44108.256676576755,5201.018299039293,251863489.37263912,76754649.62978557
1385,45177.11020718426,5253.57809145369,264947920.96036354,76754649.62978557
1386,43942.63432320407,4327.989072336202,215711750.8615319,76754649.62978557
1387,47368.44423690016,7259.94755807322,377457007.09434223,76754649.62978557
1388,48157.87824045021,7993.422044104603,414843712.1924933,76754649.62978557
1389,51771.74321622476,10158.230456025192,609091702.8781888,76754649.62978557
1390,47347.01919274347,6285.452903908548,334677860.9303935,76754649.62978557
1391,49608.47715972859,7118.728130602799,447071651.29969406,76754649.62978557
1392,47330.393408127886,6242.099199122543,331850280.18683374,76754649.62978557
1393,46794.93021976133,6087.97145770179,319225785.27803874,76754649.62978557
1394,48410.48760422985,7281.904728606138,391809036.5153252,76754649.62978557
1395,44913.545920350756,5287.228468808606,268155973.53909063,76754649.62978557
1396,44851.27788303515,5195.616443374103,256278663.216467,76754649.62978557
1397,46969.571672099286,6348.890957443853,327545542.21854055,76754649.62978557
1398,49792.348283380175,8178.70710150849,504146580.5079738,76754649.62978557
1399,43288.44094375022,3411.2990039370475,167477296.24182564,76754649.62978557
1400,48313.95426415012,5369.595126485007,313303541.87603056,76754649.62978557
1401,42648.23737787317,4277.346633070199,198745309.05149442,76754649.62978557
1402,50536.60800751579,8212.42485758374,457273509.3986144,76754649.62978557
1403,47223.835043199615,7296.364319892816,372981186.46838945,76754649.62978557
1404,48070.29747891221,7308.959051310817,395385586.9600591,76754649.62978557
1405,50549.19050551635,8255.631395344622,456401477.26048374,76754649.62978557
1406,47984.98990561375,8184.164716391993,437454260.37374336,76754649.62978557
1407,49115.036047847854,8899.798015575285,501442891.98490846,76754649.62978557
1408,45039.78287893876,6228.059640843019,324125733.250882,76754649.62978557
1409,43733.029994532895,5243.566538483782,249742685.1866912,76754649.62978557
1410,46472.48758729458,6182.987045445071,324227117.60078806,76754649.62978557
1411,44449.40920585213,5059.6777377184835,246840776.87939662,76754649.62978557
1412,46286.063094170204,7247.10425655349,385748785.6975924,76754649.62978557
1413,43939.604700227195,5165.543073476417,250536933.6226307,76754649.62978557
1414,45177.35750428042,6083.191710003414,299375120.83219206,76754649.62978557
1415,49728.842352141226,8927.39158922772,471240528.85144025,76754649.62978557
1416,41823.82785622207,3521.3148528046927,157078332.7200613,76754649.62978557
1417,44084.04473549621,5275.31979873963,273011227.6169179,76754649.62978557
1418,45695.109858080934,5552.677246524983,282889207.49279535,76754649.62978557
1419,49056.73008938836,8214.458602603236,453621514.5367386,76754649.62978557
1420,41366.33536002197,3176.1878976210137,141042664.60476956,76754649.62978557
1421,47178.61758920888,6201.800630303633,331271242.77143276,76754649.62978557
1422,50413.46076664621,8508.429565681166,466398112.6509057,76754649.62978557
1423,45494.25563421597,5233.098186705369,270318241.03096896,76754649.62978557
1424,46356.23717021639,6221.903167433414,321966477.56402624,76754649.62978557
1425,42692.20908053495,4217.491487519932,198268106.24943247,76031131.93447441
1426,45530.16893702874,6277.674248021557,337934529.27030146,76031131.93447441
1427,43309.59607483229,4310.686890168237,211702192.41111565,76031131.93447441
1428,45038.96672245177,6282.62584031009,310222415.42428565,76031131.93447441
1429,45214.39158609879,6091.594137580598,300600514.1723074,76031131.93447441
1430,46876.30801679676,7083.396672385663,363595290.9467923,76031131.93447441
1431,46210.6829774927,7028.40908565941,356958332.3287358,76031131.93447441
1432,48742.30615764932,9315.932995250489,480452803.89375323,76031131.93447441
1433,49237.17284656293,8895.672213287877,461867872.88005847,76031131.93447441
1434,44769.9542197975,6092.124783618363,295360820.74166965,76031131.93447441
1435,43096.338272124834,5203.519938159858,245930004.6038262,76031131.93447441
1436,48937.16269409105,9015.1236388421,515853465.84569615,76031131.93447441
1437,50381.9306029616,9978.65043069587,589009852.05006,76031131.93447441
1438,43482.49406754869,4411.348149616622,219819548.22413594,76031131.93447441
1439,56733.77728828533,11018.216869651797,685751564.1880815,76031131.93447441
1440,50425.109673714396,7305.199694491579,419165012.3341137,76031131.93447441
1441,49455.18914558504,9212.361917184475,505274803.99534285,76031131.93447441
1442,40921.85406400295,3291.4662217298437,143809787.68344763,76031131.93447441
1443,51371.63005053404,7385.418990927714,433620756.1080942,76031131.93447441
1444,46951.03469391186,7205.562380996652,372555870.04438764,76031131.93447441
1445,48241.78165731356,7337.8824105047,406779349.3413129,76031131.93447441
1446,47406.658320592316,7256.239459478253,375019185.2886063,76031131.93447441
1447,45354.699258444205,5916.860953602006,299163564.4059694,76031131.93447441
1448,45665.12409732093,6192.741620842718,313272510.8885685,76031131.93447441
1449,46443.08058289034,5353.805475323032,289959672.0570302,76031131.93447441
1450,42491.80633237875,4214.261880589571,198462355.55416268,76031131.93447441
1451,42714.07306980863,4292.893753551206,196810630.33752233,76031131.93447441
1452,46737.40401280878,6083.092130345345,324465765.0381566,76031131.93447441
1453,43809.507808932234,5288.250656876328,252884506.34016323,76031131.93447441
1454,45459.095826543125,6292.438890165225,318120017.7745803,76031131.93447441
1455,45807.2219873351,5197.073847830288,303143789.90878904,76031131.93447441
1456,43296.75797874084,5066.5149809640025,239796282.72562185,76031131.93447441
1457,45914.41772327491,7002.818961922026,368644292.88348883,76031131.93447441
1458,47063.34012125932,7193.990518376,370523098.67290175,76031131.93447441
1459,43618.29441054871,5306.713301968245,252933325.8570911,76031131.93447441
1460,43558.336402736444,5168.16539219906,247130932.43027753,76031131.93447441
1461,45658.48140381099,5341.466118028506,305889028.70094717,76031131.93447441
1462,47939.40323182569,8999.679394401719,499487244.7878005,76031131.93447441
1463,46020.49443300935,6401.493239915142,331544235.3310506,76031131.93447441
1464,47090.59537901438,6156.9716855491515,325726095.2875344,76031131.93447441
1465,46914.6458082241,7374.741980563449,378109007.8497828,76031131.93447441
1466,42719.88845272058,4353.681329920968,205752848.10275656,76031131.93447441
1467,44323.46788066467,5981.6899815698835,293336102.22299904,76031131.93447441
1468,44909.81378481499,6282.47750248985,307315571.8085877,76031131.93447441
1469,45594.70621895483,6097.500056557865,310877677.28184736,76031131.93447441
1470,43260.80079453492,5330.576508207849,254182277.41002053,76031131.93447441
1471,41629.33231121198,3537.2561590613477,156840083.9370296,76031131.93447441
1472,44616.072678874814,6036.422914891853,293464535.7593499,76031131.93447441
1473,44327.8942633305,5390.388416390204,266772056.50837725,76031131.93447441
1474,46834.25035211792,6678.422646088412,343915893.60896444,76031131.93447441
1475,43558.51769506076,5210.150658581045,252520341.4441707,76031131.93447441
1476,46797.57151304745,6287.910478412918,330342176.788062,76031131.93447441
1477,44878.06570529255,4179.888482712871,222674181.35764632,76031131.93447441
1478,45678.50614456642,6091.683897613106,308503041.67326605,76031131.93447441
1479,43134.92618360892,3645.7233867495074,178597314.07213134,76031131.93447441
1480,41541.90703329415,3310.522084176445,147817197.70678625,76031131.93447441
1481,45211.57053728244,6354.540230240392,311717027.0931462,76031131.93447441
1482,45488.90507300274,5164.156741671328,272329127.52440137,76031131.93447441
1483,48176.45542008472,5587.952834476769,340980233.25304055,76031131.93447441
1484,52594.17951124998,9030.187801274327,561667999.914087,75610201.33496757
1485,48775.31835458988,5489.485787431866,328437982.7542117,75610201.33496757
1486,50664.87470455201,8042.237428776045,499982108.3048035,75610201.33496757
1487,51067.374283753255,8152.278563614529,518004077.3340724,75610201.33496757
1488,44023.29619768077,4349.706944659998,247905847.7302929,75610201.33496757
1489,46217.90443385103,6304.382364724863,321357989.55391276,75610201.33496757
1490,45423.42306563764,6175.975780358306,333167687.66042674,75610201.33496757
1491,45702.70716080085,5378.186542180091,284090417.14496946,75610201.33496757
1492,41826.00893503877,3458.685679099872,156555221.55163682,75610201.33496757
1493,43131.9265555133,5147.591867859897,244078041.48129606,75610201.33496757
1494,49271.76695484986,9113.594378416728,524594094.4870043,75610201.33496757
1495,43351.45925029572,5193.16491428517,245048192.1824556,75610201.33496757
1496,45722.33036652955,6360.107165686547,326269793.6728189,75610201.33496755
1497,42483.67681227196,4429.48206742396,205276300.94129014,75610201.33496755
1498,50218.6896298147,7298.758240608784,446766966.3354198,75610201.33496755
1499,42119.67201560142,4105.685713977439,189435983.05515355,75610201.33496755
